# Time-averaged data for fix myat1
# TimeStep v_xave v_xdes
7990100 24.1348 24
7990200 24.3177 24
7990300 24.5433 24
7990400 24.6671 24
7990500 24.4694 24
7990600 24.1688 24
7990700 24.2033 24
7990800 24.0895 24
7990900 23.8531 24
7991000 23.7809 24
7991100 23.7394 24
7991200 23.7989 24
7991300 24.0001 24
7991400 24.1955 24
7991500 24.0443 24
7991600 23.9139 24
7991700 23.8431 24
7991800 23.6985 24
7991900 23.9451 24
7992000 24.4967 24
7992100 24.7231 24
7992200 24.8468 24
7992300 24.4999 24
7992400 24.1273 24
7992500 23.9457 24
7992600 23.9612 24
7992700 23.8079 24
7992800 23.4015 24
7992900 23.331 24
7993000 23.6164 24
7993100 24.1302 24
7993200 24.6637 24
7993300 24.8934 24
7993400 25.0506 24
7993500 25.0024 24
7993600 24.4881 24
7993700 24.0767 24
7993800 23.8553 24
7993900 23.8366 24
7994000 23.7917 24
7994100 23.9065 24
7994200 24.0555 24
7994300 24.3277 24
7994400 24.4475 24
7994500 24.393 24
7994600 24.439 24
7994700 24.5004 24
7994800 24.5873 24
7994900 24.2467 24
7995000 23.8843 24
7995100 23.6686 24
7995200 23.3812 24
7995300 23.3302 24
7995400 23.6705 24
7995500 24.0715 24
7995600 24.3553 24
7995700 24.3999 24
7995800 24.3009 24
7995900 23.8589 24
7996000 23.6261 24
7996100 23.7728 24
7996200 23.9405 24
7996300 23.894 24
7996400 24.0091 24
7996500 24.3099 24
7996600 24.3579 24
7996700 24.0481 24
7996800 23.7793 24
7996900 23.612 24
7997000 23.6523 24
7997100 23.5118 24
7997200 23.1851 24
7997300 22.9845 24
7997400 22.9914 24
7997500 23.251 24
7997600 23.6306 24
7997700 24.0991 24
7997800 24.2861 24
7997900 24.3564 24
7998000 24.4935 24
7998100 24.6501 24
7998200 24.9531 24
7998300 25.2159 24
7998400 25.1272 24
7998500 24.916 24
7998600 24.7241 24
7998700 24.3686 24
7998800 23.913 24
7998900 23.5864 24
7999000 23.3735 24
7999100 23.2711 24
7999200 23.3353 24
7999300 23.6258 24
7999400 24.0277 24
7999500 24.2258 24
7999600 24.0387 24
7999700 23.5514 24
7999800 23.3758 24
7999900 23.4558 24
8000000 23.7829 24
8000100 24.0513 24
8000200 23.7467 24
8000300 23.2752 24
8000400 23.3449 24
8000500 23.7855 24
8000600 23.9697 24
8000700 24.0629 24
8000800 24.0296 24
8000900 23.6399 24
8001000 23.2751 24
8001100 23.5228 24
8001200 24.1172 24
8001300 24.2363 24
8001400 23.9826 24
8001500 23.6996 24
8001600 23.5556 24
8001700 23.4884 24
8001800 23.4169 24
8001900 23.5394 24
8002000 24.0781 24
8002100 24.1374 24
8002200 23.823 24
8002300 23.6098 24
8002400 23.7578 24
8002500 24.1883 24
8002600 24.2994 24
8002700 24.0201 24
8002800 23.5691 24
8002900 23.2176 24
8003000 23.1562 24
8003100 23.4339 24
8003200 24.3246 24
8003300 25.0767 24
8003400 25.5366 24
8003500 25.3717 24
8003600 24.7993 24
8003700 24.2647 24
8003800 23.9341 24
8003900 23.5694 24
8004000 23.6359 24
8004100 23.9348 24
8004200 24.1215 24
8004300 23.9902 24
8004400 23.7033 24
8004500 23.8284 24
8004600 23.8996 24
8004700 23.8578 24
8004800 23.8914 24
8004900 23.9991 24
8005000 24.1218 24
8005100 23.882 24
8005200 23.5976 24
8005300 23.4284 24
8005400 23.5863 24
8005500 24.0237 24
8005600 24.2238 24
8005700 24.151 24
8005800 24.0831 24
8005900 23.992 24
8006000 23.8 24
8006100 23.4524 24
8006200 23.2358 24
8006300 23.3593 24
8006400 23.6741 24
8006500 23.8917 24
8006600 24.0449 24
8006700 23.9968 24
8006800 23.902 24
8006900 24.0002 24
8007000 24.2485 24
8007100 24.5536 24
8007200 24.4471 24
8007300 24.0785 24
8007400 23.8265 24
8007500 23.9207 24
8007600 24.2546 24
8007700 24.5874 24
8007800 24.5881 24
8007900 24.4516 24
8008000 24.4306 24
8008100 24.2907 24
8008200 24.0957 24
8008300 23.9638 24
8008400 24.031 24
8008500 24.2084 24
8008600 24.1848 24
8008700 24.0521 24
8008800 23.8803 24
8008900 23.8409 24
8009000 23.6401 24
8009100 23.3202 24
8009200 23.2695 24
8009300 23.7366 24
8009400 24.2809 24
8009500 24.4467 24
8009600 24.2865 24
8009700 24.0938 24
8009800 23.8746 24
8009900 23.7402 24
8010000 23.6694 24
8010100 23.8237 24
8010200 23.9647 24
8010300 24.051 24
8010400 24.0584 24
8010500 24.1557 24
8010600 24.2007 24
8010700 24.199 24
8010800 23.8677 24
8010900 23.4491 24
8011000 23.421 24
8011100 23.536 24
8011200 23.7692 24
8011300 24.0738 24
8011400 24.2877 24
8011500 23.9024 24
8011600 23.2873 24
8011700 23.1483 24
8011800 23.3805 24
8011900 23.7485 24
8012000 24.0742 24
8012100 24.1693 24
8012200 23.9548 24
8012300 23.8678 24
8012400 24.0059 24
8012500 24.3137 24
8012600 24.4683 24
8012700 24.4123 24
8012800 24.3491 24
8012900 24.4193 24
8013000 24.2492 24
8013100 24.0684 24
8013200 24.0171 24
8013300 23.8482 24
8013400 23.7971 24
8013500 23.8482 24
8013600 24.2105 24
8013700 24.8994 24
8013800 25.5297 24
8013900 25.6773 24
8014000 25.116 24
8014100 24.3753 24
8014200 23.9304 24
8014300 23.6556 24
8014400 23.4343 24
8014500 23.4398 24
8014600 23.6598 24
8014700 23.9498 24
8014800 24.1365 24
8014900 24.0437 24
8015000 23.8701 24
8015100 23.7517 24
8015200 23.5972 24
8015300 23.5897 24
8015400 23.7886 24
8015500 24.1188 24
8015600 24.4647 24
8015700 24.6351 24
8015800 24.7729 24
8015900 24.9065 24
8016000 24.9496 24
8016100 24.8972 24
8016200 24.5084 24
8016300 23.8306 24
8016400 23.44 24
8016500 23.421 24
8016600 23.5933 24
8016700 24.0818 24
8016800 24.4546 24
8016900 24.4913 24
8017000 24.534 24
8017100 24.4869 24
8017200 24.2482 24
8017300 23.9346 24
8017400 23.6529 24
8017500 23.4886 24
8017600 23.6003 24
8017700 23.9584 24
8017800 24.1829 24
8017900 24.1479 24
8018000 24.219 24
8018100 24.1624 24
8018200 24.0025 24
8018300 23.8431 24
8018400 23.9238 24
8018500 24.1971 24
8018600 24.5149 24
8018700 24.7893 24
8018800 24.6486 24
8018900 24.2503 24
8019000 23.7507 24
8019100 23.352 24
8019200 23.6469 24
8019300 24.4171 24
8019400 24.9702 24
8019500 24.9222 24
8019600 24.4023 24
8019700 23.9271 24
8019800 23.4784 24
8019900 23.2769 24
8020000 23.2611 24
8020100 23.4282 24
8020200 23.7119 24
8020300 24.0743 24
8020400 24.1861 24
8020500 24.1604 24
8020600 24.1386 24
8020700 23.9972 24
8020800 23.859 24
8020900 24.0035 24
8021000 23.9277 24
8021100 23.7929 24
8021200 23.6034 24
8021300 23.6538 24
8021400 24.0486 24
8021500 24.1294 24
8021600 24.0587 24
8021700 24.0074 24
8021800 23.8649 24
8021900 23.7309 24
8022000 23.8674 24
8022100 24.1775 24
8022200 24.2447 24
8022300 24.2449 24
8022400 24.3012 24
8022500 24.1396 24
8022600 24.099 24
8022700 24.2688 24
8022800 24.289 24
8022900 24.5211 24
8023000 24.7879 24
8023100 24.7208 24
8023200 24.418 24
8023300 23.8893 24
8023400 23.2973 24
8023500 22.9116 24
8023600 23.0412 24
8023700 23.1922 24
8023800 23.5256 24
8023900 24.1528 24
8024000 24.8731 24
8024100 24.9528 24
8024200 24.7576 24
8024300 24.6467 24
8024400 24.3449 24
8024500 23.9778 24
8024600 23.8795 24
8024700 23.8866 24
8024800 23.865 24
8024900 24.0236 24
8025000 24.2782 24
8025100 24.3701 24
8025200 24.0415 24
8025300 23.7058 24
8025400 23.6966 24
8025500 23.8844 24
8025600 23.927 24
8025700 23.7406 24
8025800 23.4972 24
8025900 23.3975 24
8026000 23.7987 24
8026100 24.0582 24
8026200 23.9267 24
8026300 23.6303 24
8026400 23.6364 24
8026500 24.1028 24
8026600 24.5643 24
8026700 24.775 24
8026800 24.8349 24
8026900 24.7726 24
8027000 24.6685 24
8027100 24.3147 24
8027200 24.025 24
8027300 23.7668 24
8027400 23.5672 24
8027500 23.7393 24
8027600 24.3071 24
8027700 24.7182 24
8027800 24.7261 24
8027900 24.286 24
8028000 23.8796 24
8028100 23.8694 24
8028200 23.7611 24
8028300 23.6077 24
8028400 23.528 24
8028500 23.5961 24
8028600 23.8434 24
8028700 23.9901 24
8028800 23.9421 24
8028900 23.9489 24
8029000 24.2272 24
8029100 24.4003 24
8029200 24.118 24
8029300 23.5453 24
8029400 23.3922 24
8029500 23.4691 24
8029600 23.5247 24
8029700 23.9278 24
8029800 24.2019 24
8029900 24.1993 24
8030000 24.2339 24
8030100 24.3571 24
8030200 24.4108 24
8030300 24.528 24
8030400 24.2918 24
8030500 24.2131 24
8030600 24.3602 24
8030700 24.4035 24
8030800 24.4279 24
8030900 24.2082 24
8031000 23.8921 24
8031100 23.9209 24
8031200 23.8954 24
8031300 23.5546 24
8031400 23.3824 24
8031500 23.6607 24
8031600 23.969 24
8031700 24.2111 24
8031800 24.5152 24
8031900 24.8149 24
8032000 24.7154 24
8032100 24.3376 24
8032200 24.0317 24
8032300 23.8715 24
8032400 23.9299 24
8032500 24.115 24
8032600 24.3358 24
8032700 24.2351 24
8032800 24.0249 24
8032900 23.8507 24
8033000 23.8647 24
8033100 24.1292 24
8033200 24.5501 24
8033300 24.5792 24
8033400 24.3206 24
8033500 23.9416 24
8033600 23.9388 24
8033700 23.9011 24
8033800 23.9447 24
8033900 24.0065 24
8034000 24.2259 24
8034100 24.3731 24
8034200 24.2017 24
8034300 23.9917 24
8034400 23.6604 24
8034500 23.6912 24
8034600 23.8994 24
8034700 23.7867 24
8034800 23.8831 24
8034900 24.0129 24
8035000 24.0287 24
8035100 24.0371 24
8035200 23.9796 24
8035300 23.8545 24
8035400 23.7144 24
8035500 23.6636 24
8035600 23.8346 24
8035700 24.0132 24
8035800 23.9263 24
8035900 23.8259 24
8036000 23.872 24
8036100 24.266 24
8036200 24.5695 24
8036300 24.5905 24
8036400 24.3485 24
8036500 23.7556 24
8036600 23.097 24
8036700 22.8172 24
8036800 23.2527 24
8036900 23.8731 24
8037000 24.5005 24
8037100 24.9346 24
8037200 25.0283 24
8037300 24.583 24
8037400 23.9586 24
8037500 23.7248 24
8037600 23.6859 24
8037700 23.9594 24
8037800 24.2502 24
8037900 24.6424 24
8038000 24.8438 24
8038100 24.7642 24
8038200 24.6656 24
8038300 24.5086 24
8038400 24.4967 24
8038500 24.4065 24
8038600 24.4797 24
8038700 24.7061 24
8038800 24.7083 24
8038900 23.9756 24
8039000 23.3605 24
8039100 23.0146 24
8039200 23.1061 24
8039300 23.6069 24
8039400 24.1187 24
8039500 24.5699 24
8039600 24.7011 24
8039700 24.5102 24
8039800 24.3989 24
8039900 24.2606 24
8040000 23.7394 24
8040100 23.1144 24
8040200 23.1509 24
8040300 23.7272 24
8040400 24.1362 24
8040500 24.1799 24
8040600 24.3365 24
8040700 24.3441 24
8040800 24.1672 24
8040900 24.0364 24
8041000 23.9099 24
8041100 23.6833 24
8041200 23.7929 24
8041300 23.6568 24
8041400 23.5381 24
8041500 23.5573 24
8041600 23.8937 24
8041700 24.2451 24
8041800 24.6041 24
8041900 24.6308 24
8042000 24.475 24
8042100 24.1364 24
8042200 23.9837 24
8042300 24.1282 24
8042400 24.1828 24
8042500 24.1905 24
8042600 24.0684 24
8042700 23.881 24
8042800 23.7253 24
8042900 23.7223 24
8043000 23.992 24
8043100 24.3089 24
8043200 24.232 24
8043300 24.0622 24
8043400 24.2042 24
8043500 24.2586 24
8043600 24.1978 24
8043700 24.3013 24
8043800 24.4202 24
8043900 24.4921 24
8044000 24.3702 24
8044100 24.1823 24
8044200 23.9587 24
8044300 23.7452 24
8044400 23.519 24
8044500 23.3541 24
8044600 23.6818 24
8044700 24.017 24
8044800 24.374 24
8044900 24.8002 24
8045000 24.7143 24
8045100 24.1708 24
8045200 23.4289 24
8045300 22.9447 24
8045400 22.6271 24
8045500 22.7882 24
8045600 23.351 24
8045700 23.9127 24
8045800 24.5563 24
8045900 24.8731 24
8046000 24.4115 24
8046100 23.6709 24
8046200 22.9832 24
8046300 22.8717 24
8046400 23.0114 24
8046500 23.3033 24
8046600 23.8473 24
8046700 24.5495 24
8046800 24.827 24
8046900 24.6388 24
8047000 24.4555 24
8047100 24.4007 24
8047200 24.417 24
8047300 24.5904 24
8047400 24.6631 24
8047500 24.6695 24
8047600 24.441 24
8047700 23.8355 24
8047800 23.1369 24
8047900 22.7637 24
8048000 23.0052 24
8048100 23.4262 24
8048200 23.8808 24
8048300 24.4142 24
8048400 24.8988 24
8048500 25.0283 24
8048600 25.0837 24
8048700 25.1677 24
8048800 25.0875 24
8048900 24.9551 24
8049000 24.5046 24
8049100 23.8561 24
8049200 23.6049 24
8049300 23.6302 24
8049400 23.7011 24
8049500 23.5192 24
8049600 23.3475 24
8049700 23.2826 24
8049800 23.2826 24
8049900 23.4664 24
8050000 23.8758 24
8050100 24.289 24
8050200 24.572 24
8050300 24.5161 24
8050400 24.2718 24
8050500 24.2701 24
8050600 24.4906 24
8050700 24.258 24
8050800 23.9821 24
8050900 23.6907 24
8051000 23.6241 24
8051100 23.5976 24
8051200 23.9966 24
8051300 24.3317 24
8051400 24.5585 24
8051500 24.3167 24
8051600 24.097 24
8051700 24.0724 24
8051800 24.1424 24
8051900 24.2518 24
8052000 24.2848 24
8052100 24.2778 24
8052200 24.3343 24
8052300 24.4339 24
8052400 24.4104 24
8052500 24.3424 24
8052600 24.4127 24
8052700 24.3024 24
8052800 23.9685 24
8052900 23.5152 24
8053000 23.47 24
8053100 23.7423 24
8053200 23.8915 24
8053300 23.8751 24
8053400 23.8897 24
8053500 23.5811 24
8053600 23.5821 24
8053700 23.9884 24
8053800 24.4742 24
8053900 24.7676 24
8054000 25.0365 24
8054100 24.9274 24
8054200 24.4996 24
8054300 24.2191 24
8054400 24.0934 24
8054500 23.934 24
8054600 23.945 24
8054700 24.027 24
8054800 24.1477 24
8054900 24.2508 24
8055000 24.2371 24
8055100 24.2084 24
8055200 23.9545 24
8055300 23.8929 24
8055400 23.8803 24
8055500 23.7692 24
8055600 23.8614 24
8055700 24.1161 24
8055800 24.5718 24
8055900 24.861 24
8056000 24.6325 24
8056100 24.2113 24
8056200 24.0131 24
8056300 23.8823 24
8056400 23.8303 24
8056500 23.9066 24
8056600 24.0768 24
8056700 24.0702 24
8056800 23.7885 24
8056900 23.4615 24
8057000 23.022 24
8057100 22.9349 24
8057200 23.305 24
8057300 23.4435 24
8057400 23.5721 24
8057500 23.7638 24
8057600 24.3024 24
8057700 24.3917 24
8057800 24.259 24
8057900 24.3071 24
8058000 24.3788 24
8058100 24.517 24
8058200 24.451 24
8058300 24.1253 24
8058400 23.7888 24
8058500 23.7874 24
8058600 24.0842 24
8058700 24.4415 24
8058800 24.6515 24
8058900 24.6044 24
8059000 24.1811 24
8059100 23.5711 24
8059200 23.3573 24
8059300 23.4405 24
8059400 23.7097 24
8059500 23.9959 24
8059600 24.0699 24
8059700 24.1163 24
8059800 24.334 24
8059900 24.5875 24
8060000 24.6895 24
8060100 24.7165 24
8060200 24.5977 24
8060300 24.3837 24
8060400 24.0528 24
8060500 23.8774 24
8060600 23.7831 24
8060700 23.7088 24
8060800 23.7744 24
8060900 23.9903 24
8061000 24.3118 24
8061100 24.6492 24
8061200 24.6276 24
8061300 24.2425 24
8061400 23.5901 24
8061500 23.3953 24
8061600 23.4763 24
8061700 23.7136 24
8061800 23.927 24
8061900 24.2078 24
8062000 24.2263 24
8062100 23.9401 24
8062200 23.6868 24
8062300 23.8109 24
8062400 24.02 24
8062500 23.9539 24
8062600 23.921 24
8062700 24.1371 24
8062800 24.3055 24
8062900 24.4881 24
8063000 24.5618 24
8063100 24.6186 24
8063200 24.4451 24
8063300 24.2118 24
8063400 23.9876 24
8063500 23.6617 24
8063600 23.4258 24
8063700 23.3901 24
8063800 23.7697 24
8063900 24.213 24
8064000 24.4264 24
8064100 24.4727 24
8064200 24.4457 24
8064300 24.5726 24
8064400 24.6972 24
8064500 24.851 24
8064600 24.8938 24
8064700 24.7984 24
8064800 24.7311 24
8064900 24.4445 24
8065000 24.2933 24
8065100 24.1123 24
8065200 23.772 24
8065300 23.4273 24
8065400 23.3876 24
8065500 23.8797 24
8065600 24.2098 24
8065700 24.389 24
8065800 24.4809 24
8065900 24.4943 24
8066000 24.376 24
8066100 24.0561 24
8066200 23.6846 24
8066300 23.6772 24
8066400 23.9539 24
8066500 24.1628 24
8066600 24.4052 24
8066700 24.3654 24
8066800 24.1707 24
8066900 24.0637 24
8067000 23.8695 24
8067100 24.0761 24
8067200 24.4475 24
8067300 24.4092 24
8067400 24.3357 24
8067500 24.1701 24
8067600 23.8184 24
8067700 23.6523 24
8067800 23.6322 24
8067900 23.3898 24
8068000 23.2651 24
8068100 23.3994 24
8068200 23.5193 24
8068300 23.519 24
8068400 23.4761 24
8068500 23.573 24
8068600 23.6037 24
8068700 23.2939 24
8068800 23.248 24
8068900 23.6117 24
8069000 23.9059 24
8069100 24.1721 24
8069200 24.1637 24
8069300 24.0004 24
8069400 23.8201 24
8069500 23.6825 24
8069600 24.0157 24
8069700 24.3698 24
8069800 24.2595 24
8069900 24.0339 24
8070000 23.6264 24
8070100 23.333 24
8070200 23.3313 24
8070300 23.5556 24
8070400 24.1491 24
8070500 24.3895 24
8070600 24.2784 24
8070700 24.2703 24
8070800 24.4159 24
8070900 24.7387 24
8071000 24.8715 24
8071100 24.543 24
8071200 24.0952 24
8071300 23.5342 24
8071400 23.4162 24
8071500 23.6598 24
8071600 23.7437 24
8071700 23.9999 24
8071800 24.2777 24
8071900 24.4384 24
8072000 24.558 24
8072100 24.3897 24
8072200 24.0341 24
8072300 23.7558 24
8072400 23.6309 24
8072500 23.549 24
8072600 23.5216 24
8072700 23.5487 24
8072800 23.5419 24
8072900 23.7341 24
8073000 23.93 24
8073100 24.0389 24
8073200 24.2449 24
8073300 24.5337 24
8073400 24.6571 24
8073500 24.6547 24
8073600 24.6132 24
8073700 24.4719 24
8073800 24.2088 24
8073900 23.9572 24
8074000 23.8343 24
8074100 23.8948 24
8074200 23.8219 24
8074300 23.6711 24
8074400 23.9256 24
8074500 24.4334 24
8074600 24.4904 24
8074700 24.1635 24
8074800 23.9515 24
8074900 24.0537 24
8075000 24.3074 24
8075100 24.3582 24
8075200 24.3112 24
8075300 24.1399 24
8075400 23.7497 24
8075500 23.3784 24
8075600 23.1245 24
8075700 23.2394 24
8075800 23.7259 24
8075900 24.2392 24
8076000 24.5684 24
8076100 24.5379 24
8076200 24.1748 24
8076300 23.7385 24
8076400 23.5043 24
8076500 23.2854 24
8076600 23.2553 24
8076700 23.3168 24
8076800 23.6393 24
8076900 24.007 24
8077000 24.4352 24
8077100 24.5453 24
8077200 24.1584 24
8077300 23.9377 24
8077400 23.9181 24
8077500 24.0257 24
8077600 24.0513 24
8077700 23.8455 24
8077800 23.5707 24
8077900 23.3785 24
8078000 23.4854 24
8078100 23.4708 24
8078200 23.3314 24
8078300 23.554 24
8078400 24.1367 24
8078500 24.5679 24
8078600 24.6398 24
8078700 24.5291 24
8078800 24.346 24
8078900 24.0351 24
8079000 23.6397 24
8079100 23.1383 24
8079200 22.6637 24
8079300 22.4695 24
8079400 22.7609 24
8079500 23.0503 24
8079600 23.4041 24
8079700 24.0631 24
8079800 24.3958 24
8079900 24.5263 24
8080000 24.3541 24
8080100 23.9821 24
8080200 23.6926 24
8080300 23.6859 24
8080400 23.7715 24
8080500 23.9882 24
8080600 24.3246 24
8080700 24.7407 24
8080800 24.9581 24
8080900 24.629 24
8081000 24.3028 24
8081100 23.9759 24
8081200 23.5937 24
8081300 23.6224 24
8081400 24.028 24
8081500 24.5592 24
8081600 24.9037 24
8081700 24.6787 24
8081800 24.4247 24
8081900 24.4079 24
8082000 24.6232 24
8082100 24.5517 24
8082200 24.281 24
8082300 24.0841 24
8082400 24.1593 24
8082500 24.1392 24
8082600 23.9522 24
8082700 23.7951 24
8082800 23.9046 24
8082900 24.3337 24
8083000 24.5058 24
8083100 24.1711 24
8083200 23.8354 24
8083300 23.7314 24
8083400 24.0052 24
8083500 24.2169 24
8083600 24.1813 24
8083700 24.1107 24
8083800 23.9942 24
8083900 23.7339 24
8084000 23.662 24
8084100 23.9208 24
8084200 24.2295 24
8084300 24.275 24
8084400 24.1803 24
8084500 24.1634 24
8084600 24.4475 24
8084700 24.5077 24
8084800 24.3589 24
8084900 24.019 24
8085000 23.7342 24
8085100 23.552 24
8085200 23.5668 24
8085300 23.4358 24
8085400 23.503 24
8085500 23.8612 24
8085600 23.9271 24
8085700 23.6187 24
8085800 23.4812 24
8085900 23.6909 24
8086000 24.018 24
8086100 24.2589 24
8086200 24.3596 24
8086300 24.2488 24
8086400 23.911 24
8086500 23.3935 24
8086600 22.9915 24
8086700 23.0316 24
8086800 23.4311 24
8086900 24.0217 24
8087000 24.5382 24
8087100 24.7952 24
8087200 24.7782 24
8087300 24.4328 24
8087400 24.0587 24
8087500 23.8188 24
8087600 23.7224 24
8087700 23.6753 24
8087800 23.8274 24
8087900 24.1333 24
8088000 24.2902 24
8088100 24.297 24
8088200 24.0561 24
8088300 23.5871 24
8088400 23.3735 24
8088500 23.5306 24
8088600 23.7197 24
8088700 23.785 24
8088800 24.0629 24
8088900 24.1657 24
8089000 24.1665 24
8089100 24.2644 24
8089200 24.1977 24
8089300 23.8807 24
8089400 23.6515 24
8089500 23.7869 24
8089600 24.0372 24
8089700 24.0885 24
8089800 24.3519 24
8089900 24.6727 24
8090000 24.5836 24
8090100 24.2576 24
8090200 23.9296 24
8090300 23.7828 24
8090400 23.705 24
8090500 23.6729 24
8090600 23.9757 24
8090700 24.4159 24
8090800 24.8263 24
8090900 24.8005 24
8091000 24.7426 24
8091100 24.6228 24
8091200 24.1829 24
8091300 23.8712 24
8091400 23.7964 24
8091500 23.9289 24
8091600 23.8312 24
8091700 23.6254 24
8091800 23.5334 24
8091900 23.5251 24
8092000 23.8089 24
8092100 24.0633 24
8092200 24.3989 24
8092300 24.7168 24
8092400 24.9608 24
8092500 25.144 24
8092600 24.8323 24
8092700 24.4543 24
8092800 24.4544 24
8092900 24.5265 24
8093000 24.3712 24
8093100 23.7894 24
8093200 23.6304 24
8093300 23.8691 24
8093400 24.1075 24
8093500 24.076 24
8093600 23.7973 24
8093700 23.5301 24
8093800 23.5997 24
8093900 23.8301 24
8094000 24.216 24
8094100 24.3288 24
8094200 24.0199 24
8094300 23.8009 24
8094400 23.6534 24
8094500 23.6172 24
8094600 23.8566 24
8094700 23.9617 24
8094800 23.7308 24
8094900 23.39 24
8095000 23.2775 24
8095100 23.6058 24
8095200 24.2932 24
8095300 24.7262 24
8095400 24.8682 24
8095500 24.912 24
8095600 24.8912 24
8095700 24.6649 24
8095800 24.3482 24
8095900 24.1433 24
8096000 24.0626 24
8096100 24.197 24
8096200 24.171 24
8096300 24.0447 24
8096400 23.872 24
8096500 23.7 24
8096600 23.6733 24
8096700 23.8576 24
8096800 24.0738 24
8096900 24.1549 24
8097000 24.1423 24
8097100 24.2898 24
8097200 24.2454 24
8097300 23.8941 24
8097400 23.5317 24
8097500 23.409 24
8097600 23.4346 24
8097700 23.6592 24
8097800 24.0187 24
8097900 24.207 24
8098000 24.2201 24
8098100 24.1711 24
8098200 24.088 24
8098300 24.0223 24
8098400 23.9038 24
8098500 23.5427 24
8098600 23.3242 24
8098700 23.4507 24
8098800 23.6015 24
8098900 23.5944 24
8099000 23.6725 24
8099100 23.9006 24
8099200 23.9636 24
8099300 23.9536 24
8099400 23.8816 24
8099500 24.0361 24
8099600 24.2808 24
8099700 24.1851 24
8099800 24.0065 24
8099900 23.8524 24
8100000 23.8751 24
8100100 23.9321 24
8100200 23.9469 24
8100300 24.2495 24
8100400 24.2826 24
8100500 24.1786 24
8100600 24.0736 24
8100700 23.8085 24
8100800 23.5394 24
8100900 23.5926 24
8101000 23.607 24
8101100 23.8585 24
8101200 24.1526 24
8101300 24.2094 24
8101400 24.1616 24
8101500 24.1849 24
8101600 24.2349 24
8101700 24.3048 24
8101800 24.3211 24
8101900 24.3329 24
8102000 24.31 24
8102100 24.1231 24
8102200 23.6914 24
8102300 23.2369 24
8102400 22.9838 24
8102500 22.8547 24
8102600 23.0656 24
8102700 23.4685 24
8102800 23.7915 24
8102900 24.0182 24
8103000 24.034 24
8103100 24.0044 24
8103200 23.9496 24
8103300 23.711 24
8103400 23.5743 24
8103500 23.5412 24
8103600 23.5421 24
8103700 23.9 24
8103800 24.1794 24
8103900 24.1965 24
8104000 24.3414 24
8104100 24.4395 24
8104200 24.246 24
8104300 24.0608 24
8104400 24.1195 24
8104500 24.0675 24
8104600 23.8315 24
8104700 23.6372 24
8104800 23.7593 24
8104900 23.914 24
8105000 23.8907 24
8105100 23.8183 24
8105200 23.8347 24
8105300 23.9737 24
8105400 24.0221 24
8105500 24.0445 24
8105600 23.9402 24
8105700 23.75 24
8105800 23.7925 24
8105900 24.0456 24
8106000 24.3038 24
8106100 24.6298 24
8106200 24.7026 24
8106300 24.6364 24
8106400 24.7427 24
8106500 24.6747 24
8106600 24.0834 24
8106700 23.3576 24
8106800 22.96 24
8106900 23.2429 24
8107000 23.6033 24
8107100 23.752 24
8107200 23.703 24
8107300 23.6232 24
8107400 23.6132 24
8107500 23.5991 24
8107600 23.7986 24
8107700 24.0902 24
8107800 23.9988 24
8107900 23.6415 24
8108000 23.2296 24
8108100 23.1767 24
8108200 23.281 24
8108300 23.5809 24
8108400 23.9438 24
8108500 24.3108 24
8108600 24.269 24
8108700 24.0115 24
8108800 23.7389 24
8108900 23.2938 24
8109000 22.9829 24
8109100 22.9972 24
8109200 23.4312 24
8109300 23.9048 24
8109400 24.0388 24
8109500 23.9388 24
8109600 23.9704 24
8109700 23.8215 24
8109800 23.6334 24
8109900 23.5301 24
8110000 23.6529 24
8110100 23.8319 24
8110200 23.9294 24
8110300 23.8671 24
8110400 23.6823 24
8110500 23.6179 24
8110600 23.5814 24
8110700 23.411 24
8110800 23.4442 24
8110900 23.7895 24
8111000 24.1208 24
8111100 24.1203 24
8111200 23.9683 24
8111300 23.9912 24
8111400 24.1659 24
8111500 24.2356 24
8111600 24.2884 24
8111700 24.2823 24
8111800 23.9969 24
8111900 23.6204 24
8112000 23.4789 24
8112100 23.644 24
8112200 23.7263 24
8112300 23.8629 24
8112400 24.1366 24
8112500 24.1111 24
8112600 23.9836 24
8112700 24.1821 24
8112800 24.3296 24
8112900 24.1709 24
8113000 24.2364 24
8113100 24.1782 24
8113200 24.0627 24
8113300 24.0583 24
8113400 24.0907 24
8113500 23.9736 24
8113600 23.5853 24
8113700 23.4906 24
8113800 23.8878 24
8113900 24.2379 24
8114000 24.4341 24
8114100 24.3281 24
8114200 24.0795 24
8114300 23.9324 24
8114400 24.0352 24
8114500 24.3269 24
8114600 24.7202 24
8114700 24.6084 24
8114800 24.205 24
8114900 24.0083 24
8115000 23.8981 24
8115100 23.773 24
8115200 23.8351 24
8115300 23.9558 24
8115400 23.8973 24
8115500 23.7483 24
8115600 23.6119 24
8115700 23.4678 24
8115800 23.3395 24
8115900 23.3359 24
8116000 23.5314 24
8116100 23.7529 24
8116200 23.8197 24
8116300 23.8737 24
8116400 24.0609 24
8116500 24.1709 24
8116600 24.1571 24
8116700 24.0914 24
8116800 23.909 24
8116900 23.5865 24
8117000 23.368 24
8117100 23.3456 24
8117200 23.5784 24
8117300 24.0872 24
8117400 24.6612 24
8117500 25.1446 24
8117600 25.3729 24
8117700 25.1371 24
8117800 24.5996 24
8117900 24.2082 24
8118000 23.9418 24
8118100 23.8894 24
8118200 23.86 24
8118300 23.8428 24
8118400 23.9277 24
8118500 23.9319 24
8118600 23.9363 24
8118700 24.0237 24
8118800 24.1545 24
8118900 24.2845 24
8119000 24.3246 24
8119100 24.1758 24
8119200 23.8245 24
8119300 23.6962 24
8119400 23.5152 24
8119500 23.5713 24
8119600 23.622 24
8119700 23.7302 24
8119800 23.9922 24
8119900 24.2019 24
8120000 24.2634 24
8120100 24.0263 24
8120200 23.7297 24
8120300 23.6913 24
8120400 23.7634 24
8120500 23.9943 24
8120600 24.176 24
8120700 24.1678 24
8120800 24.0749 24
8120900 24.2658 24
8121000 24.5303 24
8121100 24.4518 24
8121200 24.1552 24
8121300 24.0507 24
8121400 23.9926 24
8121500 24.2678 24
8121600 24.641 24
8121700 24.7558 24
8121800 24.5479 24
8121900 24.4995 24
8122000 24.4132 24
8122100 24.0273 24
8122200 23.6534 24
8122300 23.5653 24
8122400 23.4808 24
8122500 23.3647 24
8122600 23.3134 24
8122700 23.4205 24
8122800 23.6169 24
8122900 23.6974 24
8123000 24.0367 24
8123100 24.41 24
8123200 24.5511 24
8123300 24.3917 24
8123400 24.1435 24
8123500 24.0045 24
8123600 23.8734 24
8123700 23.8005 24
8123800 23.7967 24
8123900 23.8253 24
8124000 23.7467 24
8124100 23.7111 24
8124200 23.6434 24
8124300 23.6236 24
8124400 23.6427 24
8124500 23.6811 24
8124600 23.9667 24
8124700 24.1474 24
8124800 24.2881 24
8124900 24.2962 24
8125000 24.29 24
8125100 24.2517 24
8125200 24.1067 24
8125300 23.8966 24
8125400 23.757 24
8125500 23.7258 24
8125600 23.7944 24
8125700 23.9173 24
8125800 24.1004 24
8125900 24.2898 24
8126000 24.4317 24
8126100 24.2926 24
8126200 23.8064 24
8126300 23.3308 24
8126400 23.6184 24
8126500 23.8222 24
8126600 23.8897 24
8126700 23.9143 24
8126800 24.2422 24
8126900 24.4124 24
8127000 24.1077 24
8127100 23.8221 24
8127200 23.6478 24
8127300 23.4335 24
8127400 23.3303 24
8127500 23.1627 24
8127600 23.2497 24
8127700 23.7475 24
8127800 24.2924 24
8127900 24.6067 24
8128000 24.731 24
8128100 24.7505 24
8128200 24.5117 24
8128300 24.2433 24
8128400 23.9214 24
8128500 23.81 24
8128600 23.7979 24
8128700 23.8429 24
8128800 24.0029 24
8128900 24.0703 24
8129000 24.0017 24
8129100 23.9107 24
8129200 24.103 24
8129300 24.0276 24
8129400 23.835 24
8129500 23.6107 24
8129600 23.6529 24
8129700 23.9113 24
8129800 23.9958 24
8129900 23.7993 24
8130000 23.7654 24
8130100 23.8451 24
8130200 23.8472 24
8130300 23.7982 24
8130400 23.5691 24
8130500 23.5783 24
8130600 23.9096 24
8130700 24.4017 24
8130800 24.6812 24
8130900 24.5918 24
8131000 24.2715 24
8131100 23.7462 24
8131200 23.6917 24
8131300 24.0946 24
8131400 24.387 24
8131500 24.3807 24
8131600 24.0152 24
8131700 23.765 24
8131800 23.634 24
8131900 23.7119 24
8132000 23.7464 24
8132100 23.8961 24
8132200 23.8246 24
8132300 23.8785 24
8132400 23.9353 24
8132500 24.1121 24
8132600 24.0954 24
8132700 23.7557 24
8132800 23.5093 24
8132900 23.8173 24
8133000 24.4358 24
8133100 24.8734 24
8133200 25.0448 24
8133300 24.8156 24
8133400 24.4389 24
8133500 24.4058 24
8133600 24.2253 24
8133700 23.9573 24
8133800 23.7299 24
8133900 23.7083 24
8134000 23.9954 24
8134100 24.1672 24
8134200 24.3366 24
8134300 24.3054 24
8134400 23.7518 24
8134500 23.4742 24
8134600 23.6381 24
8134700 23.96 24
8134800 24.1788 24
8134900 24.4332 24
8135000 24.61 24
8135100 24.4191 24
8135200 24.3128 24
8135300 24.1343 24
8135400 23.9899 24
8135500 23.9532 24
8135600 24.1639 24
8135700 24.1665 24
8135800 24.0478 24
8135900 23.9061 24
8136000 23.7499 24
8136100 23.6329 24
8136200 23.7842 24
8136300 24.2065 24
8136400 24.2676 24
8136500 23.9261 24
8136600 23.6061 24
8136700 23.7196 24
8136800 24.1737 24
8136900 24.7911 24
8137000 25.022 24
8137100 25.0138 24
8137200 24.3582 24
8137300 23.5876 24
8137400 23.2273 24
8137500 23.4604 24
8137600 23.7219 24
8137700 23.8084 24
8137800 23.8032 24
8137900 23.7668 24
8138000 23.9097 24
8138100 24.111 24
8138200 24.442 24
8138300 24.4466 24
8138400 24.1719 24
8138500 24.1428 24
8138600 24.2397 24
8138700 24.1245 24
8138800 23.6079 24
8138900 23.1724 24
8139000 23.0358 24
8139100 23.1656 24
8139200 23.5732 24
8139300 23.9659 24
8139400 24.5579 24
8139500 24.9826 24
8139600 25.0411 24
8139700 24.693 24
8139800 24.0692 24
8139900 23.5795 24
8140000 23.1799 24
8140100 23.3107 24
8140200 23.5588 24
8140300 23.8173 24
8140400 23.9273 24
8140500 24.415 24
8140600 24.7468 24
8140700 24.6912 24
8140800 24.3274 24
8140900 23.9614 24
8141000 23.9154 24
8141100 23.8599 24
8141200 23.9763 24
8141300 24.1209 24
8141400 24.0423 24
8141500 23.9966 24
8141600 24.0027 24
8141700 23.9234 24
8141800 23.9325 24
8141900 24.1479 24
8142000 24.0685 24
8142100 23.7074 24
8142200 23.5186 24
8142300 23.7207 24
8142400 24.1668 24
8142500 24.4249 24
8142600 24.4496 24
8142700 24.2765 24
8142800 23.966 24
8142900 24.0519 24
8143000 24.456 24
8143100 24.7678 24
8143200 24.7617 24
8143300 24.4197 24
8143400 23.9297 24
8143500 23.6695 24
8143600 23.5166 24
8143700 23.6785 24
8143800 23.93 24
8143900 24.1268 24
8144000 24.1329 24
8144100 23.7811 24
8144200 23.6265 24
8144300 23.6927 24
8144400 23.7993 24
8144500 23.8399 24
8144600 23.723 24
8144700 23.4016 24
8144800 22.9949 24
8144900 23.1991 24
8145000 23.8724 24
8145100 24.3555 24
8145200 24.4579 24
8145300 24.37 24
8145400 24.3245 24
8145500 24.1599 24
8145600 23.8686 24
8145700 23.5105 24
8145800 23.1803 24
8145900 23.032 24
8146000 23.0729 24
8146100 23.2428 24
8146200 23.7444 24
8146300 24.3635 24
8146400 24.6532 24
8146500 24.6755 24
8146600 24.3721 24
8146700 23.9561 24
8146800 23.4666 24
8146900 23.2795 24
8147000 23.6044 24
8147100 24.016 24
8147200 24.5326 24
8147300 24.643 24
8147400 24.4978 24
8147500 24.1803 24
8147600 23.7336 24
8147700 23.4767 24
8147800 23.54 24
8147900 23.6795 24
8148000 23.9282 24
8148100 24.337 24
8148200 24.5041 24
8148300 24.1772 24
8148400 23.7133 24
8148500 23.3886 24
8148600 23.4304 24
8148700 23.5761 24
8148800 23.9021 24
8148900 24.1968 24
8149000 24.3209 24
8149100 24.197 24
8149200 23.8093 24
8149300 23.7397 24
8149400 24.2305 24
8149500 24.8567 24
8149600 24.9119 24
8149700 24.7689 24
8149800 24.3267 24
8149900 23.9366 24
8150000 23.8923 24
8150100 24.2444 24
8150200 24.3134 24
8150300 24.0368 24
8150400 23.8644 24
8150500 23.5977 24
8150600 23.4662 24
8150700 23.7561 24
8150800 24.1804 24
8150900 24.3069 24
8151000 24.5889 24
8151100 24.8609 24
8151200 24.6291 24
8151300 24.4278 24
8151400 24.4173 24
8151500 24.138 24
8151600 23.875 24
8151700 23.8684 24
8151800 23.6813 24
8151900 23.6106 24
8152000 23.8104 24
8152100 24.1457 24
8152200 24.2186 24
8152300 24.0664 24
8152400 23.7145 24
8152500 23.5408 24
8152600 23.5965 24
8152700 23.3536 24
8152800 23.4361 24
8152900 23.6211 24
8153000 23.7176 24
8153100 23.7956 24
8153200 23.8949 24
8153300 24.0466 24
8153400 24.0118 24
8153500 23.7024 24
8153600 23.3946 24
8153700 23.3692 24
8153800 23.4715 24
8153900 23.9782 24
8154000 24.5877 24
8154100 24.861 24
8154200 24.8518 24
8154300 24.5351 24
8154400 24.238 24
8154500 23.8663 24
8154600 23.3163 24
8154700 22.8615 24
8154800 22.6301 24
8154900 22.8162 24
8155000 23.3985 24
8155100 24.1933 24
8155200 24.6474 24
8155300 24.39 24
8155400 24.1378 24
8155500 24.1436 24
8155600 24.1742 24
8155700 24.0874 24
8155800 23.8285 24
8155900 23.6772 24
8156000 23.7979 24
8156100 24.2026 24
8156200 24.4444 24
8156300 24.3118 24
8156400 23.9426 24
8156500 23.6177 24
8156600 23.4265 24
8156700 23.5148 24
8156800 23.8327 24
8156900 24.2798 24
8157000 24.71 24
8157100 24.7695 24
8157200 24.4097 24
8157300 23.9514 24
8157400 23.8201 24
8157500 23.9178 24
8157600 24.3981 24
8157700 24.806 24
8157800 24.8448 24
8157900 24.4498 24
8158000 24.0899 24
8158100 23.8357 24
8158200 23.7308 24
8158300 23.7244 24
8158400 23.6451 24
8158500 23.6063 24
8158600 23.4555 24
8158700 23.4908 24
8158800 23.6405 24
8158900 23.835 24
8159000 24.0651 24
8159100 24.1414 24
8159200 24.1977 24
8159300 24.0449 24
8159400 23.6816 24
8159500 23.6268 24
8159600 23.9496 24
8159700 24.2951 24
8159800 24.5361 24
8159900 24.5303 24
8160000 24.2267 24
8160100 23.9537 24
8160200 23.9785 24
8160300 24.03 24
8160400 23.9165 24
8160500 23.7177 24
8160600 23.6615 24
8160700 23.7052 24
8160800 23.9392 24
8160900 24.0941 24
8161000 24.2293 24
8161100 24.3857 24
8161200 24.3547 24
8161300 24.2692 24
8161400 24.2851 24
8161500 24.3024 24
8161600 24.3737 24
8161700 24.4846 24
8161800 24.588 24
8161900 24.5726 24
8162000 24.3549 24
8162100 23.8985 24
8162200 23.4872 24
8162300 23.2061 24
8162400 23.0377 24
8162500 23.1714 24
8162600 23.9279 24
8162700 24.7848 24
8162800 25.273 24
8162900 25.1852 24
8163000 24.9976 24
8163100 24.5962 24
8163200 24.23 24
8163300 24.1465 24
8163400 24.1324 24
8163500 24.0418 24
8163600 24.0672 24
8163700 24.2131 24
8163800 24.5335 24
8163900 24.6226 24
8164000 24.1531 24
8164100 23.7393 24
8164200 23.3257 24
8164300 23.1225 24
8164400 23.1182 24
8164500 23.5802 24
8164600 24.0975 24
8164700 24.1759 24
8164800 24.0261 24
8164900 23.7141 24
8165000 23.7085 24
8165100 23.9737 24
8165200 24.1766 24
8165300 24.4828 24
8165400 24.6328 24
8165500 24.4274 24
8165600 24.257 24
8165700 24.169 24
8165800 24.2542 24
8165900 24.395 24
8166000 24.1088 24
8166100 23.889 24
8166200 23.9094 24
8166300 24.0539 24
8166400 24.0259 24
8166500 23.8759 24
8166600 23.6419 24
8166700 23.4448 24
8166800 23.3781 24
8166900 23.1837 24
8167000 22.929 24
8167100 23.0444 24
8167200 23.4 24
8167300 23.6244 24
8167400 23.9051 24
8167500 24.2581 24
8167600 24.5923 24
8167700 24.7033 24
8167800 24.6184 24
8167900 24.4046 24
8168000 24.2002 24
8168100 24.2173 24
8168200 24.2599 24
8168300 24.3079 24
8168400 24.4808 24
8168500 24.6251 24
8168600 24.4663 24
8168700 24.314 24
8168800 23.7462 24
8168900 23.4283 24
8169000 23.362 24
8169100 23.1461 24
8169200 23.2934 24
8169300 23.6934 24
8169400 24.2759 24
8169500 24.7605 24
8169600 24.9501 24
8169700 24.8444 24
8169800 24.5083 24
8169900 24.0337 24
8170000 23.9019 24
8170100 23.7482 24
8170200 23.7079 24
8170300 23.5895 24
8170400 23.4994 24
8170500 23.7517 24
8170600 23.9947 24
8170700 24.1179 24
8170800 24.2497 24
8170900 24.4076 24
8171000 24.6024 24
8171100 24.6939 24
8171200 24.6231 24
8171300 24.6633 24
8171400 24.8459 24
8171500 24.8456 24
8171600 24.4962 24
8171700 24.1474 24
8171800 24.1737 24
8171900 23.9419 24
8172000 23.5533 24
8172100 23.4851 24
8172200 23.5524 24
8172300 23.6752 24
8172400 23.9345 24
8172500 24.0512 24
8172600 23.7898 24
8172700 23.6868 24
8172800 24.0904 24
8172900 24.2854 24
8173000 24.3739 24
8173100 24.2544 24
8173200 24.2628 24
8173300 24.4059 24
8173400 24.3552 24
8173500 24.1537 24
8173600 24.018 24
8173700 23.8305 24
8173800 23.8706 24
8173900 24.0931 24
8174000 24.7448 24
8174100 25.095 24
8174200 24.9964 24
8174300 24.6946 24
8174400 24.2185 24
8174500 23.993 24
8174600 23.9062 24
8174700 23.5983 24
8174800 23.3395 24
8174900 23.4875 24
8175000 24.0442 24
8175100 24.4043 24
8175200 24.3711 24
8175300 24.3009 24
8175400 24.1423 24
8175500 23.7446 24
8175600 23.4226 24
8175700 23.3532 24
8175800 23.4481 24
8175900 23.6896 24
8176000 24.0827 24
8176100 24.2939 24
8176200 24.4901 24
8176300 24.5864 24
8176400 24.1522 24
8176500 23.5746 24
8176600 23.6239 24
8176700 23.8338 24
8176800 24.0739 24
8176900 24.2689 24
8177000 24.3285 24
8177100 24.4095 24
8177200 24.4961 24
8177300 24.4057 24
8177400 24.0482 24
8177500 23.7335 24
8177600 23.715 24
8177700 23.8045 24
8177800 23.9487 24
8177900 24.0918 24
8178000 24.0058 24
8178100 23.8127 24
8178200 23.8095 24
8178300 24.3202 24
8178400 24.6899 24
8178500 24.8008 24
8178600 24.6083 24
8178700 24.4644 24
8178800 24.5007 24
8178900 24.3458 24
8179000 23.9173 24
8179100 23.7406 24
8179200 23.8508 24
8179300 23.773 24
8179400 23.7307 24
8179500 23.8416 24
8179600 24.3756 24
8179700 24.9514 24
8179800 24.999 24
8179900 24.606 24
8180000 24.1926 24
8180100 23.7438 24
8180200 23.3125 24
8180300 23.2169 24
8180400 23.5906 24
8180500 23.9045 24
8180600 24.4258 24
8180700 24.7069 24
8180800 24.8669 24
8180900 24.7979 24
8181000 24.63 24
8181100 24.4538 24
8181200 24.0366 24
8181300 23.7251 24
8181400 23.7319 24
8181500 23.9024 24
8181600 24.0864 24
8181700 24.1757 24
8181800 24.0855 24
8181900 24.2968 24
8182000 24.3963 24
8182100 24.0841 24
8182200 23.7083 24
8182300 23.5777 24
8182400 23.4171 24
8182500 23.5258 24
8182600 23.8265 24
8182700 24.1 24
8182800 24.5154 24
8182900 24.7235 24
8183000 24.5182 24
8183100 24.2638 24
8183200 23.975 24
8183300 23.8265 24
8183400 23.8535 24
8183500 23.9803 24
8183600 24.1022 24
8183700 24.2442 24
8183800 24.2899 24
8183900 24.2536 24
8184000 24.1887 24
8184100 23.9254 24
8184200 23.7405 24
8184300 23.8492 24
8184400 24.2097 24
8184500 24.2643 24
8184600 24.0707 24
8184700 23.9061 24
8184800 23.8802 24
8184900 24.016 24
8185000 24.3419 24
8185100 24.4683 24
8185200 24.4436 24
8185300 24.3574 24
8185400 24.2673 24
8185500 24.1351 24
8185600 23.9761 24
8185700 23.832 24
8185800 23.7765 24
8185900 23.5933 24
8186000 23.6042 24
8186100 23.7201 24
8186200 23.8446 24
8186300 23.7275 24
8186400 23.6343 24
8186500 23.5568 24
8186600 23.7851 24
8186700 24.1443 24
8186800 24.5579 24
8186900 24.8679 24
8187000 24.739 24
8187100 24.408 24
8187200 23.8838 24
8187300 23.4762 24
8187400 23.4501 24
8187500 23.8824 24
8187600 24.2451 24
8187700 24.4609 24
8187800 24.427 24
8187900 24.4568 24
8188000 24.3417 24
8188100 24.0086 24
8188200 23.7872 24
8188300 23.6537 24
8188400 23.5756 24
8188500 23.5041 24
8188600 23.6782 24
8188700 23.8214 24
8188800 24.065 24
8188900 24.0721 24
8189000 23.8364 24
8189100 23.779 24
8189200 24.0249 24
8189300 24.2479 24
8189400 24.3233 24
8189500 24.0142 24
8189600 23.5246 24
8189700 23.3184 24
8189800 23.544 24
8189900 23.9557 24
8190000 24.4646 24
