# Time-averaged data for fix myat1
# TimeStep v_xave v_xdes
3190100 3.63563 4
3190200 3.81081 4
3190300 3.88888 4
3190400 4.0099 4
3190500 4.40897 4
3190600 4.71876 4
3190700 4.65296 4
3190800 3.99308 4
3190900 3.15303 4
3191000 2.88283 4
3191100 3.29999 4
3191200 4.224 4
3191300 4.68583 4
3191400 4.43636 4
3191500 3.66609 4
3191600 3.15112 4
3191700 3.15593 4
3191800 3.57531 4
3191900 4.06597 4
3192000 4.49415 4
3192100 4.58176 4
3192200 4.27501 4
3192300 3.88173 4
3192400 3.82592 4
3192500 3.73339 4
3192600 3.74576 4
3192700 3.88092 4
3192800 4.12793 4
3192900 4.25757 4
3193000 4.34906 4
3193100 4.38899 4
3193200 4.54745 4
3193300 4.75429 4
3193400 4.71058 4
3193500 4.24051 4
3193600 3.77795 4
3193700 3.58409 4
3193800 3.59851 4
3193900 3.92915 4
3194000 4.41235 4
3194100 4.6269 4
3194200 4.51034 4
3194300 4.28826 4
3194400 4.23733 4
3194500 4.07516 4
3194600 3.72763 4
3194700 3.84183 4
3194800 4.12919 4
3194900 4.36799 4
3195000 4.56337 4
3195100 4.66078 4
3195200 4.48518 4
3195300 4.23912 4
3195400 4.50177 4
3195500 4.5885 4
3195600 4.38627 4
3195700 4.35755 4
3195800 4.16723 4
3195900 3.81529 4
3196000 3.49124 4
3196100 3.30405 4
3196200 3.59634 4
3196300 3.82796 4
3196400 3.90265 4
3196500 3.75898 4
3196600 3.87648 4
3196700 4.36372 4
3196800 4.65028 4
3196900 4.42137 4
3197000 4.1629 4
3197100 3.84961 4
3197200 3.65741 4
3197300 3.49661 4
3197400 3.58425 4
3197500 3.90323 4
3197600 4.05456 4
3197700 4.15982 4
3197800 4.61192 4
3197900 4.78769 4
3198000 4.63194 4
3198100 4.2727 4
3198200 4.162 4
3198300 4.17191 4
3198400 4.31557 4
3198500 4.44253 4
3198600 4.52592 4
3198700 4.50846 4
3198800 4.46657 4
3198900 4.38935 4
3199000 4.14548 4
3199100 3.72258 4
3199200 3.40066 4
3199300 3.6223 4
3199400 4.06289 4
3199500 4.23574 4
3199600 4.17815 4
3199700 3.91742 4
3199800 3.72745 4
3199900 3.7401 4
3200000 3.90381 4
3200100 4.06678 4
3200200 4.25327 4
3200300 4.17616 4
3200400 3.99409 4
3200500 4.03438 4
3200600 4.16046 4
3200700 4.20265 4
3200800 4.30803 4
3200900 4.06367 4
3201000 3.56447 4
3201100 3.49644 4
3201200 3.91617 4
3201300 4.16074 4
3201400 4.34479 4
3201500 4.51045 4
3201600 4.48123 4
3201700 4.3288 4
3201800 4.29176 4
3201900 4.52452 4
3202000 4.4456 4
3202100 4.17971 4
3202200 3.74746 4
3202300 3.49916 4
3202400 3.55247 4
3202500 3.75776 4
3202600 3.95778 4
3202700 3.97098 4
3202800 3.99301 4
3202900 4.27605 4
3203000 4.44656 4
3203100 4.24552 4
3203200 3.88055 4
3203300 3.522 4
3203400 3.54277 4
3203500 3.40673 4
3203600 3.23386 4
3203700 3.32377 4
3203800 3.71184 4
3203900 3.99846 4
3204000 4.06725 4
3204100 3.99552 4
3204200 4.20024 4
3204300 4.3364 4
3204400 4.20729 4
3204500 3.99234 4
3204600 3.80216 4
3204700 3.70979 4
3204800 3.51674 4
3204900 3.50743 4
3205000 3.5871 4
3205100 3.73243 4
3205200 3.9321 4
3205300 4.12579 4
3205400 4.21299 4
3205500 4.21642 4
3205600 4.25441 4
3205700 4.12451 4
3205800 3.88217 4
3205900 3.79913 4
3206000 3.88455 4
3206100 3.95507 4
3206200 4.24497 4
3206300 4.47231 4
3206400 4.29387 4
3206500 3.80372 4
3206600 3.41389 4
3206700 3.42758 4
3206800 4.05681 4
3206900 4.79198 4
3207000 4.96102 4
3207100 4.41967 4
3207200 3.91724 4
3207300 3.65098 4
3207400 3.83825 4
3207500 4.04405 4
3207600 4.10855 4
3207700 4.28046 4
3207800 4.42302 4
3207900 4.32303 4
3208000 3.99656 4
3208100 3.76274 4
3208200 3.68416 4
3208300 3.80164 4
3208400 3.99716 4
3208500 4.08135 4
3208600 3.98997 4
3208700 3.6784 4
3208800 3.58025 4
3208900 3.94181 4
3209000 4.21051 4
3209100 4.22336 4
3209200 4.08418 4
3209300 4.08144 4
3209400 3.97975 4
3209500 4.21228 4
3209600 4.45643 4
3209700 4.26989 4
3209800 3.77743 4
3209900 3.34911 4
3210000 3.42495 4
3210100 3.81531 4
3210200 4.29532 4
3210300 4.4683 4
3210400 4.54593 4
3210500 4.39039 4
3210600 3.81301 4
3210700 3.66311 4
3210800 3.80374 4
3210900 4.12274 4
3211000 4.2557 4
3211100 4.19543 4
3211200 4.04857 4
3211300 4.24018 4
3211400 4.32106 4
3211500 4.11475 4
3211600 3.77848 4
3211700 3.89011 4
3211800 4.16178 4
3211900 4.12027 4
3212000 4.11537 4
3212100 4.06001 4
3212200 3.81961 4
3212300 3.67113 4
3212400 3.50389 4
3212500 3.64826 4
3212600 3.95009 4
3212700 4.2121 4
3212800 4.30498 4
3212900 3.79525 4
3213000 3.29828 4
3213100 3.28248 4
3213200 3.5525 4
3213300 4.23057 4
3213400 4.82418 4
3213500 5.09957 4
3213600 4.91007 4
3213700 4.33048 4
3213800 3.59754 4
3213900 3.21323 4
3214000 3.23886 4
3214100 3.46656 4
3214200 4.17948 4
3214300 4.86324 4
3214400 5.14997 4
3214500 4.78502 4
3214600 4.09765 4
3214700 3.68743 4
3214800 3.87784 4
3214900 4.39081 4
3215000 4.78625 4
3215100 5.02374 4
3215200 4.98976 4
3215300 4.49759 4
3215400 4.00666 4
3215500 3.89912 4
3215600 3.75456 4
3215700 3.61685 4
3215800 3.87289 4
3215900 4.16248 4
3216000 4.26012 4
3216100 4.35217 4
3216200 4.43817 4
3216300 4.45692 4
3216400 4.26787 4
3216500 3.94698 4
3216600 3.67665 4
3216700 3.77204 4
3216800 3.95883 4
3216900 4.22844 4
3217000 4.1848 4
3217100 4.02229 4
3217200 3.71453 4
3217300 3.38735 4
3217400 3.63332 4
3217500 4.07522 4
3217600 4.37896 4
3217700 4.43404 4
3217800 4.34703 4
3217900 4.40148 4
3218000 4.34512 4
3218100 4.31424 4
3218200 4.2856 4
3218300 4.16759 4
3218400 4.11506 4
3218500 3.96676 4
3218600 4.16715 4
3218700 4.50675 4
3218800 4.34384 4
3218900 4.12942 4
3219000 3.77361 4
3219100 3.39003 4
3219200 3.48258 4
3219300 3.91064 4
3219400 4.23754 4
3219500 4.3536 4
3219600 4.26988 4
3219700 3.96607 4
3219800 3.89753 4
3219900 4.12234 4
3220000 4.38029 4
3220100 4.69351 4
3220200 4.46531 4
3220300 3.96479 4
3220400 3.42292 4
3220500 3.03717 4
3220600 3.17854 4
3220700 3.36034 4
3220800 3.68927 4
3220900 4.21622 4
3221000 4.54129 4
3221100 4.68078 4
3221200 4.62658 4
3221300 4.20987 4
3221400 3.56588 4
3221500 3.39034 4
3221600 3.63268 4
3221700 4.0769 4
3221800 4.38082 4
3221900 3.95065 4
3222000 3.39309 4
3222100 3.43216 4
3222200 3.8431 4
3222300 4.28648 4
3222400 4.35902 4
3222500 3.92915 4
3222600 3.44151 4
3222700 3.22475 4
3222800 3.07817 4
3222900 3.20042 4
3223000 3.6573 4
3223100 4.25326 4
3223200 4.84277 4
3223300 4.88092 4
3223400 4.37069 4
3223500 3.55288 4
3223600 3.09003 4
3223700 3.1743 4
3223800 3.75862 4
3223900 4.41976 4
3224000 4.77033 4
3224100 4.72408 4
3224200 4.43605 4
3224300 3.97753 4
3224400 3.81072 4
3224500 4.00437 4
3224600 4.35363 4
3224700 4.44115 4
3224800 4.24131 4
3224900 4.01363 4
3225000 3.75625 4
3225100 3.57951 4
3225200 3.5902 4
3225300 3.96301 4
3225400 4.3817 4
3225500 4.54969 4
3225600 4.30841 4
3225700 3.9192 4
3225800 3.70941 4
3225900 3.65471 4
3226000 3.77816 4
3226100 3.91099 4
3226200 3.95336 4
3226300 3.94735 4
3226400 3.82119 4
3226500 3.84038 4
3226600 3.97527 4
3226700 4.10848 4
3226800 4.26237 4
3226900 4.17992 4
3227000 4.08844 4
3227100 4.09509 4
3227200 3.95489 4
3227300 4.06271 4
3227400 4.16007 4
3227500 4.01683 4
3227600 3.76898 4
3227700 3.73425 4
3227800 3.66984 4
3227900 3.84431 4
3228000 4.23992 4
3228100 4.52217 4
3228200 4.46624 4
3228300 4.1525 4
3228400 3.69788 4
3228500 3.43027 4
3228600 3.52769 4
3228700 3.91758 4
3228800 4.38868 4
3228900 4.58136 4
3229000 4.51949 4
3229100 4.42336 4
3229200 4.23763 4
3229300 4.323 4
3229400 4.45712 4
3229500 4.39817 4
3229600 4.31417 4
3229700 4.50156 4
3229800 4.42289 4
3229900 4.15243 4
3230000 4.11065 4
3230100 4.04165 4
3230200 4.02981 4
3230300 4.02537 4
3230400 3.94279 4
3230500 3.90607 4
3230600 3.93113 4
3230700 4.23475 4
3230800 4.42685 4
3230900 3.94392 4
3231000 3.40211 4
3231100 3.39704 4
3231200 3.85572 4
3231300 4.37175 4
3231400 4.80909 4
3231500 4.86079 4
3231600 4.39119 4
3231700 3.76832 4
3231800 3.48485 4
3231900 3.301 4
3232000 3.42393 4
3232100 3.72809 4
3232200 4.00353 4
3232300 4.15705 4
3232400 4.09507 4
3232500 4.0618 4
3232600 4.00183 4
3232700 3.74365 4
3232800 3.86987 4
3232900 4.27696 4
3233000 4.37509 4
3233100 4.06561 4
3233200 3.88647 4
3233300 3.84524 4
3233400 3.76361 4
3233500 3.70456 4
3233600 4.10829 4
3233700 4.3455 4
3233800 4.36158 4
3233900 4.17874 4
3234000 4.10771 4
3234100 4.00002 4
3234200 3.69891 4
3234300 3.61772 4
3234400 3.6925 4
3234500 3.8694 4
3234600 4.0049 4
3234700 4.23243 4
3234800 4.42686 4
3234900 4.30608 4
3235000 4.02546 4
3235100 3.677 4
3235200 3.55971 4
3235300 3.85197 4
3235400 4.3013 4
3235500 4.48133 4
3235600 4.05801 4
3235700 3.65692 4
3235800 3.57253 4
3235900 4.02944 4
3236000 4.66023 4
3236100 4.85786 4
3236200 4.34173 4
3236300 3.69547 4
3236400 3.17974 4
3236500 2.99297 4
3236600 3.41609 4
3236700 3.83221 4
3236800 4.10752 4
3236900 4.22637 4
3237000 4.0189 4
3237100 3.64022 4
3237200 3.47759 4
3237300 3.68469 4
3237400 4.12592 4
3237500 4.31463 4
3237600 4.55926 4
3237700 4.65706 4
3237800 4.34912 4
3237900 3.98841 4
3238000 3.74372 4
3238100 3.46501 4
3238200 3.27144 4
3238300 3.25754 4
3238400 3.58251 4
3238500 4.03973 4
3238600 4.47895 4
3238700 4.43987 4
3238800 3.95086 4
3238900 3.57303 4
3239000 3.38714 4
3239100 3.40624 4
3239200 3.92403 4
3239300 4.50105 4
3239400 4.70641 4
3239500 4.54995 4
3239600 3.95374 4
3239700 3.51775 4
3239800 3.33585 4
3239900 3.61555 4
3240000 4.25195 4
3240100 4.82395 4
3240200 4.98896 4
3240300 4.80477 4
3240400 4.4656 4
3240500 4.06707 4
3240600 3.79044 4
3240700 3.63128 4
3240800 3.74259 4
3240900 4.01993 4
3241000 4.39495 4
3241100 4.27782 4
3241200 3.93144 4
3241300 3.64149 4
3241400 3.51009 4
3241500 3.64478 4
3241600 3.79196 4
3241700 3.55239 4
3241800 3.54957 4
3241900 3.87636 4
3242000 4.34572 4
3242100 4.70222 4
3242200 4.76727 4
3242300 4.51172 4
3242400 4.0185 4
3242500 3.69121 4
3242600 3.97044 4
3242700 4.59526 4
3242800 4.83405 4
3242900 4.56168 4
3243000 4.32635 4
3243100 4.21953 4
3243200 4.12313 4
3243300 4.31384 4
3243400 4.47662 4
3243500 4.34653 4
3243600 4.18932 4
3243700 3.99561 4
3243800 3.88358 4
3243900 4.0624 4
3244000 4.09578 4
3244100 4.14917 4
3244200 4.40463 4
3244300 4.41342 4
3244400 3.85565 4
3244500 3.28791 4
3244600 2.87266 4
3244700 2.91304 4
3244800 3.46621 4
3244900 4.16359 4
3245000 4.62525 4
3245100 4.6342 4
3245200 4.49527 4
3245300 4.33196 4
3245400 4.07731 4
3245500 3.9117 4
3245600 3.85076 4
3245700 3.73173 4
3245800 3.9152 4
3245900 4.04572 4
3246000 4.18451 4
3246100 4.26442 4
3246200 4.38283 4
3246300 4.46828 4
3246400 4.22512 4
3246500 3.82101 4
3246600 3.6032 4
3246700 3.65949 4
3246800 4.03574 4
3246900 4.1295 4
3247000 4.01968 4
3247100 3.7976 4
3247200 3.67794 4
3247300 3.50084 4
3247400 3.46103 4
3247500 3.6035 4
3247600 3.822 4
3247700 3.92933 4
3247800 3.90439 4
3247900 3.63994 4
3248000 3.56806 4
3248100 3.66668 4
3248200 3.59608 4
3248300 3.61491 4
3248400 3.78355 4
3248500 4.05342 4
3248600 4.18049 4
3248700 4.20375 4
3248800 4.07787 4
3248900 4.04389 4
3249000 3.9132 4
3249100 3.81933 4
3249200 3.82219 4
3249300 3.70825 4
3249400 3.72983 4
3249500 4.06423 4
3249600 4.19469 4
3249700 4.27792 4
3249800 4.09442 4
3249900 3.63267 4
3250000 3.24598 4
3250100 3.3751 4
3250200 3.85212 4
3250300 4.5627 4
3250400 4.75012 4
3250500 4.54943 4
3250600 4.12553 4
3250700 3.68667 4
3250800 3.67376 4
3250900 3.96797 4
3251000 4.31947 4
3251100 4.40701 4
3251200 4.31158 4
3251300 4.29159 4
3251400 4.28514 4
3251500 4.35336 4
3251600 4.19214 4
3251700 3.76133 4
3251800 3.59573 4
3251900 3.74126 4
3252000 3.87171 4
3252100 3.83215 4
3252200 3.74608 4
3252300 3.6898 4
3252400 3.75986 4
3252500 3.8154 4
3252600 3.86961 4
3252700 3.90219 4
3252800 4.18269 4
3252900 4.30354 4
3253000 4.23323 4
3253100 4.10644 4
3253200 4.05804 4
3253300 3.64815 4
3253400 3.31766 4
3253500 3.46466 4
3253600 3.80708 4
3253700 4.07697 4
3253800 4.19306 4
3253900 4.10032 4
3254000 3.93011 4
3254100 3.89634 4
3254200 3.92049 4
3254300 4.02836 4
3254400 4.21274 4
3254500 4.54012 4
3254600 4.69556 4
3254700 4.58947 4
3254800 4.48528 4
3254900 4.60793 4
3255000 4.4747 4
3255100 4.02618 4
3255200 3.25184 4
3255300 2.8301 4
3255400 2.91721 4
3255500 3.42684 4
3255600 4.29293 4
3255700 5.23819 4
3255800 5.72701 4
3255900 5.35089 4
3256000 4.46141 4
3256100 3.48065 4
3256200 2.98797 4
3256300 3.28908 4
3256400 3.66905 4
3256500 4.14579 4
3256600 4.3729 4
3256700 4.34937 4
3256800 3.96089 4
3256900 3.46974 4
3257000 3.59204 4
3257100 4.0728 4
3257200 4.29275 4
3257300 4.10877 4
3257400 3.7873 4
3257500 3.95268 4
3257600 4.10505 4
3257700 4.41927 4
3257800 4.43962 4
3257900 3.96006 4
3258000 3.87619 4
3258100 4.107 4
3258200 4.22492 4
3258300 4.20814 4
3258400 4.3463 4
3258500 4.63975 4
3258600 4.32047 4
3258700 3.67845 4
3258800 3.56667 4
3258900 3.8187 4
3259000 4.11432 4
3259100 4.14575 4
3259200 3.85916 4
3259300 3.49862 4
3259400 3.27067 4
3259500 3.39074 4
3259600 3.76822 4
3259700 3.99288 4
3259800 4.04695 4
3259900 4.11644 4
3260000 4.15566 4
3260100 3.84063 4
3260200 3.58657 4
3260300 3.76382 4
3260400 3.9465 4
3260500 3.98064 4
3260600 4.41466 4
3260700 4.56745 4
3260800 4.111 4
3260900 3.63426 4
3261000 3.38834 4
3261100 3.43843 4
3261200 3.81498 4
3261300 4.11825 4
3261400 4.1396 4
3261500 4.06499 4
3261600 3.79753 4
3261700 3.82662 4
3261800 3.97072 4
3261900 4.27066 4
3262000 4.38051 4
3262100 4.10511 4
3262200 3.9848 4
3262300 3.69731 4
3262400 3.52652 4
3262500 3.62275 4
3262600 3.79371 4
3262700 3.83633 4
3262800 3.71547 4
3262900 3.95498 4
3263000 4.32707 4
3263100 4.52094 4
3263200 4.61121 4
3263300 4.5096 4
3263400 4.07739 4
3263500 3.71941 4
3263600 3.66593 4
3263700 3.78887 4
3263800 3.99926 4
3263900 4.18173 4
3264000 4.01052 4
3264100 3.82425 4
3264200 3.77993 4
3264300 4.03155 4
3264400 4.18849 4
3264500 4.35329 4
3264600 4.4736 4
3264700 4.50185 4
3264800 4.26119 4
3264900 3.91181 4
3265000 3.70019 4
3265100 3.66945 4
3265200 4.08609 4
3265300 4.42708 4
3265400 4.47431 4
3265500 4.14195 4
3265600 3.43903 4
3265700 3.00756 4
3265800 2.98742 4
3265900 3.20202 4
3266000 3.61138 4
3266100 4.22644 4
3266200 4.67136 4
3266300 4.54368 4
3266400 4.42519 4
3266500 4.05299 4
3266600 3.44852 4
3266700 3.25974 4
3266800 3.49668 4
3266900 4.00944 4
3267000 4.359 4
3267100 4.46976 4
3267200 4.33274 4
3267300 4.01022 4
3267400 3.54078 4
3267500 3.22532 4
3267600 3.16894 4
3267700 3.42814 4
3267800 3.94962 4
3267900 4.14872 4
3268000 3.97906 4
3268100 3.56359 4
3268200 3.44625 4
3268300 3.77236 4
3268400 4.49201 4
3268500 5.15283 4
3268600 5.2938 4
3268700 4.87679 4
3268800 4.22031 4
3268900 3.72123 4
3269000 3.60068 4
3269100 3.71775 4
3269200 3.96915 4
3269300 4.16554 4
3269400 4.11739 4
3269500 4.1738 4
3269600 4.19549 4
3269700 4.28029 4
3269800 4.09708 4
3269900 3.68467 4
3270000 3.6117 4
3270100 3.79757 4
3270200 3.71287 4
3270300 3.64899 4
3270400 3.81978 4
3270500 4.19279 4
3270600 4.28857 4
3270700 4.22083 4
3270800 4.04261 4
3270900 3.9657 4
3271000 3.98109 4
3271100 4.14391 4
3271200 4.23919 4
3271300 4.30163 4
3271400 4.31949 4
3271500 4.09218 4
3271600 3.93321 4
3271700 3.85655 4
3271800 4.13998 4
3271900 4.49902 4
3272000 4.46272 4
3272100 3.94736 4
3272200 3.35458 4
3272300 3.21559 4
3272400 3.55739 4
3272500 4.2343 4
3272600 4.64295 4
3272700 4.64477 4
3272800 4.40744 4
3272900 4.06607 4
3273000 3.79872 4
3273100 3.89395 4
3273200 3.97913 4
3273300 4.11913 4
3273400 4.08197 4
3273500 4.1993 4
3273600 4.06278 4
3273700 3.74118 4
3273800 3.66052 4
3273900 3.84032 4
3274000 4.1583 4
3274100 4.62315 4
3274200 4.81342 4
3274300 4.69482 4
3274400 3.97831 4
3274500 3.4115 4
3274600 3.42498 4
3274700 3.83997 4
3274800 4.2743 4
3274900 4.42236 4
3275000 3.99154 4
3275100 3.51376 4
3275200 3.41235 4
3275300 3.70354 4
3275400 4.08223 4
3275500 4.59702 4
3275600 4.84956 4
3275700 4.4926 4
3275800 3.74781 4
3275900 3.1288 4
3276000 3.26118 4
3276100 3.59859 4
3276200 4.04266 4
3276300 4.40425 4
3276400 4.60263 4
3276500 4.4309 4
3276600 4.11921 4
3276700 3.65446 4
3276800 3.2578 4
3276900 3.73155 4
3277000 4.39006 4
3277100 4.50248 4
3277200 4.22702 4
3277300 3.88992 4
3277400 3.65983 4
3277500 3.46206 4
3277600 3.34541 4
3277700 3.53877 4
3277800 4.08394 4
3277900 4.37455 4
3278000 4.53291 4
3278100 4.4531 4
3278200 4.16177 4
3278300 3.67945 4
3278400 3.37152 4
3278500 3.49934 4
3278600 3.84231 4
3278700 4.16113 4
3278800 4.49221 4
3278900 4.47302 4
3279000 4.0507 4
3279100 3.62876 4
3279200 3.78832 4
3279300 4.29954 4
3279400 4.54555 4
3279500 4.46497 4
3279600 4.41996 4
3279700 4.37406 4
3279800 4.01563 4
3279900 3.47065 4
3280000 3.23816 4
3280100 3.37638 4
3280200 3.93648 4
3280300 4.42581 4
3280400 4.59396 4
3280500 4.50815 4
3280600 4.0918 4
3280700 3.3693 4
3280800 3.06009 4
3280900 3.13134 4
3281000 3.56723 4
3281100 4.30835 4
3281200 4.84522 4
3281300 5.06212 4
3281400 4.63352 4
3281500 3.81279 4
3281600 3.45358 4
3281700 3.74764 4
3281800 4.01422 4
3281900 3.94775 4
3282000 3.70586 4
3282100 3.67606 4
3282200 3.61155 4
3282300 3.80342 4
3282400 4.35165 4
3282500 4.79175 4
3282600 4.81471 4
3282700 4.36558 4
3282800 3.76163 4
3282900 3.70173 4
3283000 4.098 4
3283100 4.47811 4
3283200 4.52535 4
3283300 4.38142 4
3283400 4.11662 4
3283500 3.77291 4
3283600 3.55599 4
3283700 3.56626 4
3283800 3.86225 4
3283900 4.31652 4
3284000 4.47184 4
3284100 4.20698 4
3284200 3.76081 4
3284300 3.23004 4
3284400 3.13173 4
3284500 3.44983 4
3284600 4.11633 4
3284700 4.5389 4
3284800 4.52906 4
3284900 4.28528 4
3285000 3.80536 4
3285100 3.2527 4
3285200 3.41144 4
3285300 4.08548 4
3285400 4.69422 4
3285500 4.77993 4
3285600 4.57451 4
3285700 4.12645 4
3285800 3.89828 4
3285900 3.75256 4
3286000 3.48596 4
3286100 3.15994 4
3286200 3.40487 4
3286300 3.9156 4
3286400 4.28949 4
3286500 4.04488 4
3286600 3.52795 4
3286700 3.44499 4
3286800 3.78654 4
3286900 4.09441 4
3287000 4.14624 4
3287100 3.94304 4
3287200 3.72523 4
3287300 3.73007 4
3287400 3.7017 4
3287500 3.844 4
3287600 4.11432 4
3287700 4.33594 4
3287800 4.32483 4
3287900 4.17826 4
3288000 3.97583 4
3288100 3.82795 4
3288200 3.78761 4
3288300 3.90487 4
3288400 4.07166 4
3288500 4.08269 4
3288600 4.30329 4
3288700 4.62188 4
3288800 4.48152 4
3288900 4.10001 4
3289000 3.75658 4
3289100 3.74473 4
3289200 3.80901 4
3289300 3.63512 4
3289400 3.79677 4
3289500 4.31152 4
3289600 4.62902 4
3289700 4.7405 4
3289800 4.53754 4
3289900 4.24994 4
3290000 3.94783 4
