# Time-averaged data for fix myat1
# TimeStep v_xave v_xdes
2350100 -11.1126 -10
2350200 -10.9072 -10
2350300 -10.8427 -10
2350400 -10.8199 -10
2350500 -10.9517 -10
2350600 -11.0107 -10
2350700 -10.7292 -10
2350800 -10.4182 -10
2350900 -10.4931 -10
2351000 -10.9833 -10
2351100 -11.4296 -10
2351200 -11.2764 -10
2351300 -10.9715 -10
2351400 -10.7939 -10
2351500 -10.5934 -10
2351600 -10.729 -10
2351700 -11.1122 -10
2351800 -11.3647 -10
2351900 -11.3908 -10
2352000 -11.1317 -10
2352100 -10.6583 -10
2352200 -10.6395 -10
2352300 -11.1263 -10
2352400 -11.5555 -10
2352500 -11.3846 -10
2352600 -11.0922 -10
2352700 -10.6904 -10
2352800 -10.2832 -10
2352900 -10.5625 -10
2353000 -11.1981 -10
2353100 -11.6881 -10
2353200 -11.2466 -10
2353300 -10.5939 -10
2353400 -10.6245 -10
2353500 -10.9951 -10
2353600 -11.0965 -10
2353700 -10.8189 -10
2353800 -10.6507 -10
2353900 -10.7476 -10
2354000 -11.178 -10
2354100 -11.3532 -10
2354200 -10.9919 -10
2354300 -10.6883 -10
2354400 -10.7321 -10
2354500 -10.9741 -10
2354600 -11.0376 -10
2354700 -10.6503 -10
2354800 -10.4395 -10
2354900 -10.4845 -10
2355000 -10.8511 -10
2355100 -11.1246 -10
2355200 -10.9385 -10
2355300 -10.7176 -10
2355400 -10.4992 -10
2355500 -10.6104 -10
2355600 -10.8259 -10
2355700 -10.7571 -10
2355800 -10.9129 -10
2355900 -11.0768 -10
2356000 -11.101 -10
2356100 -10.9932 -10
2356200 -10.8034 -10
2356300 -10.4485 -10
2356400 -10.4016 -10
2356500 -10.8536 -10
2356600 -11.2414 -10
2356700 -11.2605 -10
2356800 -11.0164 -10
2356900 -11.0432 -10
2357000 -10.9663 -10
2357100 -10.7536 -10
2357200 -10.6608 -10
2357300 -11.0054 -10
2357400 -11.2215 -10
2357500 -10.8735 -10
2357600 -10.5586 -10
2357700 -10.6855 -10
2357800 -10.7353 -10
2357900 -10.7625 -10
2358000 -10.8165 -10
2358100 -10.7475 -10
2358200 -10.5877 -10
2358300 -10.7969 -10
2358400 -11.2648 -10
2358500 -11.6113 -10
2358600 -11.5965 -10
2358700 -11.069 -10
2358800 -10.6128 -10
2358900 -10.8214 -10
2359000 -11.2793 -10
2359100 -11.2028 -10
2359200 -10.9121 -10
2359300 -10.7799 -10
2359400 -10.8269 -10
2359500 -10.9265 -10
2359600 -10.7288 -10
2359700 -10.6547 -10
2359800 -10.9498 -10
2359900 -11.1327 -10
2360000 -10.7767 -10
2360100 -10.66 -10
2360200 -10.705 -10
2360300 -10.9113 -10
2360400 -11.081 -10
2360500 -11.089 -10
2360600 -10.698 -10
2360700 -10.6653 -10
2360800 -10.9523 -10
2360900 -10.9427 -10
2361000 -10.8252 -10
2361100 -10.5635 -10
2361200 -10.6748 -10
2361300 -10.9886 -10
2361400 -11.3542 -10
2361500 -11.3565 -10
2361600 -11.1221 -10
2361700 -10.7884 -10
2361800 -10.8464 -10
2361900 -10.8713 -10
2362000 -10.9387 -10
2362100 -11.0168 -10
2362200 -11.0144 -10
2362300 -11.0195 -10
2362400 -11.0414 -10
2362500 -10.9479 -10
2362600 -10.5693 -10
2362700 -10.4019 -10
2362800 -10.7321 -10
2362900 -11.1098 -10
2363000 -11.2906 -10
2363100 -10.9315 -10
2363200 -10.4878 -10
2363300 -10.753 -10
2363400 -11.28 -10
2363500 -11.1865 -10
2363600 -10.5817 -10
2363700 -10.4118 -10
2363800 -10.6273 -10
2363900 -10.9361 -10
2364000 -11.1019 -10
2364100 -10.9977 -10
2364200 -10.6229 -10
2364300 -10.4761 -10
2364400 -10.765 -10
2364500 -10.9761 -10
2364600 -11.2392 -10
2364700 -11.1605 -10
2364800 -10.8886 -10
2364900 -10.6472 -10
2365000 -10.7887 -10
2365100 -10.807 -10
2365200 -10.8262 -10
2365300 -10.7914 -10
2365400 -10.7428 -10
2365500 -10.7963 -10
2365600 -11.0767 -10
2365700 -11.0663 -10
2365800 -10.8285 -10
2365900 -10.7352 -10
2366000 -10.9658 -10
2366100 -11.058 -10
2366200 -10.9215 -10
2366300 -10.7845 -10
2366400 -10.7348 -10
2366500 -10.7141 -10
2366600 -10.8967 -10
2366700 -10.8103 -10
2366800 -10.8284 -10
2366900 -10.8698 -10
2367000 -10.7699 -10
2367100 -10.7841 -10
2367200 -11.0094 -10
2367300 -11.1206 -10
2367400 -10.925 -10
2367500 -10.7421 -10
2367600 -10.7418 -10
2367700 -10.9812 -10
2367800 -10.9959 -10
2367900 -10.7846 -10
2368000 -10.6636 -10
2368100 -10.6598 -10
2368200 -10.5228 -10
2368300 -10.5456 -10
2368400 -11.0013 -10
2368500 -11.4738 -10
2368600 -11.5201 -10
2368700 -10.9242 -10
2368800 -10.4107 -10
2368900 -10.5721 -10
2369000 -11.2269 -10
2369100 -11.6242 -10
2369200 -11.5648 -10
2369300 -11.1257 -10
2369400 -10.6282 -10
2369500 -10.5532 -10
2369600 -10.9037 -10
2369700 -11.3745 -10
2369800 -11.1873 -10
2369900 -10.9711 -10
2370000 -10.8852 -10
2370100 -10.9193 -10
2370200 -10.9597 -10
2370300 -11.0125 -10
2370400 -11.0759 -10
2370500 -10.9028 -10
2370600 -10.6425 -10
2370700 -10.7894 -10
2370800 -10.9901 -10
2370900 -11.1668 -10
2371000 -11.065 -10
2371100 -10.771 -10
2371200 -10.6453 -10
2371300 -10.9452 -10
2371400 -11.1857 -10
2371500 -11.1971 -10
2371600 -10.984 -10
2371700 -10.6521 -10
2371800 -10.5247 -10
2371900 -10.6483 -10
2372000 -10.8533 -10
2372100 -10.8302 -10
2372200 -10.856 -10
2372300 -10.791 -10
2372400 -10.7801 -10
2372500 -10.8675 -10
2372600 -10.9106 -10
2372700 -10.9055 -10
2372800 -10.931 -10
2372900 -10.7173 -10
2373000 -10.4881 -10
2373100 -10.4863 -10
2373200 -10.6633 -10
2373300 -11.1172 -10
2373400 -11.4378 -10
2373500 -11.3796 -10
2373600 -10.9169 -10
2373700 -10.4466 -10
2373800 -10.568 -10
2373900 -11.0009 -10
2374000 -11.2055 -10
2374100 -11.277 -10
2374200 -11.1131 -10
2374300 -10.8864 -10
2374400 -10.8121 -10
2374500 -10.9367 -10
2374600 -10.878 -10
2374700 -10.7266 -10
2374800 -10.7635 -10
2374900 -10.8457 -10
2375000 -10.7508 -10
2375100 -10.8317 -10
2375200 -10.9365 -10
2375300 -10.9485 -10
2375400 -11.0613 -10
2375500 -10.9704 -10
2375600 -10.7336 -10
2375700 -10.7238 -10
2375800 -11.1325 -10
2375900 -11.4379 -10
2376000 -11.2781 -10
2376100 -10.559 -10
2376200 -10.5134 -10
2376300 -10.9801 -10
2376400 -11.2897 -10
2376500 -10.9211 -10
2376600 -10.3851 -10
2376700 -10.3823 -10
2376800 -10.9039 -10
2376900 -11.1275 -10
2377000 -10.9162 -10
2377100 -10.7106 -10
2377200 -10.681 -10
2377300 -10.8614 -10
2377400 -11.0741 -10
2377500 -10.9412 -10
2377600 -10.7702 -10
2377700 -10.8256 -10
2377800 -11.0841 -10
2377900 -11.1872 -10
2378000 -11.0101 -10
2378100 -10.9806 -10
2378200 -11.0214 -10
2378300 -10.8667 -10
2378400 -10.4571 -10
2378500 -10.5154 -10
2378600 -11.0433 -10
2378700 -11.8181 -10
2378800 -11.899 -10
2378900 -11.2399 -10
2379000 -10.3872 -10
2379100 -10.3603 -10
2379200 -10.7494 -10
2379300 -11.0347 -10
2379400 -11.2583 -10
2379500 -11.1947 -10
2379600 -10.8703 -10
2379700 -10.6304 -10
2379800 -10.7702 -10
2379900 -11.0543 -10
2380000 -10.9224 -10
2380100 -10.537 -10
2380200 -10.3785 -10
2380300 -10.3866 -10
2380400 -10.7903 -10
2380500 -11.3004 -10
2380600 -11.2761 -10
2380700 -11.1796 -10
2380800 -10.7124 -10
2380900 -10.6532 -10
2381000 -10.8322 -10
2381100 -10.7976 -10
2381200 -10.897 -10
2381300 -11.0308 -10
2381400 -11.1639 -10
2381500 -10.9711 -10
2381600 -10.7104 -10
2381700 -10.6367 -10
2381800 -10.5813 -10
2381900 -10.7358 -10
2382000 -10.9057 -10
2382100 -11.0975 -10
2382200 -11.1273 -10
2382300 -11.0058 -10
2382400 -10.9746 -10
2382500 -11.113 -10
2382600 -11.299 -10
2382700 -11.1334 -10
2382800 -10.7651 -10
2382900 -10.8103 -10
2383000 -10.9941 -10
2383100 -11.1123 -10
2383200 -11.2032 -10
2383300 -11.0471 -10
2383400 -10.8486 -10
2383500 -11.0581 -10
2383600 -11.1167 -10
2383700 -10.8337 -10
2383800 -10.6005 -10
2383900 -10.9269 -10
2384000 -11.4745 -10
2384100 -11.2642 -10
2384200 -10.9067 -10
2384300 -10.851 -10
2384400 -11.1122 -10
2384500 -10.9724 -10
2384600 -10.6585 -10
2384700 -10.5637 -10
2384800 -10.5796 -10
2384900 -10.7618 -10
2385000 -11.1796 -10
2385100 -11.4597 -10
2385200 -11.2121 -10
2385300 -10.7804 -10
2385400 -10.4305 -10
2385500 -10.7197 -10
2385600 -11.2415 -10
2385700 -11.02 -10
2385800 -10.6327 -10
2385900 -10.553 -10
2386000 -10.5083 -10
2386100 -10.6873 -10
2386200 -10.8013 -10
2386300 -10.9051 -10
2386400 -11.1391 -10
2386500 -11.1582 -10
2386600 -10.8376 -10
2386700 -10.6269 -10
2386800 -10.644 -10
2386900 -11.0845 -10
2387000 -11.6229 -10
2387100 -11.5295 -10
2387200 -10.91 -10
2387300 -10.4582 -10
2387400 -10.137 -10
2387500 -10.4911 -10
2387600 -11.1477 -10
2387700 -11.4228 -10
2387800 -11.1646 -10
2387900 -10.8259 -10
2388000 -10.9737 -10
2388100 -10.9541 -10
2388200 -10.8495 -10
2388300 -10.8372 -10
2388400 -10.6697 -10
2388500 -10.668 -10
2388600 -10.5809 -10
2388700 -10.7838 -10
2388800 -11.1694 -10
2388900 -11.3059 -10
2389000 -10.9172 -10
2389100 -10.5958 -10
2389200 -10.9072 -10
2389300 -10.9682 -10
2389400 -11.0156 -10
2389500 -10.9878 -10
2389600 -11.0197 -10
2389700 -10.9025 -10
2389800 -10.6256 -10
2389900 -10.6442 -10
2390000 -10.8909 -10
2390100 -11.0581 -10
2390200 -10.9641 -10
2390300 -10.7617 -10
2390400 -10.7817 -10
2390500 -10.9385 -10
2390600 -11.0457 -10
2390700 -11.0246 -10
2390800 -10.8758 -10
2390900 -11.0285 -10
2391000 -10.9036 -10
2391100 -10.5268 -10
2391200 -10.5671 -10
2391300 -10.8153 -10
2391400 -10.8616 -10
2391500 -10.9842 -10
2391600 -10.9734 -10
2391700 -10.9609 -10
2391800 -10.8034 -10
2391900 -10.948 -10
2392000 -11.3237 -10
2392100 -11.1891 -10
2392200 -10.7416 -10
2392300 -10.3126 -10
2392400 -10.2421 -10
2392500 -10.5771 -10
2392600 -11.1294 -10
2392700 -11.2095 -10
2392800 -10.9531 -10
2392900 -10.9242 -10
2393000 -11.1063 -10
2393100 -10.9838 -10
2393200 -10.6445 -10
2393300 -10.4383 -10
2393400 -10.2967 -10
2393500 -10.5003 -10
2393600 -11.0764 -10
2393700 -11.4252 -10
2393800 -11.3113 -10
2393900 -10.7298 -10
2394000 -10.3035 -10
2394100 -10.5326 -10
2394200 -11.0533 -10
2394300 -11.2618 -10
2394400 -11.1936 -10
2394500 -10.7132 -10
2394600 -10.5171 -10
2394700 -10.7901 -10
2394800 -10.9819 -10
2394900 -11.1325 -10
2395000 -10.9148 -10
2395100 -10.6441 -10
2395200 -10.6707 -10
2395300 -11.154 -10
2395400 -11.5148 -10
2395500 -11.5937 -10
2395600 -11.1701 -10
2395700 -10.5139 -10
2395800 -10.4065 -10
2395900 -10.7073 -10
2396000 -10.9137 -10
2396100 -11.2189 -10
2396200 -11.0257 -10
2396300 -10.6035 -10
2396400 -10.6826 -10
2396500 -10.9329 -10
2396600 -10.7852 -10
2396700 -10.7838 -10
2396800 -10.8832 -10
2396900 -10.5477 -10
2397000 -10.2571 -10
2397100 -10.5599 -10
2397200 -10.9524 -10
2397300 -10.9771 -10
2397400 -10.8243 -10
2397500 -10.8253 -10
2397600 -11.1419 -10
2397700 -11.4762 -10
2397800 -11.4879 -10
2397900 -11.3071 -10
2398000 -11.0925 -10
2398100 -11.0137 -10
2398200 -10.7679 -10
2398300 -10.6081 -10
2398400 -10.5853 -10
2398500 -10.9846 -10
2398600 -11.4045 -10
2398700 -11.344 -10
2398800 -10.9901 -10
2398900 -10.9291 -10
2399000 -11.074 -10
2399100 -11.172 -10
2399200 -10.884 -10
2399300 -10.7915 -10
2399400 -11.0493 -10
2399500 -11.2382 -10
2399600 -11.3389 -10
2399700 -11.23 -10
2399800 -11.0376 -10
2399900 -10.7426 -10
2400000 -10.4846 -10
2400100 -10.5943 -10
2400200 -10.8695 -10
2400300 -11.2869 -10
2400400 -11.4257 -10
2400500 -11.2262 -10
2400600 -10.7401 -10
2400700 -10.453 -10
2400800 -10.5911 -10
2400900 -10.9973 -10
2401000 -11.3809 -10
2401100 -11.1987 -10
2401200 -11.0301 -10
2401300 -10.7804 -10
2401400 -10.7555 -10
2401500 -10.873 -10
2401600 -10.9453 -10
2401700 -10.5539 -10
2401800 -10.2615 -10
2401900 -10.3467 -10
2402000 -10.6886 -10
2402100 -11.0972 -10
2402200 -11.1893 -10
2402300 -11.0791 -10
2402400 -10.9107 -10
2402500 -10.9511 -10
2402600 -11.1908 -10
2402700 -11.5485 -10
2402800 -11.5533 -10
2402900 -11.1836 -10
2403000 -10.705 -10
2403100 -10.7093 -10
2403200 -10.8362 -10
2403300 -11.1258 -10
2403400 -11.1231 -10
2403500 -10.8167 -10
2403600 -10.5769 -10
2403700 -10.637 -10
2403800 -10.8662 -10
2403900 -11.1027 -10
2404000 -10.9984 -10
2404100 -10.8859 -10
2404200 -10.8455 -10
2404300 -10.6051 -10
2404400 -10.9399 -10
2404500 -11.1978 -10
2404600 -11.1056 -10
2404700 -10.7863 -10
2404800 -10.4906 -10
2404900 -10.5852 -10
2405000 -11.0076 -10
2405100 -11.1585 -10
2405200 -10.8777 -10
2405300 -10.91 -10
2405400 -11.1855 -10
2405500 -11.3759 -10
2405600 -11.3145 -10
2405700 -10.8302 -10
2405800 -10.4238 -10
2405900 -10.5078 -10
2406000 -10.8708 -10
2406100 -11.3548 -10
2406200 -11.4973 -10
2406300 -11.1817 -10
2406400 -10.4576 -10
2406500 -10.3777 -10
2406600 -11.0003 -10
2406700 -11.376 -10
2406800 -10.9792 -10
2406900 -10.5282 -10
2407000 -10.4384 -10
2407100 -10.8256 -10
2407200 -10.9589 -10
2407300 -10.7276 -10
2407400 -10.869 -10
2407500 -11.1187 -10
2407600 -11.2167 -10
2407700 -11.168 -10
2407800 -11.0628 -10
2407900 -10.9121 -10
2408000 -10.722 -10
2408100 -10.617 -10
2408200 -10.7458 -10
2408300 -11.1206 -10
2408400 -11.3641 -10
2408500 -11.0376 -10
2408600 -10.7772 -10
2408700 -10.7289 -10
2408800 -10.7139 -10
2408900 -10.645 -10
2409000 -10.6352 -10
2409100 -10.8167 -10
2409200 -10.9831 -10
2409300 -11.0648 -10
2409400 -11.0396 -10
2409500 -10.976 -10
2409600 -10.9224 -10
2409700 -10.9015 -10
2409800 -11.2291 -10
2409900 -11.2735 -10
2410000 -11.0249 -10
2410100 -10.791 -10
2410200 -10.9537 -10
2410300 -11.1869 -10
2410400 -11.0334 -10
2410500 -10.6978 -10
2410600 -10.7308 -10
2410700 -10.9479 -10
2410800 -11.057 -10
2410900 -10.9731 -10
2411000 -10.8061 -10
2411100 -10.5694 -10
2411200 -10.5059 -10
2411300 -10.6814 -10
2411400 -11.1073 -10
2411500 -11.2764 -10
2411600 -10.8709 -10
2411700 -10.41 -10
2411800 -10.7312 -10
2411900 -11.2636 -10
2412000 -11.2989 -10
2412100 -11.2015 -10
2412200 -10.82 -10
2412300 -10.4521 -10
2412400 -10.7439 -10
2412500 -11.0219 -10
2412600 -11.3464 -10
2412700 -11.4308 -10
2412800 -11.1474 -10
2412900 -10.7739 -10
2413000 -10.5169 -10
2413100 -10.6094 -10
2413200 -11.0246 -10
2413300 -11.2411 -10
2413400 -11.1217 -10
2413500 -10.9246 -10
2413600 -10.9589 -10
2413700 -11.0747 -10
2413800 -10.9321 -10
2413900 -10.9782 -10
2414000 -11.1542 -10
2414100 -11.1887 -10
2414200 -11.1037 -10
2414300 -10.859 -10
2414400 -11.113 -10
2414500 -11.2299 -10
2414600 -10.7744 -10
2414700 -10.5988 -10
2414800 -10.524 -10
2414900 -10.7515 -10
2415000 -11.0585 -10
2415100 -10.8275 -10
2415200 -10.663 -10
2415300 -10.8952 -10
2415400 -11.0456 -10
2415500 -11.0025 -10
2415600 -10.7231 -10
2415700 -10.7061 -10
2415800 -11.1959 -10
2415900 -11.4388 -10
2416000 -11.1891 -10
2416100 -11.0143 -10
2416200 -10.9108 -10
2416300 -10.9847 -10
2416400 -11.0845 -10
2416500 -10.9665 -10
2416600 -10.6816 -10
2416700 -10.5234 -10
2416800 -10.8663 -10
2416900 -11.2328 -10
2417000 -11.2857 -10
2417100 -10.7445 -10
2417200 -10.6804 -10
2417300 -10.8501 -10
2417400 -10.8936 -10
2417500 -10.8479 -10
2417600 -10.8569 -10
2417700 -10.9317 -10
2417800 -10.8268 -10
2417900 -10.8024 -10
2418000 -10.9012 -10
2418100 -10.8824 -10
2418200 -10.7001 -10
2418300 -10.4923 -10
2418400 -10.6035 -10
2418500 -10.7485 -10
2418600 -10.9582 -10
2418700 -11.4246 -10
2418800 -11.471 -10
2418900 -11.0696 -10
2419000 -10.6431 -10
2419100 -10.6797 -10
2419200 -11.1432 -10
2419300 -11.4823 -10
2419400 -11.2366 -10
2419500 -10.4922 -10
2419600 -10.0384 -10
2419700 -10.4713 -10
2419800 -11.1417 -10
2419900 -11.4736 -10
2420000 -11.457 -10
2420100 -11.2288 -10
2420200 -10.8758 -10
2420300 -10.766 -10
2420400 -10.8067 -10
2420500 -11.3186 -10
2420600 -11.2619 -10
2420700 -10.6059 -10
2420800 -10.1713 -10
2420900 -10.7214 -10
2421000 -11.4534 -10
2421100 -11.4232 -10
2421200 -11.1982 -10
2421300 -11.09 -10
2421400 -10.9186 -10
2421500 -10.8445 -10
2421600 -10.7211 -10
2421700 -10.8307 -10
2421800 -10.7272 -10
2421900 -10.3328 -10
2422000 -10.1595 -10
2422100 -10.5634 -10
2422200 -10.9527 -10
2422300 -11.076 -10
2422400 -10.8362 -10
2422500 -10.8712 -10
2422600 -11.0579 -10
2422700 -10.9241 -10
2422800 -10.558 -10
2422900 -10.344 -10
2423000 -10.6127 -10
2423100 -11.0383 -10
2423200 -11.1782 -10
2423300 -11.0442 -10
2423400 -10.8791 -10
2423500 -10.6431 -10
2423600 -10.7134 -10
2423700 -10.6848 -10
2423800 -10.9226 -10
2423900 -11.314 -10
2424000 -11.3286 -10
2424100 -10.9442 -10
2424200 -10.6831 -10
2424300 -10.9548 -10
2424400 -11.1381 -10
2424500 -11.1173 -10
2424600 -10.8833 -10
2424700 -10.5522 -10
2424800 -10.6758 -10
2424900 -11.0164 -10
2425000 -11.2144 -10
2425100 -10.9345 -10
2425200 -10.6535 -10
2425300 -10.6369 -10
2425400 -10.6151 -10
2425500 -10.9398 -10
2425600 -11.2423 -10
2425700 -11.1968 -10
2425800 -11.0606 -10
2425900 -10.9491 -10
2426000 -10.8655 -10
2426100 -10.8744 -10
2426200 -10.9692 -10
2426300 -11.1363 -10
2426400 -11.0326 -10
2426500 -10.8087 -10
2426600 -10.6423 -10
2426700 -10.6208 -10
2426800 -10.6599 -10
2426900 -10.9497 -10
2427000 -11.1245 -10
2427100 -11.0691 -10
2427200 -10.9842 -10
2427300 -10.6656 -10
2427400 -10.5762 -10
2427500 -10.9928 -10
2427600 -11.3435 -10
2427700 -11.3904 -10
2427800 -11.1893 -10
2427900 -10.9205 -10
2428000 -10.7071 -10
2428100 -10.3926 -10
2428200 -10.1927 -10
2428300 -10.5138 -10
2428400 -10.8308 -10
2428500 -11.0258 -10
2428600 -11.0307 -10
2428700 -10.8284 -10
2428800 -10.7821 -10
2428900 -10.8737 -10
2429000 -10.9742 -10
2429100 -10.9013 -10
2429200 -10.5204 -10
2429300 -10.5248 -10
2429400 -11.0516 -10
2429500 -11.4579 -10
2429600 -10.955 -10
2429700 -10.2705 -10
2429800 -10.2338 -10
2429900 -10.7922 -10
2430000 -11.5253 -10
2430100 -11.4898 -10
2430200 -10.9493 -10
2430300 -10.4876 -10
2430400 -10.6168 -10
2430500 -11.3229 -10
2430600 -11.8439 -10
2430700 -11.5206 -10
2430800 -10.8011 -10
2430900 -10.232 -10
2431000 -10.4179 -10
2431100 -10.7744 -10
2431200 -11.2185 -10
2431300 -11.3813 -10
2431400 -11.3228 -10
2431500 -11.0806 -10
2431600 -10.8127 -10
2431700 -10.7547 -10
2431800 -11.0197 -10
2431900 -11.3353 -10
2432000 -11.5114 -10
2432100 -11.4662 -10
2432200 -10.7372 -10
2432300 -9.96404 -10
2432400 -10.2822 -10
2432500 -11.2174 -10
2432600 -11.7173 -10
2432700 -11.3178 -10
2432800 -10.7686 -10
2432900 -10.5186 -10
2433000 -10.7876 -10
2433100 -11.0082 -10
2433200 -11.1755 -10
2433300 -11.1177 -10
2433400 -10.9618 -10
2433500 -10.8678 -10
2433600 -10.7973 -10
2433700 -10.9277 -10
2433800 -10.9837 -10
2433900 -10.9232 -10
2434000 -10.9985 -10
2434100 -11.033 -10
2434200 -10.8584 -10
2434300 -10.6476 -10
2434400 -10.6669 -10
2434500 -10.6633 -10
2434600 -11.1553 -10
2434700 -11.5982 -10
2434800 -11.5045 -10
2434900 -11.0095 -10
2435000 -10.7022 -10
2435100 -10.867 -10
2435200 -10.9877 -10
2435300 -10.8326 -10
2435400 -10.563 -10
2435500 -10.7457 -10
2435600 -11.1791 -10
2435700 -11.1431 -10
2435800 -10.9375 -10
2435900 -10.9231 -10
2436000 -10.651 -10
2436100 -10.5499 -10
2436200 -10.9562 -10
2436300 -11.1004 -10
2436400 -11.1535 -10
2436500 -11.1793 -10
2436600 -10.7785 -10
2436700 -10.2041 -10
2436800 -10.4732 -10
2436900 -11.1954 -10
2437000 -11.4483 -10
2437100 -11.2817 -10
2437200 -10.6933 -10
2437300 -10.4402 -10
2437400 -10.5583 -10
2437500 -10.9255 -10
2437600 -11.2406 -10
2437700 -11.3978 -10
2437800 -10.9625 -10
2437900 -10.4652 -10
2438000 -10.6526 -10
2438100 -10.9946 -10
2438200 -10.9472 -10
2438300 -10.5369 -10
2438400 -10.3001 -10
2438500 -10.5701 -10
2438600 -11.1054 -10
2438700 -11.3156 -10
2438800 -10.9465 -10
2438900 -10.6115 -10
2439000 -10.7095 -10
2439100 -10.9999 -10
2439200 -11.0871 -10
2439300 -10.9109 -10
2439400 -10.6987 -10
2439500 -10.5801 -10
2439600 -10.626 -10
2439700 -10.8099 -10
2439800 -11.0331 -10
2439900 -11.1666 -10
2440000 -11.067 -10
2440100 -10.6751 -10
2440200 -10.3466 -10
2440300 -10.5396 -10
2440400 -11.0331 -10
2440500 -11.2051 -10
2440600 -10.9008 -10
2440700 -10.5072 -10
2440800 -10.5677 -10
2440900 -11.0576 -10
2441000 -11.3864 -10
2441100 -11.0926 -10
2441200 -10.4189 -10
2441300 -10.3282 -10
2441400 -10.7788 -10
2441500 -11.3825 -10
2441600 -11.5751 -10
2441700 -11.0934 -10
2441800 -10.4374 -10
2441900 -10.1615 -10
2442000 -10.567 -10
2442100 -10.9935 -10
2442200 -11.1856 -10
2442300 -11.2237 -10
2442400 -11.0834 -10
2442500 -10.5603 -10
2442600 -10.1768 -10
2442700 -10.552 -10
2442800 -11.3199 -10
2442900 -11.7896 -10
2443000 -11.5721 -10
2443100 -11.1239 -10
2443200 -10.5526 -10
2443300 -10.2624 -10
2443400 -10.3655 -10
2443500 -11.1105 -10
2443600 -11.469 -10
2443700 -11.0729 -10
2443800 -10.5274 -10
2443900 -10.4234 -10
2444000 -10.6464 -10
2444100 -10.7421 -10
2444200 -10.8459 -10
2444300 -11.1026 -10
2444400 -11.2499 -10
2444500 -11.2067 -10
2444600 -10.8357 -10
2444700 -10.3794 -10
2444800 -10.4898 -10
2444900 -11.1239 -10
2445000 -11.3282 -10
2445100 -11.0231 -10
2445200 -10.7924 -10
2445300 -10.5241 -10
2445400 -10.5168 -10
2445500 -10.9214 -10
2445600 -11.1019 -10
2445700 -10.583 -10
2445800 -10.4467 -10
2445900 -10.7496 -10
2446000 -10.8738 -10
2446100 -10.8007 -10
2446200 -10.6246 -10
2446300 -10.6618 -10
2446400 -10.833 -10
2446500 -10.7781 -10
2446600 -10.6824 -10
2446700 -10.7678 -10
2446800 -10.8616 -10
2446900 -10.9274 -10
2447000 -11.006 -10
2447100 -11.0659 -10
2447200 -10.8843 -10
2447300 -10.7439 -10
2447400 -10.5756 -10
2447500 -10.6788 -10
2447600 -10.9238 -10
2447700 -11.4772 -10
2447800 -11.6175 -10
2447900 -11.2168 -10
2448000 -10.6559 -10
2448100 -10.4757 -10
2448200 -10.7134 -10
2448300 -10.9547 -10
2448400 -11.001 -10
2448500 -10.8324 -10
2448600 -10.6911 -10
2448700 -10.7426 -10
2448800 -10.9961 -10
2448900 -11.4246 -10
2449000 -11.4354 -10
2449100 -10.976 -10
2449200 -10.6109 -10
2449300 -10.6846 -10
2449400 -10.8569 -10
2449500 -10.9738 -10
2449600 -11.0996 -10
2449700 -10.9003 -10
2449800 -10.7555 -10
2449900 -10.833 -10
2450000 -10.9942 -10
