# Time-averaged data for fix myat1
# TimeStep v_xave v_xdes
6670100 11.7863 12
6670200 12.3473 12
6670300 12.9377 12
6670400 13.2054 12
6670500 12.9868 12
6670600 12.3099 12
6670700 11.8925 12
6670800 11.9509 12
6670900 12.2583 12
6671000 12.3326 12
6671100 12.2416 12
6671200 12.0546 12
6671300 11.9419 12
6671400 12.0658 12
6671500 12.5061 12
6671600 13.0508 12
6671700 13.3338 12
6671800 13.1503 12
6671900 12.7158 12
6672000 12.2576 12
6672100 11.8616 12
6672200 11.7599 12
6672300 12.0457 12
6672400 12.5609 12
6672500 12.9639 12
6672600 12.837 12
6672700 12.6306 12
6672800 12.5325 12
6672900 12.243 12
6673000 12.0854 12
6673100 12.0663 12
6673200 12.3686 12
6673300 12.7098 12
6673400 12.6591 12
6673500 12.4998 12
6673600 12.5706 12
6673700 12.6619 12
6673800 12.7804 12
6673900 12.7833 12
6674000 12.8287 12
6674100 12.9228 12
6674200 12.8741 12
6674300 12.5964 12
6674400 12.3203 12
6674500 12.2137 12
6674600 12.3666 12
6674700 12.4657 12
6674800 12.4263 12
6674900 12.3434 12
6675000 12.3869 12
6675100 12.2975 12
6675200 12.0418 12
6675300 12.0212 12
6675400 12.1252 12
6675500 12.339 12
6675600 12.559 12
6675700 12.7703 12
6675800 12.9101 12
6675900 12.8361 12
6676000 12.4519 12
6676100 12.1203 12
6676200 11.8978 12
6676300 11.9609 12
6676400 12.0474 12
6676500 12.0902 12
6676600 12.044 12
6676700 12.1265 12
6676800 12.3322 12
6676900 12.3142 12
6677000 12.6225 12
6677100 12.7969 12
6677200 12.6364 12
6677300 12.4471 12
6677400 12.3441 12
6677500 12.406 12
6677600 12.4913 12
6677700 12.6977 12
6677800 12.5674 12
6677900 12.4303 12
6678000 12.3345 12
6678100 12.2303 12
6678200 12.3387 12
6678300 12.2059 12
6678400 12.1137 12
6678500 11.8893 12
6678600 11.6266 12
6678700 11.5765 12
6678800 11.8697 12
6678900 12.3372 12
6679000 12.5894 12
6679100 12.2132 12
6679200 11.8671 12
6679300 12.0714 12
6679400 12.486 12
6679500 12.8857 12
6679600 13.1651 12
6679700 12.9673 12
6679800 12.7844 12
6679900 12.6569 12
6680000 12.3209 12
6680100 12.1872 12
6680200 12.4481 12
6680300 12.6656 12
6680400 12.7636 12
6680500 12.9724 12
6680600 13.0346 12
6680700 12.9957 12
6680800 12.9265 12
6680900 12.6612 12
6681000 12.6171 12
6681100 12.7764 12
6681200 12.6975 12
6681300 12.857 12
6681400 12.8231 12
6681500 12.2512 12
6681600 11.9056 12
6681700 11.9509 12
6681800 12.3174 12
6681900 12.6273 12
6682000 12.6366 12
6682100 12.6772 12
6682200 12.7161 12
6682300 12.6404 12
6682400 12.4666 12
6682500 12.2026 12
6682600 11.8673 12
6682700 11.8768 12
6682800 12.07 12
6682900 11.9564 12
6683000 11.7707 12
6683100 12.0213 12
6683200 12.5408 12
6683300 12.6334 12
6683400 12.498 12
6683500 12.3063 12
6683600 12.0664 12
6683700 12.0542 12
6683800 12.2023 12
6683900 12.3166 12
6684000 12.4946 12
6684100 12.6207 12
6684200 12.703 12
6684300 12.6292 12
6684400 12.4289 12
6684500 12.3597 12
6684600 12.4579 12
6684700 12.5512 12
6684800 12.5898 12
6684900 12.7027 12
6685000 13.0172 12
6685100 13.0743 12
6685200 12.6107 12
6685300 11.9871 12
6685400 11.8642 12
6685500 12.0648 12
6685600 12.3399 12
6685700 12.3849 12
6685800 12.3683 12
6685900 12.3664 12
6686000 12.7278 12
6686100 12.8667 12
6686200 12.8461 12
6686300 12.8194 12
6686400 12.5128 12
6686500 12.5036 12
6686600 12.5243 12
6686700 12.5771 12
6686800 12.7025 12
6686900 12.7717 12
6687000 12.7429 12
6687100 12.6456 12
6687200 12.5711 12
6687300 12.4988 12
6687400 12.7618 12
6687500 12.9859 12
6687600 13.1068 12
6687700 12.9683 12
6687800 12.8048 12
6687900 12.3231 12
6688000 11.9442 12
6688100 11.9115 12
6688200 12.1931 12
6688300 12.6391 12
6688400 12.9601 12
6688500 13.0124 12
6688600 12.9808 12
6688700 12.734 12
6688800 12.3622 12
6688900 12.0167 12
6689000 11.7213 12
6689100 11.7169 12
6689200 12.1118 12
6689300 12.662 12
6689400 13.0097 12
6689500 12.9813 12
6689600 12.5598 12
6689700 12.2231 12
6689800 12.3284 12
6689900 12.7388 12
6690000 13.1576 12
6690100 13.164 12
6690200 12.7482 12
6690300 12.3055 12
6690400 12.1236 12
6690500 12.1824 12
6690600 12.5221 12
6690700 12.9022 12
6690800 12.9722 12
6690900 12.6883 12
6691000 12.3008 12
6691100 11.9478 12
6691200 11.9075 12
6691300 12.2193 12
6691400 12.59 12
6691500 12.9188 12
6691600 13.0215 12
6691700 12.8084 12
6691800 12.404 12
6691900 12.0224 12
6692000 11.9435 12
6692100 12.1045 12
6692200 12.3091 12
6692300 12.4147 12
6692400 12.5556 12
6692500 12.7564 12
6692600 12.5346 12
6692700 11.9111 12
6692800 11.3666 12
6692900 11.4002 12
6693000 12.0319 12
6693100 12.3219 12
6693200 12.565 12
6693300 12.8114 12
6693400 12.7648 12
6693500 12.4794 12
6693600 12.4908 12
6693700 12.9042 12
6693800 13.2042 12
6693900 13.1721 12
6694000 12.6099 12
6694100 11.9725 12
6694200 11.7858 12
6694300 11.8375 12
6694400 11.8321 12
6694500 11.9238 12
6694600 12.2125 12
6694700 12.4625 12
6694800 12.7993 12
6694900 12.8022 12
6695000 12.5824 12
6695100 12.2163 12
6695200 11.8813 12
6695300 11.7784 12
6695400 12.2247 12
6695500 12.701 12
6695600 12.9986 12
6695700 13.1571 12
6695800 13.2484 12
6695900 13.1868 12
6696000 13.0457 12
6696100 12.7312 12
6696200 12.4462 12
6696300 12.1802 12
6696400 12.0915 12
6696500 12.1932 12
6696600 11.9364 12
6696700 11.6633 12
6696800 11.6333 12
6696900 12.0058 12
6697000 12.6439 12
6697100 12.8816 12
6697200 12.6195 12
6697300 12.4642 12
6697400 12.1347 12
6697500 12.0233 12
6697600 12.1 12
6697700 12.0876 12
6697800 11.9967 12
6697900 12.2762 12
6698000 12.3189 12
6698100 11.9757 12
6698200 11.7176 12
6698300 11.8379 12
6698400 12.199 12
6698500 12.3603 12
6698600 12.4952 12
6698700 12.4705 12
6698800 12.2663 12
6698900 12.1705 12
6699000 12.3273 12
6699100 12.4015 12
6699200 12.6025 12
6699300 12.8085 12
6699400 12.7288 12
6699500 12.4691 12
6699600 12.2306 12
6699700 12.2753 12
6699800 12.5311 12
6699900 12.2889 12
6700000 11.9835 12
6700100 11.9666 12
6700200 12.3255 12
6700300 12.6475 12
6700400 12.8173 12
6700500 12.583 12
6700600 12.3236 12
6700700 12.0791 12
6700800 12.0048 12
6700900 12.4364 12
6701000 13.0438 12
6701100 13.1534 12
6701200 12.8992 12
6701300 12.4214 12
6701400 11.9298 12
6701500 11.6678 12
6701600 11.7891 12
6701700 12.0414 12
6701800 12.2927 12
6701900 12.36 12
6702000 12.4281 12
6702100 12.4346 12
6702200 12.6065 12
6702300 12.8518 12
6702400 12.7923 12
6702500 12.5175 12
6702600 12.0419 12
6702700 11.9607 12
6702800 12.1195 12
6702900 12.2794 12
6703000 12.5037 12
6703100 12.8302 12
6703200 13.2009 12
6703300 13.0873 12
6703400 12.5885 12
6703500 12.1092 12
6703600 11.8506 12
6703700 12.0467 12
6703800 12.2371 12
6703900 12.7052 12
6704000 12.9837 12
6704100 13.0204 12
6704200 12.7511 12
6704300 12.6225 12
6704400 12.4455 12
6704500 12.1688 12
6704600 11.9602 12
6704700 11.8423 12
6704800 11.773 12
6704900 11.8643 12
6705000 12.2069 12
6705100 12.7963 12
6705200 13.1364 12
6705300 13.0917 12
6705400 12.8237 12
6705500 12.6372 12
6705600 12.6382 12
6705700 12.9053 12
6705800 13.0831 12
6705900 12.9706 12
6706000 12.4983 12
6706100 12.156 12
6706200 12.0247 12
6706300 12.249 12
6706400 12.4031 12
6706500 12.2657 12
6706600 11.9011 12
6706700 11.8324 12
6706800 12.0014 12
6706900 12.4194 12
6707000 12.5323 12
6707100 12.7601 12
6707200 12.7567 12
6707300 12.376 12
6707400 12.1906 12
6707500 12.2492 12
6707600 12.2442 12
6707700 12.3177 12
6707800 12.6865 12
6707900 13.14 12
6708000 13.2396 12
6708100 12.9964 12
6708200 12.4266 12
6708300 12.2634 12
6708400 12.2053 12
6708500 12.4929 12
6708600 12.6503 12
6708700 12.5564 12
6708800 12.3366 12
6708900 11.9791 12
6709000 11.6196 12
6709100 11.839 12
6709200 12.3879 12
6709300 12.9763 12
6709400 13.032 12
6709500 12.7217 12
6709600 12.1279 12
6709700 11.5319 12
6709800 11.4789 12
6709900 12.1014 12
6710000 12.8963 12
6710100 13.3568 12
6710200 13.5972 12
6710300 13.1494 12
6710400 12.2461 12
6710500 11.559 12
6710600 11.4714 12
6710700 11.8554 12
6710800 12.5279 12
6710900 12.8484 12
6711000 12.7749 12
6711100 12.5252 12
6711200 12.3847 12
6711300 12.3718 12
6711400 12.1637 12
6711500 12.0089 12
6711600 12.1419 12
6711700 12.4168 12
6711800 12.719 12
6711900 12.6907 12
6712000 12.5156 12
6712100 12.4929 12
6712200 12.649 12
6712300 12.5286 12
6712400 12.3032 12
6712500 12.2287 12
6712600 12.3065 12
6712700 12.6153 12
6712800 12.8766 12
6712900 12.9774 12
6713000 12.8791 12
6713100 12.4168 12
6713200 12.0568 12
6713300 11.9705 12
6713400 12.1137 12
6713500 12.152 12
6713600 12.2788 12
6713700 12.4923 12
6713800 12.5306 12
6713900 12.6156 12
6714000 12.965 12
6714100 12.6161 12
6714200 11.9315 12
6714300 11.667 12
6714400 11.8192 12
6714500 11.8705 12
6714600 12.0233 12
6714700 12.3499 12
6714800 12.6609 12
6714900 12.7016 12
6715000 12.5779 12
6715100 12.2619 12
6715200 12.1358 12
6715300 12.1703 12
6715400 12.3785 12
6715500 12.5246 12
6715600 12.4428 12
6715700 12.2576 12
6715800 12.1632 12
6715900 12.1431 12
6716000 12.3776 12
6716100 12.6086 12
6716200 12.7059 12
6716300 12.7577 12
6716400 12.7826 12
6716500 12.6107 12
6716600 12.3772 12
6716700 12.014 12
6716800 11.6194 12
6716900 11.4263 12
6717000 11.4358 12
6717100 11.8582 12
6717200 12.0395 12
6717300 12.1079 12
6717400 12.321 12
6717500 12.5444 12
6717600 12.8982 12
6717700 13.0561 12
6717800 12.8377 12
6717900 12.5833 12
6718000 12.4516 12
6718100 12.6411 12
6718200 12.7685 12
6718300 12.6876 12
6718400 12.3929 12
6718500 12.0574 12
6718600 11.7669 12
6718700 11.7213 12
6718800 11.9226 12
6718900 12.2568 12
6719000 12.4795 12
6719100 12.5562 12
6719200 12.5569 12
6719300 12.4496 12
6719400 12.6199 12
6719500 12.8349 12
6719600 12.6946 12
6719700 12.52 12
6719800 12.3147 12
6719900 12.1999 12
6720000 12.1657 12
6720100 11.9837 12
6720200 11.8021 12
6720300 11.7502 12
6720400 11.8081 12
6720500 11.9815 12
6720600 12.3663 12
6720700 12.7904 12
6720800 12.9928 12
6720900 12.8263 12
6721000 12.2972 12
6721100 12.0801 12
6721200 12.2484 12
6721300 12.3552 12
6721400 12.3629 12
6721500 12.2999 12
6721600 12.4395 12
6721700 12.5786 12
6721800 12.5088 12
6721900 12.3245 12
6722000 12.3424 12
6722100 12.2957 12
6722200 12.059 12
6722300 11.8112 12
6722400 11.8706 12
6722500 12.1929 12
6722600 12.5557 12
6722700 12.7817 12
6722800 13.138 12
6722900 13.2332 12
6723000 12.9504 12
6723100 12.5612 12
6723200 12.3818 12
6723300 12.2555 12
6723400 12.0943 12
6723500 11.8949 12
6723600 11.914 12
6723700 12.3362 12
6723800 12.623 12
6723900 12.5445 12
6724000 12.3234 12
6724100 12.579 12
6724200 13.1373 12
6724300 13.2555 12
6724400 12.8589 12
6724500 12.3503 12
6724600 12.323 12
6724700 12.5045 12
6724800 12.5826 12
6724900 12.8675 12
6725000 13.1068 12
6725100 12.8949 12
6725200 12.4346 12
6725300 12.1971 12
6725400 12.2827 12
6725500 12.4054 12
6725600 12.2089 12
6725700 12.0469 12
6725800 12.1269 12
6725900 12.1915 12
6726000 12.2335 12
6726100 12.2413 12
6726200 12.5181 12
6726300 12.7794 12
6726400 12.914 12
6726500 12.6616 12
6726600 12.2663 12
6726700 12.2316 12
6726800 12.2429 12
6726900 12.1059 12
6727000 12.3316 12
6727100 12.8115 12
6727200 13.0008 12
6727300 12.6891 12
6727400 12.1596 12
6727500 11.9261 12
6727600 11.8848 12
6727700 12.119 12
6727800 12.4566 12
6727900 12.4522 12
6728000 12.4561 12
6728100 12.5095 12
6728200 12.5452 12
6728300 12.8699 12
6728400 12.9455 12
6728500 12.8367 12
6728600 12.5278 12
6728700 12.2038 12
6728800 12.0243 12
6728900 11.9832 12
6729000 12.1513 12
6729100 12.426 12
6729200 12.8977 12
6729300 13.2036 12
6729400 13.4044 12
6729500 13.182 12
6729600 12.5028 12
6729700 11.7146 12
6729800 11.2905 12
6729900 11.5254 12
6730000 12.2242 12
6730100 12.8748 12
6730200 13.0678 12
6730300 13.0524 12
6730400 12.7771 12
6730500 12.2813 12
6730600 11.781 12
6730700 11.9173 12
6730800 12.4459 12
6730900 12.867 12
6731000 12.9251 12
6731100 12.5368 12
6731200 12.0912 12
6731300 11.9365 12
6731400 11.8554 12
6731500 11.7864 12
6731600 12.1994 12
6731700 12.7506 12
6731800 13.1416 12
6731900 13.1171 12
6732000 12.5897 12
6732100 11.8752 12
6732200 11.6353 12
6732300 11.7146 12
6732400 12.2383 12
6732500 13.0654 12
6732600 13.4625 12
6732700 13.5578 12
6732800 13.3718 12
6732900 13.1631 12
6733000 13.0603 12
6733100 13.077 12
6733200 12.9023 12
6733300 12.6701 12
6733400 12.4467 12
6733500 12.632 12
6733600 12.911 12
6733700 13.049 12
6733800 13.094 12
6733900 12.7358 12
6734000 12.1811 12
6734100 11.693 12
6734200 11.5127 12
6734300 11.4652 12
6734400 11.7032 12
6734500 12.0897 12
6734600 12.5164 12
6734700 12.4674 12
6734800 12.3216 12
6734900 11.9845 12
6735000 11.9863 12
6735100 12.1811 12
6735200 12.2194 12
6735300 11.991 12
6735400 12.0213 12
6735500 12.1053 12
6735600 12.1172 12
6735700 12.0887 12
6735800 12.0288 12
6735900 11.952 12
6736000 11.9746 12
6736100 12.3262 12
6736200 13.0301 12
6736300 13.5103 12
6736400 13.1467 12
6736500 12.6199 12
6736600 12.2593 12
6736700 12.0901 12
6736800 12.1984 12
6736900 12.3215 12
6737000 12.1581 12
6737100 11.908 12
6737200 11.7811 12
6737300 11.9616 12
6737400 12.5143 12
6737500 12.7873 12
6737600 12.9695 12
6737700 12.9226 12
6737800 12.5666 12
6737900 12.204 12
6738000 12.041 12
6738100 12.3351 12
6738200 12.8313 12
6738300 13.1392 12
6738400 13.1289 12
6738500 12.752 12
6738600 12.5209 12
6738700 12.5389 12
6738800 12.5623 12
6738900 12.3885 12
6739000 12.1632 12
6739100 11.9432 12
6739200 12.0186 12
6739300 12.1099 12
6739400 12.0281 12
6739500 12.1487 12
6739600 12.1737 12
6739700 12.2178 12
6739800 12.3936 12
6739900 12.4612 12
6740000 12.3634 12
6740100 12.0704 12
6740200 12.0066 12
6740300 12.0057 12
6740400 12.2912 12
6740500 12.5107 12
6740600 12.6222 12
6740700 12.4619 12
6740800 12.367 12
6740900 12.339 12
6741000 12.1468 12
6741100 11.9938 12
6741200 11.93 12
6741300 12.2978 12
6741400 12.9793 12
6741500 13.534 12
6741600 13.7238 12
6741700 13.2583 12
6741800 12.2915 12
6741900 11.3824 12
6742000 11.177 12
6742100 11.6175 12
6742200 12.2002 12
6742300 12.6717 12
6742400 12.8928 12
6742500 12.7694 12
6742600 12.5026 12
6742700 12.3236 12
6742800 12.167 12
6742900 12.0431 12
6743000 12.1646 12
6743100 12.4629 12
6743200 12.5959 12
6743300 12.378 12
6743400 12.0747 12
6743500 11.9902 12
6743600 12.0773 12
6743700 12.2403 12
6743800 12.5181 12
6743900 12.8621 12
6744000 13.0299 12
6744100 12.9143 12
6744200 12.6618 12
6744300 12.4382 12
6744400 12.4047 12
6744500 12.1992 12
6744600 11.8605 12
6744700 11.794 12
6744800 12.0091 12
6744900 12.5435 12
6745000 13.2769 12
6745100 13.6938 12
6745200 13.5323 12
6745300 13.408 12
6745400 12.9783 12
6745500 12.5524 12
6745600 12.2101 12
6745700 11.9837 12
6745800 11.9781 12
6745900 12.2347 12
6746000 12.4875 12
6746100 12.598 12
6746200 12.4825 12
6746300 12.1506 12
6746400 11.9856 12
6746500 11.8826 12
6746600 11.8072 12
6746700 11.9215 12
6746800 12.2238 12
6746900 12.4083 12
6747000 12.2971 12
6747100 12.3236 12
6747200 12.2734 12
6747300 12.164 12
6747400 12.0209 12
6747500 12.218 12
6747600 12.2354 12
6747700 12.1791 12
6747800 12.3684 12
6747900 12.7242 12
6748000 12.6947 12
6748100 12.4648 12
6748200 12.2843 12
6748300 12.1853 12
6748400 12.3129 12
6748500 12.6683 12
6748600 12.9466 12
6748700 12.7347 12
6748800 12.2824 12
6748900 11.916 12
6749000 11.6249 12
6749100 11.8024 12
6749200 12.1924 12
6749300 12.7604 12
6749400 13.4704 12
6749500 13.7134 12
6749600 13.3307 12
6749700 12.8299 12
6749800 12.3147 12
6749900 11.8816 12
6750000 11.9004 12
6750100 11.9828 12
6750200 12.1168 12
6750300 12.0853 12
6750400 12.1627 12
6750500 12.4367 12
6750600 12.5627 12
6750700 12.7418 12
6750800 12.9013 12
6750900 12.8827 12
6751000 12.6209 12
6751100 12.1979 12
6751200 11.9147 12
6751300 12.0592 12
6751400 12.6589 12
6751500 12.8825 12
6751600 12.7201 12
6751700 12.5416 12
6751800 12.2731 12
6751900 12.0736 12
6752000 11.9665 12
6752100 12.1964 12
6752200 12.6408 12
6752300 12.9749 12
6752400 13.1031 12
6752500 12.8167 12
6752600 12.273 12
6752700 11.7584 12
6752800 11.4848 12
6752900 11.8578 12
6753000 12.2673 12
6753100 12.3182 12
6753200 12.021 12
6753300 11.9582 12
6753400 12.0909 12
6753500 12.3571 12
6753600 12.9803 12
6753700 13.4854 12
6753800 13.5102 12
6753900 13.1975 12
6754000 12.5793 12
6754100 11.8363 12
6754200 11.5626 12
6754300 11.6677 12
6754400 12.1474 12
6754500 12.6606 12
6754600 12.8701 12
6754700 12.9034 12
6754800 12.8535 12
6754900 12.676 12
6755000 12.5055 12
6755100 12.362 12
6755200 12.3352 12
6755300 12.2908 12
6755400 12.1216 12
6755500 12.1931 12
6755600 12.2058 12
6755700 11.985 12
6755800 12.1701 12
6755900 12.6722 12
6756000 12.958 12
6756100 13.0977 12
6756200 13.1189 12
6756300 12.9001 12
6756400 12.4723 12
6756500 12.016 12
6756600 11.8594 12
6756700 11.9023 12
6756800 11.8609 12
6756900 12.0362 12
6757000 12.4887 12
6757100 13.0061 12
6757200 13.1923 12
6757300 12.8631 12
6757400 12.411 12
6757500 12.0512 12
6757600 11.97 12
6757700 12.1126 12
6757800 12.6592 12
6757900 12.9941 12
6758000 13.1708 12
6758100 13.1338 12
6758200 12.7634 12
6758300 12.1274 12
6758400 11.789 12
6758500 11.9531 12
6758600 12.4552 12
6758700 12.6586 12
6758800 12.7357 12
6758900 12.6871 12
6759000 12.3984 12
6759100 11.9446 12
6759200 11.7796 12
6759300 11.9178 12
6759400 12.2828 12
6759500 12.5787 12
6759600 12.8591 12
6759700 12.8181 12
6759800 12.6183 12
6759900 12.4076 12
6760000 12.1188 12
6760100 11.894 12
6760200 12.1627 12
6760300 12.7584 12
6760400 13.1095 12
6760500 13.0772 12
6760600 12.6947 12
6760700 12.0359 12
6760800 11.534 12
6760900 11.7612 12
6761000 12.2686 12
6761100 12.7199 12
6761200 12.9549 12
6761300 12.8978 12
6761400 12.5502 12
6761500 12.0944 12
6761600 11.8122 12
6761700 12.1297 12
6761800 12.82 12
6761900 12.8532 12
6762000 12.3765 12
6762100 12.0299 12
6762200 11.9894 12
6762300 12.1442 12
6762400 12.3455 12
6762500 12.5671 12
6762600 12.8264 12
6762700 13.089 12
6762800 12.7826 12
6762900 12.5305 12
6763000 12.1881 12
6763100 12.0025 12
6763200 12.0027 12
6763300 11.9125 12
6763400 11.9887 12
6763500 12.1314 12
6763600 12.4044 12
6763700 12.4001 12
6763800 12.31 12
6763900 12.1116 12
6764000 12.0141 12
6764100 12.2144 12
6764200 12.3368 12
6764300 12.3412 12
6764400 12.3757 12
6764500 12.5266 12
6764600 12.5951 12
6764700 12.5751 12
6764800 12.4752 12
6764900 12.4437 12
6765000 12.2075 12
6765100 12.0094 12
6765200 12.1452 12
6765300 12.516 12
6765400 12.6821 12
6765500 12.6631 12
6765600 12.5013 12
6765700 12.068 12
6765800 11.6492 12
6765900 11.6094 12
6766000 12.028 12
6766100 12.5189 12
6766200 12.8271 12
6766300 12.8031 12
6766400 12.6824 12
6766500 12.264 12
6766600 11.8789 12
6766700 11.8734 12
6766800 11.9998 12
6766900 12.4279 12
6767000 12.693 12
6767100 12.7655 12
6767200 12.5295 12
6767300 12.2284 12
6767400 12.099 12
6767500 12.0224 12
6767600 11.8915 12
6767700 12.1446 12
6767800 12.5482 12
6767900 12.7634 12
6768000 12.8867 12
6768100 12.7502 12
6768200 11.9861 12
6768300 11.5704 12
6768400 11.6721 12
6768500 12.0015 12
6768600 12.8232 12
6768700 13.3493 12
6768800 13.2283 12
6768900 12.5248 12
6769000 11.661 12
6769100 11.1842 12
6769200 11.5868 12
6769300 12.3798 12
6769400 13.1815 12
6769500 13.3303 12
6769600 12.9245 12
6769700 12.4577 12
6769800 11.9803 12
6769900 11.9284 12
6770000 12.1393 12
6770100 12.2213 12
6770200 12.3531 12
6770300 12.3881 12
6770400 12.1846 12
6770500 12.0433 12
6770600 12.1298 12
6770700 12.0377 12
6770800 12.1862 12
6770900 12.452 12
6771000 12.2538 12
6771100 12.0752 12
6771200 12.0205 12
6771300 12.1891 12
6771400 12.5904 12
6771500 12.9369 12
6771600 12.7804 12
6771700 12.6593 12
6771800 12.5933 12
6771900 12.4969 12
6772000 12.3869 12
6772100 12.2152 12
6772200 11.902 12
6772300 11.7013 12
6772400 12.103 12
6772500 12.616 12
6772600 12.8248 12
6772700 12.8754 12
6772800 12.7887 12
6772900 12.81 12
6773000 12.6885 12
6773100 12.3623 12
6773200 12.1407 12
6773300 12.0548 12
6773400 11.8991 12
6773500 11.8682 12
6773600 12.2483 12
6773700 12.4571 12
6773800 12.2868 12
6773900 11.9356 12
6774000 11.7956 12
6774100 11.828 12
6774200 12.0201 12
6774300 12.1533 12
6774400 12.2527 12
6774500 12.337 12
6774600 12.5709 12
6774700 12.9005 12
6774800 13.0285 12
6774900 12.835 12
6775000 12.4392 12
6775100 11.962 12
6775200 11.6933 12
6775300 11.7694 12
6775400 12.0577 12
6775500 12.1389 12
6775600 12.277 12
6775700 12.2772 12
6775800 12.2069 12
6775900 12.3548 12
6776000 12.2696 12
6776100 12.0584 12
6776200 11.8793 12
6776300 12.2197 12
6776400 12.4413 12
6776500 12.7307 12
6776600 13.0653 12
6776700 13.425 12
6776800 13.2829 12
6776900 12.9496 12
6777000 12.7203 12
6777100 12.4495 12
6777200 12.2518 12
6777300 12.1466 12
6777400 12.0476 12
6777500 12.0857 12
6777600 12.4142 12
6777700 12.5234 12
6777800 12.4446 12
6777900 12.4139 12
6778000 12.2378 12
6778100 11.9667 12
6778200 12.1926 12
6778300 12.5157 12
6778400 12.726 12
6778500 12.9836 12
6778600 12.9302 12
6778700 12.5319 12
6778800 12.2404 12
6778900 12.1486 12
6779000 12.0501 12
6779100 12.2282 12
6779200 12.5962 12
6779300 12.9662 12
6779400 12.9078 12
6779500 12.5377 12
6779600 12.4945 12
6779700 12.4216 12
6779800 12.4286 12
6779900 12.564 12
6780000 12.3838 12
6780100 12.0639 12
6780200 11.837 12
6780300 11.9807 12
6780400 12.1863 12
6780500 12.6345 12
6780600 12.994 12
6780700 13.0451 12
6780800 12.835 12
6780900 12.6034 12
6781000 12.4191 12
6781100 12.1827 12
6781200 11.9056 12
6781300 11.7107 12
6781400 11.8738 12
6781500 12.2617 12
6781600 12.646 12
6781700 12.9173 12
6781800 13.0274 12
6781900 12.627 12
6782000 12.0758 12
6782100 11.756 12
6782200 11.7083 12
6782300 11.7159 12
6782400 11.8153 12
6782500 12.1446 12
6782600 12.7896 12
6782700 13.1152 12
6782800 13.0526 12
6782900 12.6338 12
6783000 12.3094 12
6783100 12.616 12
6783200 12.8537 12
6783300 12.8599 12
6783400 12.6908 12
6783500 12.5726 12
6783600 12.2532 12
6783700 11.8751 12
6783800 11.616 12
6783900 11.8306 12
6784000 12.3767 12
6784100 12.5974 12
6784200 12.2912 12
6784300 11.6963 12
6784400 11.3852 12
6784500 11.6106 12
6784600 12.1538 12
6784700 12.8846 12
6784800 13.1096 12
6784900 12.5548 12
6785000 12.0099 12
6785100 11.9493 12
6785200 12.0426 12
6785300 12.4415 12
6785400 12.8358 12
6785500 12.7486 12
6785600 12.3342 12
6785700 11.7567 12
6785800 11.4579 12
6785900 11.6211 12
6786000 12.2327 12
6786100 12.869 12
6786200 13.3241 12
6786300 13.3793 12
6786400 13.1563 12
6786500 12.7389 12
6786600 12.2658 12
6786700 12.1155 12
6786800 12.2158 12
6786900 12.2966 12
6787000 12.523 12
6787100 12.7738 12
6787200 12.7985 12
6787300 12.7767 12
6787400 12.7927 12
6787500 12.7306 12
6787600 12.4349 12
6787700 12.0249 12
6787800 11.8149 12
6787900 11.7565 12
6788000 11.8291 12
6788100 12.059 12
6788200 12.2193 12
6788300 12.109 12
6788400 11.7188 12
6788500 11.7421 12
6788600 12.2315 12
6788700 12.8127 12
6788800 12.7767 12
6788900 12.4924 12
6789000 12.3468 12
6789100 12.2598 12
6789200 12.3519 12
6789300 12.5383 12
6789400 12.7945 12
6789500 12.6836 12
6789600 12.3792 12
6789700 12.1249 12
6789800 11.8401 12
6789900 11.6813 12
6790000 11.8907 12
6790100 12.3326 12
6790200 12.4996 12
6790300 12.5042 12
6790400 12.5005 12
6790500 12.3755 12
6790600 12.2181 12
6790700 12.0935 12
6790800 12.1225 12
6790900 12.1019 12
6791000 12.2673 12
6791100 12.6185 12
6791200 13.0036 12
6791300 12.9552 12
6791400 12.5888 12
6791500 12.4587 12
6791600 12.7288 12
6791700 13.0225 12
6791800 13.0154 12
6791900 12.4971 12
6792000 12.1397 12
6792100 12.1017 12
6792200 12.0466 12
6792300 12.0417 12
6792400 12.2666 12
6792500 12.3673 12
6792600 12.4992 12
6792700 12.5925 12
6792800 12.6234 12
6792900 12.5423 12
6793000 12.1479 12
6793100 11.9682 12
6793200 12.023 12
6793300 12.1275 12
6793400 12.1573 12
6793500 12.1136 12
6793600 12.1273 12
6793700 12.0721 12
6793800 12.2521 12
6793900 12.5361 12
6794000 12.8872 12
6794100 12.7102 12
6794200 12.6661 12
6794300 12.6739 12
6794400 12.5346 12
6794500 12.5684 12
6794600 12.6948 12
6794700 12.9234 12
6794800 12.999 12
6794900 12.8035 12
6795000 12.4963 12
6795100 12.2423 12
6795200 11.946 12
6795300 11.8827 12
6795400 12.097 12
6795500 12.3896 12
6795600 12.7536 12
6795700 12.873 12
6795800 12.6772 12
6795900 12.553 12
6796000 12.5595 12
6796100 12.6021 12
6796200 12.4022 12
6796300 12.1459 12
6796400 12.162 12
6796500 12.4957 12
6796600 12.7426 12
6796700 12.4159 12
6796800 11.848 12
6796900 11.5197 12
6797000 11.5011 12
6797100 11.7809 12
6797200 12.258 12
6797300 12.7512 12
6797400 12.9465 12
6797500 12.6844 12
6797600 12.4558 12
6797700 12.465 12
6797800 12.3582 12
6797900 12.367 12
6798000 12.3236 12
6798100 12.2341 12
6798200 12.0707 12
6798300 12.2324 12
6798400 12.2379 12
6798500 11.9505 12
6798600 11.6278 12
6798700 11.4984 12
6798800 11.7491 12
6798900 12.3512 12
6799000 12.8573 12
6799100 12.8053 12
6799200 12.268 12
6799300 11.9658 12
6799400 11.8525 12
6799500 11.8301 12
6799600 12.2604 12
6799700 12.7542 12
6799800 12.6906 12
6799900 12.4387 12
6800000 12.5313 12
6800100 12.4019 12
6800200 12.1497 12
6800300 11.9795 12
6800400 11.9985 12
6800500 11.8662 12
6800600 11.7668 12
6800700 11.9936 12
6800800 12.4978 12
6800900 12.6952 12
6801000 12.6541 12
6801100 12.7313 12
6801200 12.8795 12
6801300 12.7702 12
6801400 12.4529 12
6801500 12.1375 12
6801600 11.8509 12
6801700 11.5479 12
6801800 11.6857 12
6801900 12.3827 12
6802000 13.027 12
6802100 13.0058 12
6802200 12.657 12
6802300 12.238 12
6802400 11.7554 12
6802500 11.6342 12
6802600 11.7187 12
6802700 12 12
6802800 12.1523 12
6802900 12.3504 12
6803000 12.2741 12
6803100 12.0847 12
6803200 12.2302 12
6803300 12.5766 12
6803400 12.7494 12
6803500 12.9801 12
6803600 13.0962 12
6803700 13.0304 12
6803800 12.8037 12
6803900 12.1873 12
6804000 11.7572 12
6804100 12.0339 12
6804200 12.5296 12
6804300 12.8261 12
6804400 12.8292 12
6804500 12.4563 12
6804600 11.8698 12
6804700 11.587 12
6804800 11.5493 12
6804900 11.9637 12
6805000 12.59 12
6805100 13.2548 12
6805200 13.4742 12
6805300 13.217 12
6805400 12.7658 12
6805500 12.1689 12
6805600 11.6581 12
6805700 11.6166 12
6805800 12.0754 12
6805900 12.7992 12
6806000 13.4111 12
6806100 13.2557 12
6806200 12.5134 12
6806300 12.0888 12
6806400 11.9355 12
6806500 11.9671 12
6806600 12.3162 12
6806700 12.7872 12
6806800 13.2186 12
6806900 13.4776 12
6807000 13.3831 12
6807100 12.8607 12
6807200 12.3196 12
6807300 12.0942 12
6807400 12.2159 12
6807500 12.6659 12
6807600 13.0132 12
6807700 13.2212 12
6807800 13.171 12
6807900 12.8218 12
6808000 12.3077 12
6808100 11.9472 12
6808200 11.9762 12
6808300 12.1106 12
6808400 11.9287 12
6808500 11.8 12
6808600 12.1634 12
6808700 12.632 12
6808800 13.0306 12
6808900 12.9229 12
6809000 12.5359 12
6809100 12.1984 12
6809200 11.9272 12
6809300 12.13 12
6809400 12.3984 12
6809500 12.6611 12
6809600 12.7017 12
6809700 12.441 12
6809800 12.0794 12
6809900 12.0625 12
6810000 12.3117 12
6810100 12.2228 12
6810200 12.0289 12
6810300 12.0888 12
6810400 12.0505 12
6810500 11.6838 12
6810600 11.5817 12
6810700 11.8042 12
6810800 12.2578 12
6810900 12.9344 12
6811000 13.1549 12
6811100 12.7222 12
6811200 12.2285 12
6811300 11.7632 12
6811400 11.5449 12
6811500 11.4867 12
6811600 11.6185 12
6811700 11.9731 12
6811800 12.3703 12
6811900 12.3566 12
6812000 12.1968 12
6812100 12.2234 12
6812200 12.263 12
6812300 12.3487 12
6812400 12.5258 12
6812500 12.52 12
6812600 12.5472 12
6812700 12.5018 12
6812800 12.3306 12
6812900 11.9296 12
6813000 11.4 12
6813100 11.4588 12
6813200 12.0374 12
6813300 12.594 12
6813400 12.7929 12
6813500 12.7259 12
6813600 12.3416 12
6813700 11.8356 12
6813800 11.6153 12
6813900 11.8107 12
6814000 12.3221 12
6814100 12.6812 12
6814200 12.7721 12
6814300 12.8268 12
6814400 12.8172 12
6814500 12.7864 12
6814600 12.7193 12
6814700 12.6923 12
6814800 12.5904 12
6814900 12.4243 12
6815000 12.226 12
6815100 11.9722 12
6815200 11.8957 12
6815300 11.9609 12
6815400 12.2673 12
6815500 12.4069 12
6815600 12.2275 12
6815700 11.6698 12
6815800 11.5844 12
6815900 12.2024 12
6816000 12.6983 12
6816100 13.0452 12
6816200 13.3327 12
6816300 13.4275 12
6816400 13.2274 12
6816500 12.8089 12
6816600 12.3516 12
6816700 12.255 12
6816800 12.2868 12
6816900 12.1857 12
6817000 12.2334 12
6817100 11.9919 12
6817200 11.8229 12
6817300 11.8192 12
6817400 11.9197 12
6817500 12.336 12
6817600 12.6248 12
6817700 12.8474 12
6817800 12.8775 12
6817900 12.5184 12
6818000 12.5123 12
6818100 12.8796 12
6818200 13.267 12
6818300 13.2272 12
6818400 12.943 12
6818500 12.5076 12
6818600 12.2651 12
6818700 12.1285 12
6818800 11.9111 12
6818900 11.8779 12
6819000 12.2757 12
6819100 12.4176 12
6819200 12.3367 12
6819300 12.2816 12
6819400 12.0387 12
6819500 12.0755 12
6819600 12.1282 12
6819700 12.2487 12
6819800 12.1709 12
6819900 12.3451 12
6820000 12.5068 12
6820100 12.3634 12
6820200 12.188 12
6820300 12.0846 12
6820400 12.1139 12
6820500 12.2799 12
6820600 12.3772 12
6820700 12.3821 12
6820800 12.399 12
6820900 12.5578 12
6821000 12.7834 12
6821100 12.873 12
6821200 12.9689 12
6821300 12.9205 12
6821400 12.7736 12
6821500 12.5862 12
6821600 12.5579 12
6821700 12.8534 12
6821800 13.2448 12
6821900 13.3369 12
6822000 12.8727 12
6822100 12.2125 12
6822200 11.8695 12
6822300 11.65 12
6822400 11.6489 12
6822500 12.0351 12
6822600 12.5378 12
6822700 13.0761 12
6822800 13.1718 12
6822900 12.9052 12
6823000 12.6065 12
6823100 12.5353 12
6823200 12.6084 12
6823300 12.5165 12
6823400 12.403 12
6823500 12.1786 12
6823600 11.8499 12
6823700 11.8244 12
6823800 12.1436 12
6823900 12.6906 12
6824000 13.2797 12
6824100 13.5431 12
6824200 13.1962 12
6824300 12.7358 12
6824400 11.9903 12
6824500 11.5272 12
6824600 11.7736 12
6824700 12.2952 12
6824800 12.8116 12
6824900 12.9523 12
6825000 13.1239 12
6825100 12.916 12
6825200 12.5471 12
6825300 12.2647 12
6825400 12.1544 12
6825500 11.9206 12
6825600 12.0307 12
6825700 12.6143 12
6825800 13.0406 12
6825900 13.0787 12
6826000 12.6701 12
6826100 11.94 12
6826200 11.5777 12
6826300 11.7224 12
6826400 12.3706 12
6826500 12.7602 12
6826600 12.5565 12
6826700 12.1009 12
6826800 11.886 12
6826900 11.9362 12
6827000 12.1777 12
6827100 12.5165 12
6827200 13.0095 12
6827300 13.4947 12
6827400 13.2592 12
6827500 12.6579 12
6827600 11.9744 12
6827700 11.7216 12
6827800 11.7784 12
6827900 11.8669 12
6828000 12.3208 12
6828100 12.6902 12
6828200 12.6926 12
6828300 12.6851 12
6828400 12.7445 12
6828500 12.5854 12
6828600 12.1491 12
6828700 11.9586 12
6828800 12.2106 12
6828900 12.6522 12
6829000 12.7759 12
6829100 12.6511 12
6829200 12.75 12
6829300 12.7077 12
6829400 12.7513 12
6829500 12.6308 12
6829600 12.2621 12
6829700 11.8458 12
6829800 11.6569 12
6829900 12.1689 12
6830000 12.8627 12
6830100 13.2805 12
6830200 13.252 12
6830300 12.6449 12
6830400 12.0437 12
6830500 11.9986 12
6830600 12.4386 12
6830700 12.8566 12
6830800 13.0647 12
6830900 12.8124 12
6831000 12.8093 12
6831100 12.7006 12
6831200 12.4605 12
6831300 12.4121 12
6831400 12.2357 12
6831500 12.1214 12
6831600 12.0219 12
6831700 12.0148 12
6831800 11.993 12
6831900 11.8197 12
6832000 11.6785 12
6832100 11.7951 12
6832200 12.1411 12
6832300 12.6328 12
6832400 13.0606 12
6832500 13.0358 12
6832600 12.4436 12
6832700 11.8265 12
6832800 11.5368 12
6832900 11.6474 12
6833000 12.0146 12
6833100 12.4093 12
6833200 12.7772 12
6833300 13.0643 12
6833400 12.8038 12
6833500 11.9658 12
6833600 11.2469 12
6833700 11.1725 12
6833800 11.6528 12
6833900 12.2112 12
6834000 12.6077 12
6834100 12.7258 12
6834200 12.2641 12
6834300 11.8911 12
6834400 11.6198 12
6834500 11.6468 12
6834600 12.18 12
6834700 12.841 12
6834800 13.3667 12
6834900 13.5356 12
6835000 13.057 12
6835100 12.3064 12
6835200 11.5827 12
6835300 11.2518 12
6835400 11.56 12
6835500 12.0501 12
6835600 12.3218 12
6835700 12.4941 12
6835800 12.5882 12
6835900 12.3887 12
6836000 12.011 12
6836100 11.8658 12
6836200 11.8176 12
6836300 11.9765 12
6836400 12.1525 12
6836500 12.3337 12
6836600 12.4159 12
6836700 12.5236 12
6836800 12.4971 12
6836900 12.4084 12
6837000 12.3342 12
6837100 12.743 12
6837200 13.0963 12
6837300 13.0408 12
6837400 12.7756 12
6837500 12.3821 12
6837600 12.3326 12
6837700 12.5582 12
6837800 12.6741 12
6837900 12.4553 12
6838000 12.4716 12
6838100 12.5501 12
6838200 12.3281 12
6838300 11.9518 12
6838400 11.8762 12
6838500 12.0279 12
6838600 12.0929 12
6838700 12.1444 12
6838800 12.2128 12
6838900 12.4988 12
6839000 12.7076 12
6839100 12.9117 12
6839200 12.8209 12
6839300 12.8731 12
6839400 12.9013 12
6839500 13.0318 12
6839600 13.1069 12
6839700 13.0695 12
6839800 12.7721 12
6839900 12.4536 12
6840000 12.207 12
6840100 12.1304 12
6840200 12.0375 12
6840300 11.9735 12
6840400 11.9835 12
6840500 11.9832 12
6840600 12.4512 12
6840700 12.9943 12
6840800 13.2219 12
6840900 12.9364 12
6841000 12.4999 12
6841100 12.269 12
6841200 12.251 12
6841300 12.3591 12
6841400 12.5406 12
6841500 12.5399 12
6841600 12.4711 12
6841700 12.3731 12
6841800 12.1951 12
6841900 12.0716 12
6842000 12.0477 12
6842100 12.1086 12
6842200 12.1609 12
6842300 12.1789 12
6842400 12.4235 12
6842500 12.8484 12
6842600 12.9444 12
6842700 12.662 12
6842800 12.619 12
6842900 12.7395 12
6843000 12.8128 12
6843100 12.892 12
6843200 12.7676 12
6843300 12.4987 12
6843400 12.1742 12
6843500 11.8372 12
6843600 11.6569 12
6843700 11.9564 12
6843800 12.3398 12
6843900 12.445 12
6844000 12.0135 12
6844100 11.8266 12
6844200 12.0908 12
6844300 12.2316 12
6844400 12.2299 12
6844500 12.0605 12
6844600 11.9878 12
6844700 12.2074 12
6844800 12.0983 12
6844900 11.8879 12
6845000 11.8965 12
6845100 12.0615 12
6845200 12.3871 12
6845300 12.4282 12
6845400 12.4558 12
6845500 12.4335 12
6845600 12.553 12
6845700 12.6189 12
6845800 12.503 12
6845900 12.5488 12
6846000 12.5065 12
6846100 12.3858 12
6846200 12.3744 12
6846300 12.2044 12
6846400 12.075 12
6846500 12.1448 12
6846600 12.4982 12
6846700 12.6933 12
6846800 12.7394 12
6846900 12.5866 12
6847000 12.4654 12
6847100 12.5206 12
6847200 12.5364 12
6847300 12.6087 12
6847400 12.8203 12
6847500 12.9635 12
6847600 13.0696 12
6847700 12.8872 12
6847800 12.6691 12
6847900 12.7751 12
6848000 12.7794 12
6848100 12.5188 12
6848200 12.2093 12
6848300 12.0881 12
6848400 11.9319 12
6848500 12.2624 12
6848600 12.6862 12
6848700 12.8692 12
6848800 13.0591 12
6848900 12.8174 12
6849000 12.121 12
6849100 11.9815 12
6849200 12.2338 12
6849300 12.2882 12
6849400 12.5219 12
6849500 12.6768 12
6849600 12.6554 12
6849700 12.4504 12
6849800 12.1136 12
6849900 11.712 12
6850000 11.4957 12
6850100 11.4466 12
6850200 11.8836 12
6850300 12.6522 12
6850400 13.0491 12
6850500 13.1039 12
6850600 13.0001 12
6850700 12.7276 12
6850800 12.4686 12
6850900 12.4102 12
6851000 12.6409 12
6851100 12.8556 12
6851200 12.9143 12
6851300 12.9612 12
6851400 12.7451 12
6851500 12.4274 12
6851600 12.3635 12
6851700 12.377 12
6851800 12.5151 12
6851900 12.5721 12
6852000 12.4127 12
6852100 12.1997 12
6852200 12.0063 12
6852300 12.2742 12
6852400 12.777 12
6852500 13.0933 12
6852600 13.0059 12
6852700 12.6744 12
6852800 12.3435 12
6852900 12.1011 12
6853000 12.2888 12
6853100 12.5526 12
6853200 12.572 12
6853300 12.6249 12
6853400 12.6279 12
6853500 12.387 12
6853600 12.1427 12
6853700 12.1252 12
6853800 12.3875 12
6853900 12.6995 12
6854000 12.9539 12
6854100 13.0583 12
6854200 12.5894 12
6854300 12.1219 12
6854400 11.6753 12
6854500 11.5525 12
6854600 11.5751 12
6854700 11.8647 12
6854800 12.2163 12
6854900 12.566 12
6855000 12.8358 12
6855100 12.8671 12
6855200 12.8153 12
6855300 12.5424 12
6855400 12.3114 12
6855500 12.0369 12
6855600 11.9663 12
6855700 12.1667 12
6855800 12.346 12
6855900 12.9591 12
6856000 13.5324 12
6856100 13.5534 12
6856200 13.1672 12
6856300 12.4184 12
6856400 11.7907 12
6856500 11.5458 12
6856600 11.7264 12
6856700 12.0572 12
6856800 12.5198 12
6856900 12.7927 12
6857000 12.9564 12
6857100 13.0142 12
6857200 12.8838 12
6857300 12.4711 12
6857400 12.0742 12
6857500 12.0286 12
6857600 12.1616 12
6857700 12.3138 12
6857800 12.3879 12
6857900 12.2813 12
6858000 11.8842 12
6858100 11.5579 12
6858200 11.8389 12
6858300 12.3613 12
6858400 12.9304 12
6858500 13.0613 12
6858600 13.0765 12
6858700 13.1803 12
6858800 13.1444 12
6858900 12.895 12
6859000 12.5964 12
6859100 12.3498 12
6859200 12.2472 12
6859300 12.2109 12
6859400 11.9912 12
6859500 11.8478 12
6859600 12.0858 12
6859700 12.5175 12
6859800 12.8577 12
6859900 12.8281 12
6860000 12.5657 12
6860100 12.1895 12
6860200 11.894 12
6860300 11.5987 12
6860400 11.5231 12
6860500 11.9193 12
6860600 12.4234 12
6860700 13.0346 12
6860800 13.2055 12
6860900 12.8651 12
6861000 12.4614 12
6861100 12.3116 12
6861200 12.0015 12
6861300 11.62 12
6861400 11.4457 12
6861500 11.6656 12
6861600 12.3585 12
6861700 12.8059 12
6861800 12.6427 12
6861900 12.4551 12
6862000 12.1648 12
6862100 11.8937 12
6862200 11.9198 12
6862300 12.0816 12
6862400 12.2383 12
6862500 12.2216 12
6862600 12.3916 12
6862700 12.6945 12
6862800 12.8261 12
6862900 12.8755 12
6863000 12.5574 12
6863100 12.3557 12
6863200 12.2597 12
6863300 12.1093 12
6863400 12.2855 12
6863500 12.6008 12
6863600 13.0548 12
6863700 13.2144 12
6863800 13.1303 12
6863900 13.1615 12
6864000 13.2335 12
6864100 12.8371 12
6864200 12.36 12
6864300 12.1236 12
6864400 12.3289 12
6864500 12.6262 12
6864600 12.6331 12
6864700 12.3552 12
6864800 12.2128 12
6864900 12.399 12
6865000 12.5285 12
6865100 12.2509 12
6865200 11.8324 12
6865300 11.5716 12
6865400 11.7268 12
6865500 12.1373 12
6865600 12.5062 12
6865700 12.7202 12
6865800 12.6271 12
6865900 12.239 12
6866000 12.0303 12
6866100 11.7901 12
6866200 11.9211 12
6866300 12.1687 12
6866400 12.3089 12
6866500 12.3165 12
6866600 12.0664 12
6866700 11.803 12
6866800 11.6375 12
6866900 11.8898 12
6867000 12.4897 12
6867100 12.8733 12
6867200 12.8404 12
6867300 12.6815 12
6867400 12.4476 12
6867500 12.3087 12
6867600 12.3445 12
6867700 12.4106 12
6867800 12.4712 12
6867900 12.3875 12
6868000 12.4711 12
6868100 12.3453 12
6868200 12.1509 12
6868300 12.2829 12
6868400 12.5388 12
6868500 12.5916 12
6868600 12.5429 12
6868700 12.5283 12
6868800 12.5156 12
6868900 12.5627 12
6869000 12.4663 12
6869100 12.2649 12
6869200 12.3517 12
6869300 12.7827 12
6869400 13.1275 12
6869500 13.3575 12
6869600 13.3217 12
6869700 12.9633 12
6869800 12.5262 12
6869900 11.9046 12
6870000 11.5599 12
