# Time-averaged data for fix myat1
# TimeStep v_xave v_xdes
3590100 -16.2844 -16
3590200 -16.5207 -16
3590300 -16.662 -16
3590400 -16.5367 -16
3590500 -16.5195 -16
3590600 -16.6576 -16
3590700 -16.83 -16
3590800 -16.7789 -16
3590900 -16.6937 -16
3591000 -16.5019 -16
3591100 -16.4 -16
3591200 -16.3337 -16
3591300 -16.4141 -16
3591400 -16.5419 -16
3591500 -16.5604 -16
3591600 -16.4643 -16
3591700 -16.4031 -16
3591800 -16.4302 -16
3591900 -16.3314 -16
3592000 -16.0286 -16
3592100 -15.8398 -16
3592200 -15.7634 -16
3592300 -15.7664 -16
3592400 -15.8651 -16
3592500 -16.0329 -16
3592600 -16.2385 -16
3592700 -16.3464 -16
3592800 -16.2892 -16
3592900 -16.2511 -16
3593000 -16.1943 -16
3593100 -16.3489 -16
3593200 -16.5116 -16
3593300 -16.4174 -16
3593400 -16.2428 -16
3593500 -16.1279 -16
3593600 -16.0936 -16
3593700 -15.9678 -16
3593800 -15.8927 -16
3593900 -16.1678 -16
3594000 -16.5299 -16
3594100 -16.5643 -16
3594200 -16.5399 -16
3594300 -16.7216 -16
3594400 -16.9034 -16
3594500 -16.6508 -16
3594600 -16.5018 -16
3594700 -16.5406 -16
3594800 -16.4465 -16
3594900 -16.1335 -16
3595000 -15.8536 -16
3595100 -15.5942 -16
3595200 -15.4675 -16
3595300 -15.3848 -16
3595400 -15.4888 -16
3595500 -15.852 -16
3595600 -16.2403 -16
3595700 -16.5907 -16
3595800 -16.583 -16
3595900 -16.1857 -16
3596000 -15.8396 -16
3596100 -15.7256 -16
3596200 -15.6759 -16
3596300 -15.6343 -16
3596400 -15.6525 -16
3596500 -15.7909 -16
3596600 -16.2504 -16
3596700 -16.7375 -16
3596800 -16.9805 -16
3596900 -16.6643 -16
3597000 -16.0264 -16
3597100 -15.6504 -16
3597200 -15.6058 -16
3597300 -15.7336 -16
3597400 -15.8281 -16
3597500 -15.9785 -16
3597600 -15.9792 -16
3597700 -16.1407 -16
3597800 -16.045 -16
3597900 -16.3644 -16
3598000 -16.7044 -16
3598100 -16.8769 -16
3598200 -16.5093 -16
3598300 -16.1927 -16
3598400 -16.0418 -16
3598500 -15.9747 -16
3598600 -15.7212 -16
3598700 -15.3345 -16
3598800 -15.4957 -16
3598900 -16.0421 -16
3599000 -16.4612 -16
3599100 -16.6393 -16
3599200 -16.5283 -16
3599300 -16.3894 -16
3599400 -16.1826 -16
3599500 -15.9841 -16
3599600 -15.9289 -16
3599700 -16.0117 -16
3599800 -16.6261 -16
3599900 -17.1952 -16
3600000 -17.0365 -16
3600100 -16.6315 -16
3600200 -16.1169 -16
3600300 -15.585 -16
3600400 -15.2744 -16
3600500 -14.9825 -16
3600600 -14.9609 -16
3600700 -15.2561 -16
3600800 -15.5639 -16
3600900 -15.7512 -16
3601000 -15.8645 -16
3601100 -16.2581 -16
3601200 -16.7784 -16
3601300 -16.8758 -16
3601400 -16.4875 -16
3601500 -16.2572 -16
3601600 -16.2059 -16
3601700 -16.2835 -16
3601800 -16.4498 -16
3601900 -16.4779 -16
3602000 -16.3588 -16
3602100 -16.1608 -16
3602200 -15.8251 -16
3602300 -15.4512 -16
3602400 -15.3414 -16
3602500 -15.2538 -16
3602600 -15.4552 -16
3602700 -15.7228 -16
3602800 -15.8674 -16
3602900 -16.0782 -16
3603000 -16.3036 -16
3603100 -16.2213 -16
3603200 -15.9731 -16
3603300 -16.1216 -16
3603400 -16.4178 -16
3603500 -16.5168 -16
3603600 -16.6673 -16
3603700 -16.8349 -16
3603800 -16.666 -16
3603900 -16.1679 -16
3604000 -15.6208 -16
3604100 -15.4205 -16
3604200 -15.9538 -16
3604300 -16.5441 -16
3604400 -17.0575 -16
3604500 -17.1086 -16
3604600 -16.7681 -16
3604700 -16.3411 -16
3604800 -16.0854 -16
3604900 -15.9481 -16
3605000 -16.126 -16
3605100 -16.3917 -16
3605200 -16.5282 -16
3605300 -16.3255 -16
3605400 -16.1117 -16
3605500 -16.1265 -16
3605600 -16.2984 -16
3605700 -16.2683 -16
3605800 -16.0058 -16
3605900 -15.9657 -16
3606000 -16.1882 -16
3606100 -16.4769 -16
3606200 -16.5118 -16
3606300 -16.2027 -16
3606400 -15.8361 -16
3606500 -15.5289 -16
3606600 -15.5328 -16
3606700 -15.88 -16
3606800 -16.3209 -16
3606900 -16.6571 -16
3607000 -16.4349 -16
3607100 -16.1753 -16
3607200 -16.1377 -16
3607300 -16.2666 -16
3607400 -16.558 -16
3607500 -16.4323 -16
3607600 -16.2097 -16
3607700 -15.9716 -16
3607800 -15.7252 -16
3607900 -15.6606 -16
3608000 -15.648 -16
3608100 -15.801 -16
3608200 -16.0227 -16
3608300 -16.2428 -16
3608400 -16.0421 -16
3608500 -15.8019 -16
3608600 -15.7091 -16
3608700 -15.5959 -16
3608800 -15.7247 -16
3608900 -15.8005 -16
3609000 -15.7536 -16
3609100 -15.6696 -16
3609200 -15.4909 -16
3609300 -15.2822 -16
3609400 -15.2398 -16
3609500 -15.624 -16
3609600 -16.0846 -16
3609700 -16.1831 -16
3609800 -16.1398 -16
3609900 -16.2826 -16
3610000 -16.3405 -16
3610100 -16.2294 -16
3610200 -16.0965 -16
3610300 -15.9669 -16
3610400 -16.0225 -16
3610500 -16.1118 -16
3610600 -16.1518 -16
3610700 -15.9718 -16
3610800 -15.9 -16
3610900 -16.0133 -16
3611000 -16.2729 -16
3611100 -16.4008 -16
3611200 -16.2807 -16
3611300 -16.2112 -16
3611400 -16.3356 -16
3611500 -16.2914 -16
3611600 -16.1512 -16
3611700 -16.033 -16
3611800 -16.2254 -16
3611900 -16.3054 -16
3612000 -16.2863 -16
3612100 -16.1967 -16
3612200 -16.1849 -16
3612300 -16.5112 -16
3612400 -16.9444 -16
3612500 -17.1658 -16
3612600 -16.9996 -16
3612700 -16.5308 -16
3612800 -16.0038 -16
3612900 -15.5917 -16
3613000 -15.2836 -16
3613100 -15.2192 -16
3613200 -15.2248 -16
3613300 -15.593 -16
3613400 -15.9948 -16
3613500 -16.0485 -16
3613600 -16.0683 -16
3613700 -16.3794 -16
3613800 -16.4951 -16
3613900 -16.3178 -16
3614000 -16.0056 -16
3614100 -15.8012 -16
3614200 -15.741 -16
3614300 -15.8086 -16
3614400 -15.7699 -16
3614500 -15.7035 -16
3614600 -15.3365 -16
3614700 -15.0437 -16
3614800 -15.2291 -16
3614900 -15.6966 -16
3615000 -16.22 -16
3615100 -16.4652 -16
3615200 -16.3545 -16
3615300 -15.9995 -16
3615400 -15.9604 -16
3615500 -15.9959 -16
3615600 -15.9135 -16
3615700 -15.9517 -16
3615800 -15.972 -16
3615900 -15.9761 -16
3616000 -16.0714 -16
3616100 -16.1142 -16
3616200 -16.0762 -16
3616300 -15.9458 -16
3616400 -15.9749 -16
3616500 -16.1193 -16
3616600 -16.226 -16
3616700 -16.1966 -16
3616800 -16.1845 -16
3616900 -16.1143 -16
3617000 -15.8924 -16
3617100 -15.8892 -16
3617200 -16.1865 -16
3617300 -16.5678 -16
3617400 -16.7804 -16
3617500 -16.7537 -16
3617600 -16.2714 -16
3617700 -15.9518 -16
3617800 -15.8126 -16
3617900 -15.6497 -16
3618000 -15.7539 -16
3618100 -16.0979 -16
3618200 -16.2715 -16
3618300 -16.0006 -16
3618400 -15.8615 -16
3618500 -15.74 -16
3618600 -15.7311 -16
3618700 -15.9192 -16
3618800 -16.1531 -16
3618900 -16.2341 -16
3619000 -16.3092 -16
3619100 -16.3301 -16
3619200 -16.3318 -16
3619300 -16.4384 -16
3619400 -16.5148 -16
3619500 -16.4172 -16
3619600 -16.1379 -16
3619700 -15.8131 -16
3619800 -15.3877 -16
3619900 -15.2953 -16
3620000 -15.422 -16
3620100 -15.72 -16
3620200 -16.0072 -16
3620300 -15.9332 -16
3620400 -15.741 -16
3620500 -15.6365 -16
3620600 -15.5256 -16
3620700 -15.6602 -16
3620800 -15.9875 -16
3620900 -16.3067 -16
3621000 -16.59 -16
3621100 -16.823 -16
3621200 -16.8271 -16
3621300 -16.5876 -16
3621400 -16.3279 -16
3621500 -16.0236 -16
3621600 -15.8764 -16
3621700 -15.8974 -16
3621800 -15.8883 -16
3621900 -15.9213 -16
3622000 -15.8737 -16
3622100 -15.8825 -16
3622200 -15.5915 -16
3622300 -15.6067 -16
3622400 -15.9992 -16
3622500 -16.397 -16
3622600 -16.5469 -16
3622700 -16.6976 -16
3622800 -16.6063 -16
3622900 -16.2362 -16
3623000 -15.8506 -16
3623100 -15.6516 -16
3623200 -15.3783 -16
3623300 -15.3112 -16
3623400 -15.5695 -16
3623500 -16.0733 -16
3623600 -16.4057 -16
3623700 -16.5828 -16
3623800 -16.5174 -16
3623900 -16.2225 -16
3624000 -15.9939 -16
3624100 -15.8778 -16
3624200 -15.7164 -16
3624300 -15.8391 -16
3624400 -15.7461 -16
3624500 -15.668 -16
3624600 -15.6315 -16
3624700 -15.6181 -16
3624800 -15.6093 -16
3624900 -15.8649 -16
3625000 -16.1764 -16
3625100 -16.4419 -16
3625200 -16.5179 -16
3625300 -16.4751 -16
3625400 -16.3083 -16
3625500 -15.9796 -16
3625600 -15.8869 -16
3625700 -16.0795 -16
3625800 -16.4021 -16
3625900 -16.6653 -16
3626000 -16.6286 -16
3626100 -16.3081 -16
3626200 -16.0245 -16
3626300 -15.7281 -16
3626400 -15.8749 -16
3626500 -16.2818 -16
3626600 -16.7006 -16
3626700 -16.9377 -16
3626800 -16.8107 -16
3626900 -16.618 -16
3627000 -16.4131 -16
3627100 -15.9632 -16
3627200 -15.4363 -16
3627300 -15.4161 -16
3627400 -15.8153 -16
3627500 -16.3048 -16
3627600 -16.562 -16
3627700 -16.5324 -16
3627800 -16.1503 -16
3627900 -15.5159 -16
3628000 -15.1188 -16
3628100 -15.0143 -16
3628200 -15.1276 -16
3628300 -15.4326 -16
3628400 -16.0368 -16
3628500 -16.6239 -16
3628600 -16.5077 -16
3628700 -16.0247 -16
3628800 -15.4988 -16
3628900 -15.0924 -16
3629000 -15.1476 -16
3629100 -15.5801 -16
3629200 -16.0257 -16
3629300 -16.1783 -16
3629400 -16.1731 -16
3629500 -16.0721 -16
3629600 -15.7735 -16
3629700 -15.651 -16
3629800 -15.6212 -16
3629900 -15.746 -16
3630000 -16.0594 -16
3630100 -16.2256 -16
3630200 -16.2303 -16
3630300 -16.2455 -16
3630400 -16.0499 -16
3630500 -15.9148 -16
3630600 -15.8038 -16
3630700 -15.804 -16
3630800 -15.5665 -16
3630900 -15.3372 -16
3631000 -15.4378 -16
3631100 -15.8024 -16
3631200 -16.3829 -16
3631300 -16.572 -16
3631400 -16.3814 -16
3631500 -16.2485 -16
3631600 -16.1349 -16
3631700 -15.937 -16
3631800 -15.7583 -16
3631900 -15.615 -16
3632000 -15.3781 -16
3632100 -15.165 -16
3632200 -15.4818 -16
3632300 -16.1396 -16
3632400 -16.7303 -16
3632500 -16.7486 -16
3632600 -16.4347 -16
3632700 -16.0856 -16
3632800 -15.5836 -16
3632900 -15.1966 -16
3633000 -14.9814 -16
3633100 -15.2154 -16
3633200 -15.6943 -16
3633300 -16.2326 -16
3633400 -16.5222 -16
3633500 -16.6702 -16
3633600 -16.4572 -16
3633700 -16.2202 -16
3633800 -16.2127 -16
3633900 -16.2473 -16
3634000 -16.0105 -16
3634100 -15.7431 -16
3634200 -15.8133 -16
3634300 -15.898 -16
3634400 -16.1029 -16
3634500 -16.2738 -16
3634600 -16.2851 -16
3634700 -16.4408 -16
3634800 -16.4703 -16
3634900 -16.22 -16
3635000 -15.9516 -16
3635100 -15.7415 -16
3635200 -15.8731 -16
3635300 -16.1249 -16
3635400 -16.3839 -16
3635500 -16.4489 -16
3635600 -16.2044 -16
3635700 -15.9291 -16
3635800 -15.4406 -16
3635900 -15.3287 -16
3636000 -15.6534 -16
3636100 -16.0833 -16
3636200 -16.1956 -16
3636300 -15.8836 -16
3636400 -15.6406 -16
3636500 -15.6522 -16
3636600 -15.7552 -16
3636700 -15.8475 -16
3636800 -15.9285 -16
3636900 -16.0131 -16
3637000 -16.1023 -16
3637100 -15.8495 -16
3637200 -15.8476 -16
3637300 -16.0851 -16
3637400 -16.3181 -16
3637500 -16.1859 -16
3637600 -15.8414 -16
3637700 -15.4715 -16
3637800 -15.7888 -16
3637900 -16.5216 -16
3638000 -16.969 -16
3638100 -16.784 -16
3638200 -16.5489 -16
3638300 -16.1217 -16
3638400 -15.8022 -16
3638500 -15.467 -16
3638600 -15.3538 -16
3638700 -15.76 -16
3638800 -16.4843 -16
3638900 -16.5014 -16
3639000 -15.8941 -16
3639100 -15.3273 -16
3639200 -14.7708 -16
3639300 -14.6535 -16
3639400 -15.2752 -16
3639500 -16.0688 -16
3639600 -16.2603 -16
3639700 -15.7687 -16
3639800 -15.4298 -16
3639900 -15.5998 -16
3640000 -16.1529 -16
3640100 -16.4564 -16
3640200 -16.4883 -16
3640300 -16.2266 -16
3640400 -15.89 -16
3640500 -15.5893 -16
3640600 -15.3631 -16
3640700 -15.3625 -16
3640800 -15.5348 -16
3640900 -15.7545 -16
3641000 -15.9258 -16
3641100 -16.1271 -16
3641200 -16.0405 -16
3641300 -16.0582 -16
3641400 -16.0556 -16
3641500 -15.8063 -16
3641600 -15.5731 -16
3641700 -15.8088 -16
3641800 -16.0817 -16
3641900 -16.1324 -16
3642000 -16.2239 -16
3642100 -16.2322 -16
3642200 -16.1808 -16
3642300 -16.023 -16
3642400 -16.1821 -16
3642500 -16.3701 -16
3642600 -16.2888 -16
3642700 -15.9575 -16
3642800 -15.516 -16
3642900 -15.6859 -16
3643000 -15.8046 -16
3643100 -15.3462 -16
3643200 -15.2676 -16
3643300 -15.7629 -16
3643400 -16.4559 -16
3643500 -16.8787 -16
3643600 -16.7776 -16
3643700 -16.3966 -16
3643800 -16.2685 -16
3643900 -16.2909 -16
3644000 -16.5358 -16
3644100 -16.9173 -16
3644200 -16.9847 -16
3644300 -17.0222 -16
3644400 -16.8711 -16
3644500 -16.3175 -16
3644600 -15.8404 -16
3644700 -15.5366 -16
3644800 -15.3484 -16
3644900 -15.3748 -16
3645000 -15.3426 -16
3645100 -15.3773 -16
3645200 -15.8585 -16
3645300 -16.3385 -16
3645400 -16.4604 -16
3645500 -16.3977 -16
3645600 -16.1866 -16
3645700 -16.2752 -16
3645800 -16.2572 -16
3645900 -16.1703 -16
3646000 -16.1857 -16
3646100 -16.056 -16
3646200 -16.0643 -16
3646300 -16.0587 -16
3646400 -15.9831 -16
3646500 -15.8298 -16
3646600 -15.631 -16
3646700 -15.5709 -16
3646800 -15.585 -16
3646900 -15.9088 -16
3647000 -16.257 -16
3647100 -16.2035 -16
3647200 -16.2086 -16
3647300 -16.3709 -16
3647400 -16.16 -16
3647500 -15.7604 -16
3647600 -15.1892 -16
3647700 -14.7915 -16
3647800 -14.7569 -16
3647900 -15.4468 -16
3648000 -16.3433 -16
3648100 -17.1362 -16
3648200 -17.2971 -16
3648300 -16.6297 -16
3648400 -16.0558 -16
3648500 -15.6524 -16
3648600 -15.5197 -16
3648700 -15.628 -16
3648800 -15.8282 -16
3648900 -15.7622 -16
3649000 -15.7388 -16
3649100 -15.9966 -16
3649200 -16.2389 -16
3649300 -16.3474 -16
3649400 -16.2819 -16
3649500 -16.1653 -16
3649600 -16.0734 -16
3649700 -16.0814 -16
3649800 -15.9574 -16
3649900 -15.9786 -16
3650000 -16.0668 -16
3650100 -16.2075 -16
3650200 -15.9539 -16
3650300 -15.5971 -16
3650400 -15.6217 -16
3650500 -15.7405 -16
3650600 -16.0341 -16
3650700 -16.3576 -16
3650800 -16.4352 -16
3650900 -16.3443 -16
3651000 -16.1042 -16
3651100 -16.1744 -16
3651200 -16.3479 -16
3651300 -16.8395 -16
3651400 -17.1941 -16
3651500 -17.2298 -16
3651600 -16.7863 -16
3651700 -16.1233 -16
3651800 -15.6855 -16
3651900 -15.5102 -16
3652000 -15.4981 -16
3652100 -15.4844 -16
3652200 -15.8005 -16
3652300 -16.2089 -16
3652400 -16.2822 -16
3652500 -16.4698 -16
3652600 -16.5635 -16
3652700 -16.6445 -16
3652800 -16.7526 -16
3652900 -16.8329 -16
3653000 -16.8512 -16
3653100 -16.5914 -16
3653200 -16.1553 -16
3653300 -15.9155 -16
3653400 -15.7729 -16
3653500 -15.7783 -16
3653600 -16.0001 -16
3653700 -16.0932 -16
3653800 -15.9724 -16
3653900 -15.8906 -16
3654000 -15.8387 -16
3654100 -15.6585 -16
3654200 -15.5549 -16
3654300 -15.8581 -16
3654400 -15.9984 -16
3654500 -16.1277 -16
3654600 -16.5503 -16
3654700 -16.5874 -16
3654800 -16.1155 -16
3654900 -15.513 -16
3655000 -15.6804 -16
3655100 -16.0031 -16
3655200 -16.4849 -16
3655300 -16.6173 -16
3655400 -16.4493 -16
3655500 -16.081 -16
3655600 -16.0605 -16
3655700 -16.1805 -16
3655800 -16.2846 -16
3655900 -16.1731 -16
3656000 -16.0596 -16
3656100 -15.9964 -16
3656200 -15.8314 -16
3656300 -15.8498 -16
3656400 -15.9103 -16
3656500 -16.0352 -16
3656600 -16.3001 -16
3656700 -16.3758 -16
3656800 -16.3982 -16
3656900 -16.2522 -16
3657000 -16.0077 -16
3657100 -15.96 -16
3657200 -15.9702 -16
3657300 -16.04 -16
3657400 -15.953 -16
3657500 -15.9616 -16
3657600 -16.1711 -16
3657700 -16.1973 -16
3657800 -16.0786 -16
3657900 -15.884 -16
3658000 -15.8886 -16
3658100 -15.8412 -16
3658200 -15.8958 -16
3658300 -15.6481 -16
3658400 -15.2316 -16
3658500 -14.9972 -16
3658600 -15.1623 -16
3658700 -15.6919 -16
3658800 -16.0953 -16
3658900 -16.424 -16
3659000 -16.4792 -16
3659100 -16.3499 -16
3659200 -16.0701 -16
3659300 -15.5736 -16
3659400 -15.1885 -16
3659500 -15.0475 -16
3659600 -15.4108 -16
3659700 -16.0633 -16
3659800 -16.5873 -16
3659900 -16.651 -16
3660000 -16.757 -16
3660100 -16.6461 -16
3660200 -16.5691 -16
3660300 -16.237 -16
3660400 -15.9968 -16
3660500 -15.7792 -16
3660600 -15.5992 -16
3660700 -15.5994 -16
3660800 -15.5906 -16
3660900 -15.4315 -16
3661000 -15.5133 -16
3661100 -15.9405 -16
3661200 -16.4019 -16
3661300 -16.7265 -16
3661400 -16.6045 -16
3661500 -16.3046 -16
3661600 -15.9388 -16
3661700 -15.6701 -16
3661800 -15.6208 -16
3661900 -15.9806 -16
3662000 -16.376 -16
3662100 -16.4723 -16
3662200 -16.297 -16
3662300 -15.9486 -16
3662400 -15.8517 -16
3662500 -16.0169 -16
3662600 -16.1161 -16
3662700 -16.5047 -16
3662800 -16.5515 -16
3662900 -16.2425 -16
3663000 -15.7445 -16
3663100 -15.2298 -16
3663200 -15.3842 -16
3663300 -15.84 -16
3663400 -16.4209 -16
3663500 -16.7988 -16
3663600 -16.8884 -16
3663700 -16.8187 -16
3663800 -16.5148 -16
3663900 -16.0079 -16
3664000 -15.5131 -16
3664100 -15.1963 -16
3664200 -15.1996 -16
3664300 -15.5054 -16
3664400 -15.7823 -16
3664500 -16.1691 -16
3664600 -16.4456 -16
3664700 -16.4763 -16
3664800 -16.1942 -16
3664900 -15.9986 -16
3665000 -15.9839 -16
3665100 -15.9342 -16
3665200 -15.8806 -16
3665300 -15.8967 -16
3665400 -15.7541 -16
3665500 -15.4242 -16
3665600 -15.377 -16
3665700 -15.8015 -16
3665800 -16.0452 -16
3665900 -16.3002 -16
3666000 -16.4003 -16
3666100 -16.3352 -16
3666200 -16.265 -16
3666300 -16.2318 -16
3666400 -16.2116 -16
3666500 -16.2897 -16
3666600 -16.2301 -16
3666700 -16.1372 -16
3666800 -16.3141 -16
3666900 -16.3442 -16
3667000 -16.1767 -16
3667100 -16.0167 -16
3667200 -15.8596 -16
3667300 -15.7042 -16
3667400 -15.6471 -16
3667500 -15.8385 -16
3667600 -16.1155 -16
3667700 -16.4021 -16
3667800 -16.4939 -16
3667900 -16.164 -16
3668000 -15.8093 -16
3668100 -15.4836 -16
3668200 -15.492 -16
3668300 -15.6254 -16
3668400 -15.5539 -16
3668500 -15.5037 -16
3668600 -15.4611 -16
3668700 -15.5517 -16
3668800 -15.7906 -16
3668900 -16.0867 -16
3669000 -16.1987 -16
3669100 -16.1772 -16
3669200 -16.1096 -16
3669300 -16.276 -16
3669400 -16.1513 -16
3669500 -15.9571 -16
3669600 -15.7237 -16
3669700 -15.5116 -16
3669800 -15.2493 -16
3669900 -15.2783 -16
3670000 -15.7565 -16
3670100 -16.4303 -16
3670200 -16.6413 -16
3670300 -16.6758 -16
3670400 -16.8757 -16
3670500 -17.1194 -16
3670600 -17.2155 -16
3670700 -17.0012 -16
3670800 -16.6142 -16
3670900 -16.1596 -16
3671000 -15.8172 -16
3671100 -15.9332 -16
3671200 -16.0829 -16
3671300 -16.1955 -16
3671400 -16.292 -16
3671500 -16.3481 -16
3671600 -16.342 -16
3671700 -15.8491 -16
3671800 -15.3116 -16
3671900 -15.1898 -16
3672000 -15.1335 -16
3672100 -15.1467 -16
3672200 -15.3057 -16
3672300 -15.5782 -16
3672400 -16.0046 -16
3672500 -16.142 -16
3672600 -16.1692 -16
3672700 -16.4331 -16
3672800 -16.9875 -16
3672900 -17.2595 -16
3673000 -17.14 -16
3673100 -16.508 -16
3673200 -15.785 -16
3673300 -15.324 -16
3673400 -15.0725 -16
3673500 -15.1439 -16
3673600 -15.4142 -16
3673700 -16.031 -16
3673800 -16.3457 -16
3673900 -16.2121 -16
3674000 -16.1553 -16
3674100 -16.0578 -16
3674200 -16.1372 -16
3674300 -16.3775 -16
3674400 -16.4882 -16
3674500 -16.335 -16
3674600 -16.2205 -16
3674700 -16.1571 -16
3674800 -16.1648 -16
3674900 -16.1977 -16
3675000 -16.127 -16
3675100 -15.7939 -16
3675200 -15.4616 -16
3675300 -15.5027 -16
3675400 -16.0099 -16
3675500 -16.5224 -16
3675600 -16.8975 -16
3675700 -16.9999 -16
3675800 -16.9394 -16
3675900 -16.6565 -16
3676000 -16.2365 -16
3676100 -15.878 -16
3676200 -15.8586 -16
3676300 -16.16 -16
3676400 -16.3795 -16
3676500 -16.5299 -16
3676600 -16.1732 -16
3676700 -15.7241 -16
3676800 -15.689 -16
3676900 -15.8656 -16
3677000 -15.9127 -16
3677100 -15.8048 -16
3677200 -15.9353 -16
3677300 -15.9252 -16
3677400 -15.7304 -16
3677500 -15.7765 -16
3677600 -16.2075 -16
3677700 -16.5493 -16
3677800 -16.6349 -16
3677900 -16.4222 -16
3678000 -16.387 -16
3678100 -16.1652 -16
3678200 -16.1755 -16
3678300 -16.2201 -16
3678400 -16.2391 -16
3678500 -16.4652 -16
3678600 -16.3299 -16
3678700 -15.9727 -16
3678800 -15.6184 -16
3678900 -15.2779 -16
3679000 -15.2295 -16
3679100 -15.4754 -16
3679200 -16.0391 -16
3679300 -16.5349 -16
3679400 -16.7369 -16
3679500 -16.5751 -16
3679600 -16.0852 -16
3679700 -15.5669 -16
3679800 -15.3155 -16
3679900 -15.1915 -16
3680000 -15.4144 -16
3680100 -15.9747 -16
3680200 -16.2837 -16
3680300 -16.2133 -16
3680400 -15.877 -16
3680500 -15.7444 -16
3680600 -16.0673 -16
3680700 -16.5012 -16
3680800 -16.7599 -16
3680900 -16.731 -16
3681000 -16.8401 -16
3681100 -16.9707 -16
3681200 -17.0303 -16
3681300 -16.7952 -16
3681400 -16.4667 -16
3681500 -16.1712 -16
3681600 -16.1188 -16
3681700 -16.1491 -16
3681800 -16.4767 -16
3681900 -16.6852 -16
3682000 -16.7449 -16
3682100 -16.6046 -16
3682200 -16.5505 -16
3682300 -16.4702 -16
3682400 -16.4337 -16
3682500 -16.0785 -16
3682600 -15.6494 -16
3682700 -15.5202 -16
3682800 -15.8585 -16
3682900 -16.3089 -16
3683000 -16.383 -16
3683100 -15.8994 -16
3683200 -15.4544 -16
3683300 -15.5272 -16
3683400 -15.6948 -16
3683500 -15.6891 -16
3683600 -15.5582 -16
3683700 -15.4508 -16
3683800 -15.6469 -16
3683900 -15.8394 -16
3684000 -15.9438 -16
3684100 -15.9956 -16
3684200 -16.1595 -16
3684300 -16.3617 -16
3684400 -16.4338 -16
3684500 -16.0604 -16
3684600 -15.5566 -16
3684700 -15.3245 -16
3684800 -15.385 -16
3684900 -15.1786 -16
3685000 -15.0812 -16
3685100 -15.6018 -16
3685200 -16.2487 -16
3685300 -16.5359 -16
3685400 -16.6698 -16
3685500 -16.7261 -16
3685600 -16.5134 -16
3685700 -16.1458 -16
3685800 -15.8885 -16
3685900 -15.8091 -16
3686000 -15.6449 -16
3686100 -15.4561 -16
3686200 -15.3606 -16
3686300 -15.4339 -16
3686400 -15.5807 -16
3686500 -16.0052 -16
3686600 -16.6479 -16
3686700 -16.8921 -16
3686800 -16.675 -16
3686900 -16.4265 -16
3687000 -16.4879 -16
3687100 -16.7209 -16
3687200 -16.9356 -16
3687300 -16.6338 -16
3687400 -16.1532 -16
3687500 -16.058 -16
3687600 -16.2746 -16
3687700 -16.4249 -16
3687800 -16.3385 -16
3687900 -16.4742 -16
3688000 -16.7337 -16
3688100 -16.9644 -16
3688200 -16.8919 -16
3688300 -16.3453 -16
3688400 -16.4008 -16
3688500 -16.4251 -16
3688600 -16.174 -16
3688700 -16.1247 -16
3688800 -16.1214 -16
3688900 -16.1348 -16
3689000 -16.2839 -16
3689100 -16.2573 -16
3689200 -16.3204 -16
3689300 -16.2813 -16
3689400 -16.1497 -16
3689500 -15.8403 -16
3689600 -15.6416 -16
3689700 -15.5035 -16
3689800 -15.4577 -16
3689900 -15.4856 -16
3690000 -15.5234 -16
3690100 -15.66 -16
3690200 -15.9283 -16
3690300 -16.1822 -16
3690400 -16.2088 -16
3690500 -16.1884 -16
3690600 -16.1086 -16
3690700 -15.868 -16
3690800 -15.7489 -16
3690900 -15.6082 -16
3691000 -15.5206 -16
3691100 -15.545 -16
3691200 -15.7213 -16
3691300 -16.0059 -16
3691400 -16.2937 -16
3691500 -16.3758 -16
3691600 -16.3264 -16
3691700 -16.0698 -16
3691800 -15.6747 -16
3691900 -15.2923 -16
3692000 -15.2128 -16
3692100 -15.4313 -16
3692200 -15.3935 -16
3692300 -15.3916 -16
3692400 -15.6412 -16
3692500 -16.0821 -16
3692600 -16.3461 -16
3692700 -16.3267 -16
3692800 -16.2565 -16
3692900 -16.2569 -16
3693000 -16.2685 -16
3693100 -16.2978 -16
3693200 -16.2821 -16
3693300 -16.1776 -16
3693400 -16.0878 -16
3693500 -15.9316 -16
3693600 -15.945 -16
3693700 -16.0832 -16
3693800 -16.1121 -16
3693900 -15.858 -16
3694000 -15.5766 -16
3694100 -15.2413 -16
3694200 -14.8897 -16
3694300 -14.9494 -16
3694400 -15.3585 -16
3694500 -15.954 -16
3694600 -16.153 -16
3694700 -16.0405 -16
3694800 -16.0285 -16
3694900 -16.0566 -16
3695000 -16.1261 -16
3695100 -16.2068 -16
3695200 -16.2198 -16
3695300 -16.2285 -16
3695400 -16.1886 -16
3695500 -16.2996 -16
3695600 -16.4509 -16
3695700 -16.5773 -16
3695800 -16.4606 -16
3695900 -15.9682 -16
3696000 -15.3576 -16
3696100 -14.9345 -16
3696200 -14.8069 -16
3696300 -14.768 -16
3696400 -14.6573 -16
3696500 -14.7336 -16
3696600 -15.2953 -16
3696700 -15.9833 -16
3696800 -16.2626 -16
3696900 -16.0476 -16
3697000 -15.7221 -16
3697100 -15.8746 -16
3697200 -16.1498 -16
3697300 -16.3973 -16
3697400 -16.3633 -16
3697500 -16.2811 -16
3697600 -16.2889 -16
3697700 -16.2041 -16
3697800 -16.2461 -16
3697900 -16.2122 -16
3698000 -16.1096 -16
3698100 -16.0001 -16
3698200 -15.8276 -16
3698300 -15.6257 -16
3698400 -15.7924 -16
3698500 -15.6927 -16
3698600 -15.6065 -16
3698700 -15.7026 -16
3698800 -15.8712 -16
3698900 -16.2581 -16
3699000 -16.4745 -16
3699100 -16.5004 -16
3699200 -16.3121 -16
3699300 -15.9063 -16
3699400 -15.5772 -16
3699500 -15.4894 -16
3699600 -15.6587 -16
3699700 -15.8527 -16
3699800 -15.7186 -16
3699900 -15.337 -16
3700000 -15.2663 -16
3700100 -15.5998 -16
3700200 -15.8655 -16
3700300 -16.1484 -16
3700400 -16.2746 -16
3700500 -16.1091 -16
3700600 -15.8197 -16
3700700 -15.6397 -16
3700800 -15.3481 -16
3700900 -15.3522 -16
3701000 -15.5879 -16
3701100 -15.8101 -16
3701200 -16.1845 -16
3701300 -16.2842 -16
3701400 -16.0908 -16
3701500 -15.6396 -16
3701600 -15.126 -16
3701700 -15.0685 -16
3701800 -15.3361 -16
3701900 -15.9147 -16
3702000 -16.3771 -16
3702100 -16.409 -16
3702200 -16.2481 -16
3702300 -15.7174 -16
3702400 -15.3721 -16
3702500 -15.4877 -16
3702600 -15.8715 -16
3702700 -16.3265 -16
3702800 -16.557 -16
3702900 -16.7369 -16
3703000 -16.9396 -16
3703100 -16.91 -16
3703200 -16.4784 -16
3703300 -16.2328 -16
3703400 -16.3403 -16
3703500 -16.5069 -16
3703600 -16.464 -16
3703700 -16.4118 -16
3703800 -16.0533 -16
3703900 -15.6072 -16
3704000 -15.5074 -16
3704100 -15.62 -16
3704200 -16.0493 -16
3704300 -16.405 -16
3704400 -16.573 -16
3704500 -16.5438 -16
3704600 -16.5299 -16
3704700 -16.5774 -16
3704800 -16.7039 -16
3704900 -16.6633 -16
3705000 -16.4385 -16
3705100 -16.1258 -16
3705200 -16.0228 -16
3705300 -15.9319 -16
3705400 -15.7629 -16
3705500 -15.7894 -16
3705600 -16.0476 -16
3705700 -16.3187 -16
3705800 -16.5435 -16
3705900 -16.6801 -16
3706000 -16.395 -16
3706100 -15.8846 -16
3706200 -15.7539 -16
3706300 -15.848 -16
3706400 -16.0356 -16
3706500 -16.1892 -16
3706600 -16.3221 -16
3706700 -16.5062 -16
3706800 -16.3929 -16
3706900 -15.8962 -16
3707000 -15.6225 -16
3707100 -15.6274 -16
3707200 -15.8148 -16
3707300 -15.8262 -16
3707400 -15.6819 -16
3707500 -15.529 -16
3707600 -15.55 -16
3707700 -15.8101 -16
3707800 -16.1756 -16
3707900 -16.4338 -16
3708000 -16.4355 -16
3708100 -16.4707 -16
3708200 -16.442 -16
3708300 -16.2316 -16
3708400 -16.0998 -16
3708500 -15.8116 -16
3708600 -15.2513 -16
3708700 -14.786 -16
3708800 -14.7998 -16
3708900 -15.6144 -16
3709000 -16.5 -16
3709100 -16.9922 -16
3709200 -17.1357 -16
3709300 -16.8356 -16
3709400 -16.5732 -16
3709500 -16.2363 -16
3709600 -16.06 -16
3709700 -15.9445 -16
3709800 -15.8033 -16
3709900 -15.7194 -16
3710000 -15.7742 -16
3710100 -15.7858 -16
3710200 -15.7248 -16
3710300 -15.5742 -16
3710400 -15.4527 -16
3710500 -15.3612 -16
3710600 -15.6072 -16
3710700 -16.3216 -16
3710800 -17.1454 -16
3710900 -17.374 -16
3711000 -17.0034 -16
3711100 -16.3991 -16
3711200 -15.7191 -16
3711300 -14.99 -16
3711400 -14.636 -16
3711500 -15.1347 -16
3711600 -16.0235 -16
3711700 -16.404 -16
3711800 -16.4988 -16
3711900 -16.4185 -16
3712000 -16.0886 -16
3712100 -15.8665 -16
3712200 -15.6039 -16
3712300 -15.5094 -16
3712400 -15.4166 -16
3712500 -15.5588 -16
3712600 -15.7081 -16
3712700 -15.7498 -16
3712800 -16.0181 -16
3712900 -16.2945 -16
3713000 -16.6359 -16
3713100 -16.9607 -16
3713200 -16.8082 -16
3713300 -16.6797 -16
3713400 -16.5725 -16
3713500 -16.2118 -16
3713600 -15.8453 -16
3713700 -15.6405 -16
3713800 -15.3235 -16
3713900 -15.1661 -16
3714000 -15.2836 -16
3714100 -15.8479 -16
3714200 -16.187 -16
3714300 -16.2367 -16
3714400 -16.3877 -16
3714500 -16.2615 -16
3714600 -15.8966 -16
3714700 -15.7597 -16
3714800 -15.7877 -16
3714900 -15.874 -16
3715000 -16.165 -16
3715100 -16.5034 -16
3715200 -16.7137 -16
3715300 -16.5218 -16
3715400 -16.1892 -16
3715500 -15.6526 -16
3715600 -15.2469 -16
3715700 -14.9398 -16
3715800 -14.8966 -16
3715900 -15.4064 -16
3716000 -15.9549 -16
3716100 -16.1928 -16
3716200 -16.2756 -16
3716300 -16.4474 -16
3716400 -16.447 -16
3716500 -16.4143 -16
3716600 -16.1579 -16
3716700 -15.8769 -16
3716800 -15.7768 -16
3716900 -15.7079 -16
3717000 -15.4494 -16
3717100 -15.4011 -16
3717200 -15.5637 -16
3717300 -15.8715 -16
3717400 -16.3387 -16
3717500 -16.5524 -16
3717600 -16.335 -16
3717700 -16.1788 -16
3717800 -16.2839 -16
3717900 -16.3478 -16
3718000 -16.5322 -16
3718100 -16.7341 -16
3718200 -16.6142 -16
3718300 -16.0182 -16
3718400 -15.4731 -16
3718500 -15.0842 -16
3718600 -15.1848 -16
3718700 -15.6165 -16
3718800 -16.0277 -16
3718900 -16.5094 -16
3719000 -16.8415 -16
3719100 -16.6857 -16
3719200 -16.2432 -16
3719300 -15.7613 -16
3719400 -15.6674 -16
3719500 -15.8559 -16
3719600 -16.2654 -16
3719700 -16.5462 -16
3719800 -16.5259 -16
3719900 -16.5164 -16
3720000 -16.6364 -16
3720100 -16.7161 -16
3720200 -16.7761 -16
3720300 -16.5921 -16
3720400 -16.3869 -16
3720500 -16.3394 -16
3720600 -16.2677 -16
3720700 -15.9502 -16
3720800 -15.586 -16
3720900 -15.2928 -16
3721000 -15.4861 -16
3721100 -15.6005 -16
3721200 -15.664 -16
3721300 -15.528 -16
3721400 -15.1213 -16
3721500 -15.0186 -16
3721600 -15.405 -16
3721700 -15.9918 -16
3721800 -16.5494 -16
3721900 -16.6845 -16
3722000 -16.3456 -16
3722100 -16.1331 -16
3722200 -15.7937 -16
3722300 -15.52 -16
3722400 -15.6621 -16
3722500 -16.152 -16
3722600 -16.4193 -16
3722700 -16.4338 -16
3722800 -16.3464 -16
3722900 -16.1816 -16
3723000 -16.2159 -16
3723100 -16.3834 -16
3723200 -16.462 -16
3723300 -16.1906 -16
3723400 -15.6439 -16
3723500 -15.2768 -16
3723600 -15.2138 -16
3723700 -15.4139 -16
3723800 -15.931 -16
3723900 -16.4942 -16
3724000 -16.689 -16
3724100 -16.4407 -16
3724200 -15.9907 -16
3724300 -15.4452 -16
3724400 -15.0192 -16
3724500 -15.0123 -16
3724600 -15.3407 -16
3724700 -15.7905 -16
3724800 -16.0539 -16
3724900 -16.1739 -16
3725000 -16.0836 -16
3725100 -16.0339 -16
3725200 -16.2471 -16
3725300 -16.4293 -16
3725400 -16.3156 -16
3725500 -16.1596 -16
3725600 -16.3147 -16
3725700 -16.3553 -16
3725800 -16.2032 -16
3725900 -16.0212 -16
3726000 -15.881 -16
3726100 -16.051 -16
3726200 -16.4603 -16
3726300 -16.4352 -16
3726400 -16.2946 -16
3726500 -16.3403 -16
3726600 -16.2914 -16
3726700 -15.9314 -16
3726800 -15.5813 -16
3726900 -15.5513 -16
3727000 -15.7677 -16
3727100 -16.0487 -16
3727200 -16.2003 -16
3727300 -15.9508 -16
3727400 -15.4104 -16
3727500 -14.9142 -16
3727600 -14.946 -16
3727700 -15.8353 -16
3727800 -16.654 -16
3727900 -16.8724 -16
3728000 -16.645 -16
3728100 -16.3591 -16
3728200 -15.8243 -16
3728300 -15.4726 -16
3728400 -15.5378 -16
3728500 -15.4492 -16
3728600 -15.1763 -16
3728700 -15.3604 -16
3728800 -15.9367 -16
3728900 -16.3117 -16
3729000 -16.4262 -16
3729100 -16.4165 -16
3729200 -16.174 -16
3729300 -15.9776 -16
3729400 -15.7664 -16
3729500 -15.8837 -16
3729600 -16.2777 -16
3729700 -16.7662 -16
3729800 -17.027 -16
3729900 -17.0459 -16
3730000 -16.7921 -16
3730100 -16.3166 -16
3730200 -15.961 -16
3730300 -15.8775 -16
3730400 -15.9858 -16
3730500 -16.074 -16
3730600 -16.0654 -16
3730700 -16.2032 -16
3730800 -16.3894 -16
3730900 -16.4488 -16
3731000 -16.2464 -16
3731100 -15.8665 -16
3731200 -15.6075 -16
3731300 -15.5179 -16
3731400 -15.8267 -16
3731500 -16.3757 -16
3731600 -16.8593 -16
3731700 -16.8334 -16
3731800 -16.5331 -16
3731900 -15.9884 -16
3732000 -15.3634 -16
3732100 -15.2151 -16
3732200 -15.2655 -16
3732300 -15.552 -16
3732400 -16.1075 -16
3732500 -16.561 -16
3732600 -16.6105 -16
3732700 -16.4494 -16
3732800 -16.378 -16
3732900 -16.2374 -16
3733000 -15.8246 -16
3733100 -15.5143 -16
3733200 -15.2089 -16
3733300 -15.0527 -16
3733400 -15.2261 -16
3733500 -15.683 -16
3733600 -16.0518 -16
3733700 -16.3438 -16
3733800 -16.49 -16
3733900 -16.2466 -16
3734000 -15.8417 -16
3734100 -15.5534 -16
3734200 -15.7052 -16
3734300 -16.0992 -16
3734400 -16.3514 -16
3734500 -16.4379 -16
3734600 -16.2303 -16
3734700 -15.9682 -16
3734800 -15.8468 -16
3734900 -15.8128 -16
3735000 -15.9571 -16
3735100 -16.4116 -16
3735200 -16.7041 -16
3735300 -16.6271 -16
3735400 -16.5396 -16
3735500 -16.3771 -16
3735600 -16.0577 -16
3735700 -15.4926 -16
3735800 -15.4614 -16
3735900 -15.7222 -16
3736000 -15.9846 -16
3736100 -16.128 -16
3736200 -16.3656 -16
3736300 -16.6691 -16
3736400 -16.6037 -16
3736500 -16.1884 -16
3736600 -15.4825 -16
3736700 -15.14 -16
3736800 -15.0936 -16
3736900 -15.2035 -16
3737000 -15.5127 -16
3737100 -15.9704 -16
3737200 -16.4367 -16
3737300 -16.8724 -16
3737400 -16.8455 -16
3737500 -16.6147 -16
3737600 -16.4318 -16
3737700 -16.6828 -16
3737800 -16.8165 -16
3737900 -16.4404 -16
3738000 -15.9139 -16
3738100 -15.8498 -16
3738200 -16.0503 -16
3738300 -16.137 -16
3738400 -15.9036 -16
3738500 -15.6197 -16
3738600 -15.4246 -16
3738700 -15.5615 -16
3738800 -15.9333 -16
3738900 -16.2577 -16
3739000 -16.0016 -16
3739100 -15.5364 -16
3739200 -15.2982 -16
3739300 -15.5113 -16
3739400 -16.1619 -16
3739500 -16.8548 -16
3739600 -17.1103 -16
3739700 -17.0396 -16
3739800 -16.6992 -16
3739900 -16.0008 -16
3740000 -15.5425 -16
3740100 -15.3173 -16
3740200 -15.1696 -16
3740300 -15.4128 -16
3740400 -16.0007 -16
3740500 -16.4448 -16
3740600 -16.6237 -16
3740700 -16.633 -16
3740800 -16.3984 -16
3740900 -15.9528 -16
3741000 -15.5644 -16
3741100 -15.5395 -16
3741200 -15.4948 -16
3741300 -15.6986 -16
3741400 -16.0486 -16
3741500 -16.1397 -16
3741600 -15.9778 -16
3741700 -15.518 -16
3741800 -15.1165 -16
3741900 -15.1926 -16
3742000 -15.596 -16
3742100 -15.9698 -16
3742200 -16.02 -16
3742300 -16.0195 -16
3742400 -15.8263 -16
3742500 -15.6241 -16
3742600 -15.6513 -16
3742700 -16.1623 -16
3742800 -16.8562 -16
3742900 -17.3718 -16
3743000 -17.3198 -16
3743100 -16.9118 -16
3743200 -16.1505 -16
3743300 -15.4061 -16
3743400 -14.9237 -16
3743500 -14.8903 -16
3743600 -15.2579 -16
3743700 -15.7552 -16
3743800 -16.3874 -16
3743900 -16.7801 -16
3744000 -16.9111 -16
3744100 -16.8652 -16
3744200 -16.6056 -16
3744300 -16.3126 -16
3744400 -15.9683 -16
3744500 -15.8302 -16
3744600 -15.9378 -16
3744700 -16.1254 -16
3744800 -16.2387 -16
3744900 -16.4291 -16
3745000 -16.456 -16
3745100 -16.1321 -16
3745200 -15.6318 -16
3745300 -15.5927 -16
3745400 -15.8195 -16
3745500 -16.067 -16
3745600 -16.2423 -16
3745700 -16.244 -16
3745800 -15.9653 -16
3745900 -15.7168 -16
3746000 -15.7129 -16
3746100 -16.0657 -16
3746200 -16.3364 -16
3746300 -16.41 -16
3746400 -16.2165 -16
3746500 -15.9575 -16
3746600 -15.7761 -16
3746700 -15.8218 -16
3746800 -15.767 -16
3746900 -15.7036 -16
3747000 -15.7123 -16
3747100 -15.82 -16
3747200 -16.074 -16
3747300 -16.2357 -16
3747400 -16.3559 -16
3747500 -16.2331 -16
3747600 -16.1635 -16
3747700 -16.4032 -16
3747800 -16.6324 -16
3747900 -16.3168 -16
3748000 -15.7081 -16
3748100 -15.5704 -16
3748200 -15.6178 -16
3748300 -15.7711 -16
3748400 -16.1114 -16
3748500 -16.4351 -16
3748600 -16.3902 -16
3748700 -16.2215 -16
3748800 -15.8659 -16
3748900 -15.372 -16
3749000 -15.3405 -16
3749100 -15.6798 -16
3749200 -15.906 -16
3749300 -16.0468 -16
3749400 -16.25 -16
3749500 -16.4381 -16
3749600 -16.4242 -16
3749700 -16.4737 -16
3749800 -16.5764 -16
3749900 -16.6355 -16
3750000 -16.423 -16
3750100 -15.9203 -16
3750200 -15.4565 -16
3750300 -15.3691 -16
3750400 -15.4071 -16
3750500 -15.4163 -16
3750600 -15.6632 -16
3750700 -15.9223 -16
3750800 -16.2442 -16
3750900 -16.5357 -16
3751000 -16.3981 -16
3751100 -16.0828 -16
3751200 -15.8368 -16
3751300 -15.5273 -16
3751400 -15.3783 -16
3751500 -15.4541 -16
3751600 -15.7148 -16
3751700 -15.8719 -16
3751800 -16.0213 -16
3751900 -16.2535 -16
3752000 -16.2816 -16
3752100 -16.0944 -16
3752200 -16.1082 -16
3752300 -15.943 -16
3752400 -15.801 -16
3752500 -15.973 -16
3752600 -16.2946 -16
3752700 -16.6396 -16
3752800 -16.7825 -16
3752900 -16.6731 -16
3753000 -16.5958 -16
3753100 -16.5232 -16
3753200 -15.9459 -16
3753300 -15.5015 -16
3753400 -15.4636 -16
3753500 -15.6477 -16
3753600 -15.7861 -16
3753700 -15.871 -16
3753800 -15.9136 -16
3753900 -15.7297 -16
3754000 -15.4969 -16
3754100 -15.4744 -16
3754200 -15.672 -16
3754300 -16.0227 -16
3754400 -16.417 -16
3754500 -16.7112 -16
3754600 -16.715 -16
3754700 -16.5976 -16
3754800 -16.385 -16
3754900 -16.6547 -16
3755000 -17.0871 -16
3755100 -17.211 -16
3755200 -16.9204 -16
3755300 -16.3265 -16
3755400 -15.7614 -16
3755500 -15.4515 -16
3755600 -15.4295 -16
3755700 -15.5268 -16
3755800 -15.683 -16
3755900 -15.9854 -16
3756000 -16.0432 -16
3756100 -16.0362 -16
3756200 -15.9906 -16
3756300 -16.0626 -16
3756400 -16.2741 -16
3756500 -16.3279 -16
3756600 -16.4788 -16
3756700 -16.6993 -16
3756800 -16.6087 -16
3756900 -16.3431 -16
3757000 -16.1087 -16
3757100 -15.9258 -16
3757200 -15.8493 -16
3757300 -15.7586 -16
3757400 -15.8656 -16
3757500 -16.3264 -16
3757600 -16.5337 -16
3757700 -16.5043 -16
3757800 -16.4363 -16
3757900 -16.5214 -16
3758000 -16.4438 -16
3758100 -16.2605 -16
3758200 -16.3089 -16
3758300 -16.2198 -16
3758400 -15.8379 -16
3758500 -15.2418 -16
3758600 -14.7971 -16
3758700 -14.8905 -16
3758800 -15.3778 -16
3758900 -16.1271 -16
3759000 -16.7117 -16
3759100 -16.5292 -16
3759200 -16.0046 -16
3759300 -15.5629 -16
3759400 -15.3307 -16
3759500 -15.2956 -16
3759600 -15.4456 -16
3759700 -15.8397 -16
3759800 -16.2082 -16
3759900 -16.2462 -16
3760000 -16.3393 -16
3760100 -16.2364 -16
3760200 -16.0882 -16
3760300 -16.0319 -16
3760400 -15.8719 -16
3760500 -15.4842 -16
3760600 -15.107 -16
3760700 -15.0862 -16
3760800 -15.3391 -16
3760900 -15.7752 -16
3761000 -16.3801 -16
3761100 -16.812 -16
3761200 -17.0931 -16
3761300 -17.0803 -16
3761400 -16.7169 -16
3761500 -16.2418 -16
3761600 -15.7631 -16
3761700 -15.6715 -16
3761800 -15.8994 -16
3761900 -16.1175 -16
3762000 -16.0378 -16
3762100 -15.5224 -16
3762200 -15.1979 -16
3762300 -15.3476 -16
3762400 -15.8241 -16
3762500 -15.9426 -16
3762600 -15.8555 -16
3762700 -15.8028 -16
3762800 -16.3006 -16
3762900 -16.8733 -16
3763000 -16.9316 -16
3763100 -17.0876 -16
3763200 -17.1697 -16
3763300 -16.6228 -16
3763400 -15.9977 -16
3763500 -15.4554 -16
3763600 -15.0654 -16
3763700 -15.1349 -16
3763800 -15.5264 -16
3763900 -15.8828 -16
3764000 -16.3571 -16
3764100 -16.7449 -16
3764200 -16.6871 -16
3764300 -16.238 -16
3764400 -15.8632 -16
3764500 -15.7681 -16
3764600 -16.0793 -16
3764700 -16.5867 -16
3764800 -16.6983 -16
3764900 -16.6099 -16
3765000 -16.1608 -16
3765100 -15.815 -16
3765200 -15.7631 -16
3765300 -15.8974 -16
3765400 -15.8892 -16
3765500 -15.9114 -16
3765600 -16.0783 -16
3765700 -16.0999 -16
3765800 -16.0627 -16
3765900 -15.8158 -16
3766000 -15.6117 -16
3766100 -15.6667 -16
3766200 -15.7984 -16
3766300 -16.1001 -16
3766400 -16.5475 -16
3766500 -16.8517 -16
3766600 -16.7163 -16
3766700 -16.3141 -16
3766800 -15.7421 -16
3766900 -15.522 -16
3767000 -15.5255 -16
3767100 -15.5803 -16
3767200 -15.8711 -16
3767300 -16.0612 -16
3767400 -16.2741 -16
3767500 -16.5067 -16
3767600 -16.2523 -16
3767700 -15.7637 -16
3767800 -15.224 -16
3767900 -15.1892 -16
3768000 -15.591 -16
3768100 -16.101 -16
3768200 -16.3095 -16
3768300 -16.3175 -16
3768400 -16.1343 -16
3768500 -16.0681 -16
3768600 -16.0702 -16
3768700 -16.2573 -16
3768800 -16.37 -16
3768900 -16.2473 -16
3769000 -16.0026 -16
3769100 -15.7577 -16
3769200 -15.6083 -16
3769300 -15.5917 -16
3769400 -15.6727 -16
3769500 -15.9838 -16
3769600 -16.2936 -16
3769700 -16.5588 -16
3769800 -16.7837 -16
3769900 -16.8774 -16
3770000 -16.5722 -16
3770100 -16.1599 -16
3770200 -15.7056 -16
3770300 -15.4544 -16
3770400 -15.4857 -16
3770500 -15.8827 -16
3770600 -15.9784 -16
3770700 -15.7869 -16
3770800 -15.5794 -16
3770900 -15.3049 -16
3771000 -14.9526 -16
3771100 -14.9547 -16
3771200 -15.3038 -16
3771300 -15.5147 -16
3771400 -15.5593 -16
3771500 -15.4871 -16
3771600 -15.4434 -16
3771700 -15.5258 -16
3771800 -15.6416 -16
3771900 -15.8092 -16
3772000 -15.9921 -16
3772100 -16.0224 -16
3772200 -15.7581 -16
3772300 -15.3665 -16
3772400 -15.2944 -16
3772500 -15.1106 -16
3772600 -15.1584 -16
3772700 -15.4256 -16
3772800 -15.8687 -16
3772900 -16.3773 -16
3773000 -16.5824 -16
3773100 -16.2261 -16
3773200 -15.9364 -16
3773300 -15.8446 -16
3773400 -15.7135 -16
3773500 -15.4902 -16
3773600 -15.4596 -16
3773700 -15.8817 -16
3773800 -16.3762 -16
3773900 -16.6707 -16
3774000 -16.4485 -16
3774100 -16.3774 -16
3774200 -16.3964 -16
3774300 -16.1447 -16
3774400 -15.7797 -16
3774500 -15.4964 -16
3774600 -15.351 -16
3774700 -15.3311 -16
3774800 -15.3081 -16
3774900 -15.473 -16
3775000 -15.6818 -16
3775100 -15.9009 -16
3775200 -16.0642 -16
3775300 -16.0791 -16
3775400 -15.9819 -16
3775500 -15.5989 -16
3775600 -15.1502 -16
3775700 -14.8768 -16
3775800 -15.0311 -16
3775900 -15.6376 -16
3776000 -16.2393 -16
3776100 -16.7042 -16
3776200 -16.8683 -16
3776300 -16.7528 -16
3776400 -16.6387 -16
3776500 -16.6206 -16
3776600 -16.3592 -16
3776700 -16.2275 -16
3776800 -16.2851 -16
3776900 -16.228 -16
3777000 -16.2118 -16
3777100 -16.4192 -16
3777200 -16.3675 -16
3777300 -15.7288 -16
3777400 -15.3827 -16
3777500 -15.4226 -16
3777600 -15.6639 -16
3777700 -15.9327 -16
3777800 -16.0825 -16
3777900 -16.2028 -16
3778000 -16.2156 -16
3778100 -16.0973 -16
3778200 -16.0564 -16
3778300 -16.0742 -16
3778400 -16.0408 -16
3778500 -16.1448 -16
3778600 -16.2328 -16
3778700 -16.1422 -16
3778800 -16.0927 -16
3778900 -15.9305 -16
3779000 -15.7604 -16
3779100 -15.7384 -16
3779200 -15.7642 -16
3779300 -16.0981 -16
3779400 -16.2697 -16
3779500 -16.0312 -16
3779600 -15.8667 -16
3779700 -16.075 -16
3779800 -16.3691 -16
3779900 -16.5129 -16
3780000 -16.2804 -16
3780100 -16.1752 -16
3780200 -16.1624 -16
3780300 -16.109 -16
3780400 -15.9387 -16
3780500 -15.629 -16
3780600 -15.2353 -16
3780700 -15.053 -16
3780800 -15.1534 -16
3780900 -15.3735 -16
3781000 -15.8143 -16
3781100 -16.0779 -16
3781200 -16.1249 -16
3781300 -16.1315 -16
3781400 -16.1372 -16
3781500 -16.1438 -16
3781600 -16.2176 -16
3781700 -16.141 -16
3781800 -15.897 -16
3781900 -15.6736 -16
3782000 -15.4629 -16
3782100 -15.3113 -16
3782200 -15.4449 -16
3782300 -15.5477 -16
3782400 -15.5256 -16
3782500 -15.7522 -16
3782600 -16.0921 -16
3782700 -16.297 -16
3782800 -16.3535 -16
3782900 -16.0713 -16
3783000 -15.5546 -16
3783100 -15.4689 -16
3783200 -15.6907 -16
3783300 -15.8692 -16
3783400 -16.2405 -16
3783500 -16.6245 -16
3783600 -16.5972 -16
3783700 -16.1892 -16
3783800 -15.9271 -16
3783900 -15.8516 -16
3784000 -15.7492 -16
3784100 -15.9175 -16
3784200 -15.9869 -16
3784300 -15.8535 -16
3784400 -15.6881 -16
3784500 -15.5596 -16
3784600 -15.1451 -16
3784700 -15.1371 -16
3784800 -15.5833 -16
3784900 -15.9959 -16
3785000 -16.2736 -16
3785100 -16.5321 -16
3785200 -16.7729 -16
3785300 -16.7868 -16
3785400 -16.3849 -16
3785500 -16.0767 -16
3785600 -15.9002 -16
3785700 -16.0101 -16
3785800 -16.094 -16
3785900 -15.8142 -16
3786000 -15.5452 -16
3786100 -15.4173 -16
3786200 -15.1665 -16
3786300 -14.9649 -16
3786400 -15.1184 -16
3786500 -15.7766 -16
3786600 -16.4369 -16
3786700 -16.803 -16
3786800 -17.0713 -16
3786900 -17.0901 -16
3787000 -16.9158 -16
3787100 -16.3284 -16
3787200 -15.8129 -16
3787300 -15.39 -16
3787400 -15.3725 -16
3787500 -15.7054 -16
3787600 -16.1112 -16
3787700 -16.5473 -16
3787800 -17.0131 -16
3787900 -17.0006 -16
3788000 -16.5851 -16
3788100 -15.7429 -16
3788200 -15.1905 -16
3788300 -14.9729 -16
3788400 -15.0076 -16
3788500 -15.489 -16
3788600 -16.0205 -16
3788700 -16.2277 -16
3788800 -16.3007 -16
3788900 -16.3099 -16
3789000 -16.3969 -16
3789100 -16.2166 -16
3789200 -15.7339 -16
3789300 -15.159 -16
3789400 -14.8833 -16
3789500 -15.1561 -16
3789600 -15.61 -16
3789700 -15.5997 -16
3789800 -15.2909 -16
3789900 -14.9602 -16
3790000 -14.9131 -16
