# Time-averaged data for fix myat1
# TimeStep v_xave v_xdes
3070100 1.85846 2
3070200 1.84892 2
3070300 2.02306 2
3070400 1.96848 2
3070500 1.74329 2
3070600 1.79394 2
3070700 2.14443 2
3070800 2.67928 2
3070900 2.84168 2
3071000 2.32274 2
3071100 1.53478 2
3071200 1.24716 2
3071300 1.4758 2
3071400 2.01455 2
3071500 2.57959 2
3071600 2.49823 2
3071700 2.09953 2
3071800 1.76663 2
3071900 1.4987 2
3072000 1.40077 2
3072100 1.61668 2
3072200 1.68392 2
3072300 1.62387 2
3072400 1.79624 2
3072500 2.23135 2
3072600 2.59231 2
3072700 2.64034 2
3072800 2.48853 2
3072900 2.30833 2
3073000 2.22333 2
3073100 1.9613 2
3073200 1.80215 2
3073300 1.93047 2
3073400 1.93129 2
3073500 1.9107 2
3073600 1.8955 2
3073700 2.04334 2
3073800 2.29532 2
3073900 2.38433 2
3074000 2.21726 2
3074100 2.31079 2
3074200 2.20387 2
3074300 1.93974 2
3074400 1.6764 2
3074500 1.6414 2
3074600 1.6426 2
3074700 1.66395 2
3074800 2.02637 2
3074900 2.41138 2
3075000 2.45889 2
3075100 2.06352 2
3075200 1.74842 2
3075300 1.73999 2
3075400 1.92682 2
3075500 1.84725 2
3075600 1.85141 2
3075700 1.72503 2
3075800 1.58118 2
3075900 1.65005 2
3076000 1.91005 2
3076100 2.1873 2
3076200 2.28862 2
3076300 2.29556 2
3076400 2.10077 2
3076500 1.9642 2
3076600 2.00373 2
3076700 2.11544 2
3076800 2.24408 2
3076900 2.42998 2
3077000 2.56475 2
3077100 2.39029 2
3077200 2.14139 2
3077300 1.8734 2
3077400 1.72831 2
3077500 1.85024 2
3077600 2.09145 2
3077700 2.24568 2
3077800 2.11241 2
3077900 1.88541 2
3078000 1.75424 2
3078100 1.74211 2
3078200 1.92017 2
3078300 1.88441 2
3078400 2.07102 2
3078500 2.31628 2
3078600 2.21917 2
3078700 1.89479 2
3078800 1.83141 2
3078900 1.91363 2
3079000 1.93835 2
3079100 2.13121 2
3079200 2.06317 2
3079300 1.97173 2
3079400 1.67825 2
3079500 1.29484 2
3079600 1.2887 2
3079700 1.75418 2
3079800 1.95333 2
3079900 1.96179 2
3080000 2.01807 2
3080100 2.01817 2
3080200 1.81044 2
3080300 1.71434 2
3080400 1.75037 2
3080500 2.12216 2
3080600 2.50393 2
3080700 2.4915 2
3080800 2.45443 2
3080900 2.34257 2
3081000 2.13755 2
3081100 2.09424 2
3081200 2.29226 2
3081300 2.65358 2
3081400 2.72039 2
3081500 2.36293 2
3081600 2.05654 2
3081700 1.79513 2
3081800 1.93819 2
3081900 2.19953 2
3082000 2.37724 2
3082100 2.44358 2
3082200 2.32907 2
3082300 2.09829 2
3082400 1.99763 2
3082500 2.09249 2
3082600 2.06961 2
3082700 1.94435 2
3082800 1.86901 2
3082900 1.96905 2
3083000 2.28825 2
3083100 2.50613 2
3083200 2.48197 2
3083300 2.34938 2
3083400 2.13946 2
3083500 1.92231 2
3083600 1.64823 2
3083700 1.33915 2
3083800 1.62587 2
3083900 2.25479 2
3084000 2.41174 2
3084100 2.16795 2
3084200 1.7148 2
3084300 1.77149 2
3084400 1.97385 2
3084500 1.89949 2
3084600 1.73736 2
3084700 1.65688 2
3084800 1.87004 2
3084900 2.19665 2
3085000 2.22906 2
3085100 2.04716 2
3085200 1.91314 2
3085300 1.83455 2
3085400 1.65078 2
3085500 1.48946 2
3085600 1.39653 2
3085700 1.68563 2
3085800 2.1115 2
3085900 2.29923 2
3086000 2.25287 2
3086100 2.19622 2
3086200 1.9425 2
3086300 1.76309 2
3086400 1.81943 2
3086500 1.99183 2
3086600 2.14202 2
3086700 2.0464 2
3086800 1.92416 2
3086900 1.77047 2
3087000 1.8763 2
3087100 2.20251 2
3087200 2.16287 2
3087300 2.26017 2
3087400 2.2918 2
3087500 2.16521 2
3087600 2.14509 2
3087700 2.14901 2
3087800 2.11501 2
3087900 2.26723 2
3088000 2.33634 2
3088100 2.17929 2
3088200 1.94285 2
3088300 1.84299 2
3088400 1.91574 2
3088500 2.18394 2
3088600 2.16258 2
3088700 1.96792 2
3088800 1.76612 2
3088900 1.64047 2
3089000 1.65026 2
3089100 1.73359 2
3089200 1.84627 2
3089300 2.01533 2
3089400 2.31521 2
3089500 2.31844 2
3089600 2.05931 2
3089700 1.76514 2
3089800 1.87907 2
3089900 2.15104 2
3090000 2.58795 2
3090100 2.88291 2
3090200 2.75216 2
3090300 2.45154 2
3090400 2.50994 2
3090500 2.53557 2
3090600 2.21032 2
3090700 1.61271 2
3090800 1.39303 2
3090900 1.45985 2
3091000 1.94053 2
3091100 2.3293 2
3091200 2.2898 2
3091300 2.10547 2
3091400 2.32225 2
3091500 2.26255 2
3091600 1.87345 2
3091700 1.87482 2
3091800 2.26734 2
3091900 2.55774 2
3092000 2.43637 2
3092100 2.16342 2
3092200 1.89442 2
3092300 1.80982 2
3092400 1.8693 2
3092500 1.83498 2
3092600 1.75467 2
3092700 1.66123 2
3092800 1.67864 2
3092900 2.07996 2
3093000 2.4723 2
3093100 2.43889 2
3093200 2.06106 2
3093300 1.74483 2
3093400 1.85583 2
3093500 2.14855 2
3093600 2.31748 2
3093700 2.36593 2
3093800 1.7995 2
3093900 1.22868 2
3094000 1.11876 2
3094100 1.59315 2
3094200 2.21762 2
3094300 2.71383 2
3094400 2.92349 2
3094500 2.87367 2
3094600 2.30035 2
3094700 1.71062 2
3094800 1.506 2
3094900 1.39644 2
3095000 1.73263 2
3095100 2.02649 2
3095200 1.88592 2
3095300 1.56964 2
3095400 1.50427 2
3095500 1.79525 2
3095600 2.05869 2
3095700 2.08176 2
3095800 2.06694 2
3095900 2.09573 2
3096000 2.1358 2
3096100 2.21125 2
3096200 2.17885 2
3096300 1.92883 2
3096400 1.70579 2
3096500 1.7002 2
3096600 1.81939 2
3096700 2.26457 2
3096800 2.6783 2
3096900 2.63414 2
3097000 2.23917 2
3097100 2.04274 2
3097200 2.23826 2
3097300 2.25662 2
3097400 2.21807 2
3097500 2.22961 2
3097600 1.86436 2
3097700 1.43861 2
3097800 1.19037 2
3097900 1.04163 2
3098000 1.3341 2
3098100 1.91195 2
3098200 2.5307 2
3098300 2.92389 2
3098400 2.88132 2
3098500 2.5106 2
3098600 1.88189 2
3098700 1.22883 2
3098800 1.0842 2
3098900 1.5346 2
3099000 2.33111 2
3099100 2.9544 2
3099200 2.95124 2
3099300 2.32076 2
3099400 1.85807 2
3099500 1.46785 2
3099600 1.41256 2
3099700 1.66473 2
3099800 1.90696 2
3099900 2.28168 2
3100000 2.51185 2
3100100 2.46622 2
3100200 2.18063 2
3100300 1.99061 2
3100400 1.76268 2
3100500 1.68784 2
3100600 1.90195 2
3100700 2.22979 2
3100800 2.04619 2
3100900 1.75908 2
3101000 1.43162 2
3101100 1.48377 2
3101200 1.80059 2
3101300 2.27303 2
3101400 2.66349 2
3101500 2.96247 2
3101600 2.92764 2
3101700 2.38461 2
3101800 2.07199 2
3101900 1.71686 2
3102000 1.70636 2
3102100 1.75177 2
3102200 1.87656 2
3102300 2.13215 2
3102400 2.53804 2
3102500 2.57592 2
3102600 2.25117 2
3102700 1.78696 2
3102800 1.69176 2
3102900 2.01514 2
3103000 2.32088 2
3103100 2.18386 2
3103200 1.69015 2
3103300 1.34534 2
3103400 1.41641 2
3103500 1.76214 2
3103600 1.9161 2
3103700 1.9845 2
3103800 2.13003 2
3103900 2.1419 2
3104000 2.09041 2
3104100 2.16455 2
3104200 2.20291 2
3104300 2.18561 2
3104400 2.2624 2
3104500 2.25955 2
3104600 2.00527 2
3104700 1.93284 2
3104800 1.78369 2
3104900 1.61869 2
3105000 1.88363 2
3105100 2.40568 2
3105200 2.4886 2
3105300 2.39732 2
3105400 2.1728 2
3105500 1.94544 2
3105600 1.90423 2
3105700 1.73394 2
3105800 1.49109 2
3105900 1.61566 2
3106000 1.95434 2
3106100 2.30205 2
3106200 2.35731 2
3106300 2.13519 2
3106400 2.14797 2
3106500 2.39966 2
3106600 2.55716 2
3106700 2.54875 2
3106800 2.4587 2
3106900 2.46831 2
3107000 2.43661 2
3107100 2.24725 2
3107200 2.1688 2
3107300 1.8866 2
3107400 1.70584 2
3107500 1.80343 2
3107600 1.87807 2
3107700 1.90336 2
3107800 1.92197 2
3107900 2.24653 2
3108000 2.48118 2
3108100 2.51314 2
3108200 2.39536 2
3108300 1.98332 2
3108400 1.75001 2
3108500 1.9166 2
3108600 2.29227 2
3108700 2.42219 2
3108800 2.56111 2
3108900 2.70464 2
3109000 2.51445 2
3109100 2.08118 2
3109200 1.78232 2
3109300 1.5797 2
3109400 1.38659 2
3109500 1.56936 2
3109600 1.85987 2
3109700 2.08137 2
3109800 2.11715 2
3109900 1.84082 2
3110000 1.65871 2
3110100 1.59732 2
3110200 1.59348 2
3110300 1.56595 2
3110400 1.67899 2
3110500 1.93951 2
3110600 2.30675 2
3110700 2.64751 2
3110800 2.37055 2
3110900 1.71934 2
3111000 1.15864 2
3111100 1.05242 2
3111200 1.3797 2
3111300 1.94356 2
3111400 2.35608 2
3111500 2.27615 2
3111600 1.96666 2
3111700 1.97844 2
3111800 2.15218 2
3111900 2.29353 2
3112000 2.40235 2
3112100 2.33614 2
3112200 1.95138 2
3112300 1.68538 2
3112400 1.53898 2
3112500 1.57329 2
3112600 1.93967 2
3112700 2.31589 2
3112800 2.56999 2
3112900 2.83345 2
3113000 2.60757 2
3113100 2.28328 2
3113200 1.97829 2
3113300 1.77479 2
3113400 1.7644 2
3113500 1.9373 2
3113600 1.88976 2
3113700 1.90659 2
3113800 1.78318 2
3113900 1.7278 2
3114000 1.9014 2
3114100 2.08996 2
3114200 2.26868 2
3114300 2.40935 2
3114400 2.36457 2
3114500 2.27571 2
3114600 2.1339 2
3114700 2.08993 2
3114800 2.18936 2
3114900 2.11365 2
3115000 2.02206 2
3115100 1.8449 2
3115200 1.96292 2
3115300 2.10706 2
3115400 2.38954 2
3115500 2.47254 2
3115600 2.47026 2
3115700 2.59658 2
3115800 2.65415 2
3115900 2.32641 2
3116000 2.00366 2
3116100 1.76993 2
3116200 1.70392 2
3116300 1.83815 2
3116400 2.07183 2
3116500 2.11822 2
3116600 2.00397 2
3116700 1.83293 2
3116800 1.61382 2
3116900 1.42554 2
3117000 1.61744 2
3117100 2.19847 2
3117200 2.6311 2
3117300 2.6069 2
3117400 2.19683 2
3117500 1.6558 2
3117600 1.27236 2
3117700 1.36021 2
3117800 1.73744 2
3117900 2.01354 2
3118000 2.21755 2
3118100 2.34455 2
3118200 2.25507 2
3118300 2.05961 2
3118400 2.11975 2
3118500 2.13188 2
3118600 2.22853 2
3118700 2.10653 2
3118800 2.04533 2
3118900 2.15536 2
3119000 2.28702 2
3119100 2.07408 2
3119200 1.60652 2
3119300 1.48392 2
3119400 1.67781 2
3119500 1.92122 2
3119600 2.20242 2
3119700 2.39645 2
3119800 2.41616 2
3119900 2.12587 2
3120000 1.78065 2
3120100 1.77082 2
3120200 1.6796 2
3120300 1.74152 2
3120400 2.00881 2
3120500 2.29476 2
3120600 2.3403 2
3120700 2.26742 2
3120800 2.20049 2
3120900 1.9446 2
3121000 1.86393 2
3121100 1.67325 2
3121200 1.59218 2
3121300 1.9951 2
3121400 2.62295 2
3121500 2.83345 2
3121600 2.72415 2
3121700 2.29235 2
3121800 1.92981 2
3121900 2.04427 2
3122000 2.01534 2
3122100 1.99824 2
3122200 1.76261 2
3122300 1.60682 2
3122400 2.03757 2
3122500 2.54949 2
3122600 2.67157 2
3122700 2.46674 2
3122800 2.0077 2
3122900 1.67163 2
3123000 1.28761 2
3123100 1.26705 2
3123200 1.54855 2
3123300 1.69918 2
3123400 1.82227 2
3123500 1.77094 2
3123600 1.81588 2
3123700 2.18707 2
3123800 2.39327 2
3123900 1.95143 2
3124000 1.50037 2
3124100 1.64056 2
3124200 1.90454 2
3124300 2.01008 2
3124400 1.98563 2
3124500 1.70353 2
3124600 1.52363 2
3124700 1.52948 2
3124800 1.63783 2
3124900 1.85458 2
3125000 2.26156 2
3125100 2.64528 2
3125200 2.75328 2
3125300 2.36229 2
3125400 1.68069 2
3125500 1.33393 2
3125600 1.59718 2
3125700 2.26758 2
3125800 2.80464 2
3125900 2.53039 2
3126000 1.93833 2
3126100 1.66433 2
3126200 1.63972 2
3126300 1.82704 2
3126400 2.1201 2
3126500 2.19303 2
3126600 2.09167 2
3126700 1.99127 2
3126800 2.12791 2
3126900 2.30711 2
3127000 2.3328 2
3127100 2.50548 2
3127200 2.33007 2
3127300 1.89039 2
3127400 1.52487 2
3127500 1.66486 2
3127600 2.152 2
3127700 2.2041 2
3127800 2.00621 2
3127900 1.69677 2
3128000 1.38575 2
3128100 1.34704 2
3128200 1.96827 2
3128300 2.62037 2
3128400 2.62358 2
3128500 2.46926 2
3128600 2.13951 2
3128700 1.58957 2
3128800 1.70515 2
3128900 1.9028 2
3129000 2.05871 2
3129100 2.41307 2
3129200 2.28199 2
3129300 1.87829 2
3129400 1.6335 2
3129500 1.39433 2
3129600 1.49512 2
3129700 1.70979 2
3129800 1.76464 2
3129900 1.84901 2
3130000 2.00891 2
3130100 2.28364 2
3130200 2.34406 2
3130300 2.10027 2
3130400 1.91047 2
3130500 1.88358 2
3130600 1.97848 2
3130700 1.78268 2
3130800 1.5941 2
3130900 1.63733 2
3131000 1.79761 2
3131100 2.09105 2
3131200 2.34028 2
3131300 2.56145 2
3131400 2.41303 2
3131500 1.77959 2
3131600 1.257 2
3131700 1.18957 2
3131800 1.44207 2
3131900 1.65144 2
3132000 1.84325 2
3132100 2.10189 2
3132200 2.00824 2
3132300 1.82321 2
3132400 1.71322 2
3132500 1.88938 2
3132600 2.13503 2
3132700 2.07938 2
3132800 1.99653 2
3132900 2.09699 2
3133000 2.09213 2
3133100 2.13722 2
3133200 2.07324 2
3133300 2.10984 2
3133400 2.09033 2
3133500 2.25359 2
3133600 2.50606 2
3133700 2.42897 2
3133800 2.18966 2
3133900 1.7627 2
3134000 1.68637 2
3134100 2.1148 2
3134200 2.44061 2
3134300 2.40478 2
3134400 2.15842 2
3134500 2.13848 2
3134600 2.28186 2
3134700 2.36948 2
3134800 2.36554 2
3134900 2.30508 2
3135000 2.11298 2
3135100 1.95848 2
3135200 1.87839 2
3135300 1.93502 2
3135400 2.29514 2
3135500 2.26335 2
3135600 2.15569 2
3135700 1.92067 2
3135800 1.84592 2
3135900 2.00193 2
3136000 1.93257 2
3136100 1.87768 2
3136200 1.68975 2
3136300 1.63329 2
3136400 1.60724 2
3136500 1.94535 2
3136600 2.22733 2
3136700 2.23922 2
3136800 2.14414 2
3136900 2.17121 2
3137000 1.8785 2
3137100 1.68724 2
3137200 1.67264 2
3137300 2.00545 2
3137400 2.26852 2
3137500 2.56703 2
3137600 2.52371 2
3137700 2.15394 2
3137800 2.21639 2
3137900 2.26216 2
3138000 2.12717 2
3138100 1.87457 2
3138200 1.45278 2
3138300 1.378 2
3138400 1.79783 2
3138500 2.21654 2
3138600 2.65554 2
3138700 2.90423 2
3138800 2.72556 2
3138900 2.23113 2
3139000 1.85118 2
3139100 1.63482 2
3139200 1.54289 2
3139300 1.80847 2
3139400 2.14477 2
3139500 2.09904 2
3139600 1.98505 2
3139700 1.83802 2
3139800 1.77452 2
3139900 1.83486 2
3140000 1.85692 2
3140100 1.96744 2
3140200 2.39226 2
3140300 2.57241 2
3140400 2.45337 2
3140500 2.45628 2
3140600 2.24827 2
3140700 1.66763 2
3140800 1.18606 2
3140900 1.09986 2
3141000 1.30643 2
3141100 1.78947 2
3141200 2.21837 2
3141300 2.28972 2
3141400 2.11166 2
3141500 1.88049 2
3141600 1.98016 2
3141700 2.17419 2
3141800 2.12493 2
3141900 1.69499 2
3142000 1.4856 2
3142100 1.56816 2
3142200 1.99509 2
3142300 2.22008 2
3142400 2.30642 2
3142500 2.1928 2
3142600 2.03094 2
3142700 2.46253 2
3142800 2.79351 2
3142900 2.78023 2
3143000 2.29293 2
3143100 1.67011 2
3143200 1.39251 2
3143300 1.62184 2
3143400 1.85838 2
3143500 1.83858 2
3143600 2.04605 2
3143700 2.26652 2
3143800 2.56171 2
3143900 2.44072 2
3144000 2.03725 2
3144100 1.76929 2
3144200 1.69208 2
3144300 2.01427 2
3144400 2.68028 2
3144500 2.77171 2
3144600 2.27055 2
3144700 1.75714 2
3144800 1.49066 2
3144900 1.59501 2
3145000 1.74283 2
3145100 1.86415 2
3145200 1.88715 2
3145300 1.76756 2
3145400 1.65731 2
3145500 1.63297 2
3145600 1.75811 2
3145700 1.90839 2
3145800 2.0999 2
3145900 1.98978 2
3146000 1.89888 2
3146100 2.20826 2
3146200 2.35844 2
3146300 2.28455 2
3146400 2.10243 2
3146500 2.01624 2
3146600 2.03762 2
3146700 2.03494 2
3146800 1.9983 2
3146900 1.77795 2
3147000 1.65591 2
3147100 1.77918 2
3147200 1.91725 2
3147300 2.09011 2
3147400 2.34335 2
3147500 2.52762 2
3147600 2.61545 2
3147700 2.20728 2
3147800 1.69731 2
3147900 1.66763 2
3148000 1.93117 2
3148100 2.29333 2
3148200 2.48382 2
3148300 2.16696 2
3148400 1.79419 2
3148500 1.46881 2
3148600 1.29815 2
3148700 1.22538 2
3148800 1.32319 2
3148900 1.3792 2
3149000 1.44011 2
3149100 1.70872 2
3149200 2.05054 2
3149300 2.52085 2
3149400 2.60969 2
3149500 2.67075 2
3149600 2.66851 2
3149700 2.57204 2
3149800 2.23076 2
3149900 1.93135 2
3150000 1.91126 2
3150100 2.03034 2
3150200 2.07995 2
3150300 2.08031 2
3150400 1.92026 2
3150500 1.76473 2
3150600 1.70997 2
3150700 1.75656 2
3150800 2.07259 2
3150900 2.41041 2
3151000 2.58061 2
3151100 2.48638 2
3151200 2.16785 2
3151300 1.95272 2
3151400 1.97654 2
3151500 1.98979 2
3151600 1.85933 2
3151700 1.63739 2
3151800 1.50996 2
3151900 1.51108 2
3152000 1.72106 2
3152100 2.0687 2
3152200 2.21493 2
3152300 2.21704 2
3152400 2.04973 2
3152500 2.00784 2
3152600 2.01879 2
3152700 1.99616 2
3152800 2.10029 2
3152900 2.14903 2
3153000 2.05844 2
3153100 1.79826 2
3153200 1.64833 2
3153300 1.49351 2
3153400 1.50691 2
3153500 1.82684 2
3153600 2.28026 2
3153700 2.40994 2
3153800 2.3928 2
3153900 2.21336 2
3154000 2.01754 2
3154100 1.62412 2
3154200 1.58187 2
3154300 1.8242 2
3154400 2.01048 2
3154500 2.07495 2
3154600 1.85922 2
3154700 1.59755 2
3154800 1.51437 2
3154900 1.64156 2
3155000 1.70727 2
3155100 1.84196 2
3155200 2.01322 2
3155300 1.9959 2
3155400 1.99874 2
3155500 2.17989 2
3155600 2.18742 2
3155700 2.10102 2
3155800 2.10465 2
3155900 1.94851 2
3156000 1.63379 2
3156100 1.59757 2
3156200 1.98166 2
3156300 2.60618 2
3156400 2.9448 2
3156500 2.82223 2
3156600 2.37133 2
3156700 1.70821 2
3156800 1.18273 2
3156900 1.00437 2
3157000 1.46352 2
3157100 2.00654 2
3157200 2.33675 2
3157300 2.1762 2
3157400 2.01182 2
3157500 1.89322 2
3157600 1.65267 2
3157700 1.67844 2
3157800 1.98343 2
3157900 2.26642 2
3158000 2.15949 2
3158100 1.90038 2
3158200 1.86095 2
3158300 2.1045 2
3158400 2.26406 2
3158500 2.35059 2
3158600 2.31639 2
3158700 2.23533 2
3158800 2.15885 2
3158900 1.88449 2
3159000 1.73165 2
3159100 1.74793 2
3159200 1.88036 2
3159300 1.9798 2
3159400 1.94356 2
3159500 1.98174 2
3159600 1.79594 2
3159700 1.58165 2
3159800 1.67924 2
3159900 2.06374 2
3160000 2.48543 2
3160100 2.60692 2
3160200 2.61898 2
3160300 2.35466 2
3160400 1.83436 2
3160500 1.43687 2
3160600 1.51973 2
3160700 1.7745 2
3160800 2.08002 2
3160900 2.12065 2
3161000 1.99364 2
3161100 2.0405 2
3161200 1.83431 2
3161300 1.94474 2
3161400 2.18092 2
3161500 2.07395 2
3161600 2.08928 2
3161700 2.0407 2
3161800 1.8359 2
3161900 1.57878 2
3162000 1.30402 2
3162100 1.4427 2
3162200 2.07673 2
3162300 2.61146 2
3162400 2.6938 2
3162500 2.45241 2
3162600 2.25841 2
3162700 2.19309 2
3162800 1.99461 2
3162900 1.76185 2
3163000 1.60527 2
3163100 1.63792 2
3163200 1.67712 2
3163300 1.85849 2
3163400 2.07019 2
3163500 1.9912 2
3163600 1.88595 2
3163700 1.99131 2
3163800 2.23761 2
3163900 2.17239 2
3164000 1.81213 2
3164100 1.75793 2
3164200 1.91115 2
3164300 2.04467 2
3164400 2.05199 2
3164500 1.81186 2
3164600 1.77994 2
3164700 1.96473 2
3164800 1.96785 2
3164900 2.01787 2
3165000 1.87028 2
3165100 1.63784 2
3165200 1.7537 2
3165300 2.24618 2
3165400 2.5356 2
3165500 2.30707 2
3165600 1.85946 2
3165700 1.75909 2
3165800 1.86215 2
3165900 2.10974 2
3166000 1.98698 2
3166100 1.78171 2
3166200 1.51036 2
3166300 1.56444 2
3166400 1.88146 2
3166500 2.29902 2
3166600 2.30954 2
3166700 1.88402 2
3166800 1.43264 2
3166900 1.22587 2
3167000 1.65401 2
3167100 2.14274 2
3167200 2.32121 2
3167300 2.33287 2
3167400 2.40341 2
3167500 2.64352 2
3167600 2.67061 2
3167700 2.42608 2
3167800 1.99467 2
3167900 1.57079 2
3168000 1.62352 2
3168100 1.96128 2
3168200 2.07019 2
3168300 2.20824 2
3168400 2.2758 2
3168500 2.09094 2
3168600 2.17044 2
3168700 2.38119 2
3168800 2.46955 2
3168900 2.35374 2
3169000 2.29092 2
3169100 2.28619 2
3169200 2.18668 2
3169300 2.13402 2
3169400 2.22862 2
3169500 2.09866 2
3169600 2.02266 2
3169700 2.14818 2
3169800 2.47289 2
3169900 2.49798 2
3170000 2.20042 2
