# Time-averaged data for fix myat1
# TimeStep v_xave v_xdes
2590100 -6.41685 -6
2590200 -6.05908 -6
2590300 -5.97667 -6
2590400 -6.02736 -6
2590500 -6.04265 -6
2590600 -6.01888 -6
2590700 -6.18135 -6
2590800 -6.17744 -6
2590900 -5.86585 -6
2591000 -5.79951 -6
2591100 -5.75305 -6
2591200 -5.8105 -6
2591300 -5.98525 -6
2591400 -6.27477 -6
2591500 -6.54383 -6
2591600 -6.58445 -6
2591700 -6.42082 -6
2591800 -6.30658 -6
2591900 -6.21163 -6
2592000 -6.45193 -6
2592100 -6.72756 -6
2592200 -6.82711 -6
2592300 -6.61143 -6
2592400 -6.20072 -6
2592500 -5.81567 -6
2592600 -5.64158 -6
2592700 -5.48373 -6
2592800 -5.41315 -6
2592900 -5.75744 -6
2593000 -6.25444 -6
2593100 -6.62481 -6
2593200 -6.69831 -6
2593300 -6.61858 -6
2593400 -6.21569 -6
2593500 -5.74657 -6
2593600 -5.52321 -6
2593700 -5.57633 -6
2593800 -5.77272 -6
2593900 -5.98785 -6
2594000 -6.34436 -6
2594100 -6.31119 -6
2594200 -6.02637 -6
2594300 -5.76535 -6
2594400 -5.62854 -6
2594500 -5.98131 -6
2594600 -6.6413 -6
2594700 -6.98023 -6
2594800 -6.65484 -6
2594900 -6.20849 -6
2595000 -6.03299 -6
2595100 -5.93103 -6
2595200 -6.04821 -6
2595300 -6.3704 -6
2595400 -6.44941 -6
2595500 -6.28599 -6
2595600 -6.33588 -6
2595700 -6.20852 -6
2595800 -6.08763 -6
2595900 -6.10987 -6
2596000 -6.05569 -6
2596100 -6.07961 -6
2596200 -6.09281 -6
2596300 -6.36824 -6
2596400 -6.60086 -6
2596500 -6.63814 -6
2596600 -6.53731 -6
2596700 -6.30005 -6
2596800 -5.98711 -6
2596900 -5.84426 -6
2597000 -6.005 -6
2597100 -6.20841 -6
2597200 -6.29319 -6
2597300 -6.41396 -6
2597400 -6.28799 -6
2597500 -6.06971 -6
2597600 -5.88155 -6
2597700 -5.84085 -6
2597800 -5.98455 -6
2597900 -6.33634 -6
2598000 -6.62442 -6
2598100 -6.49533 -6
2598200 -6.38998 -6
2598300 -6.48195 -6
2598400 -6.51666 -6
2598500 -6.51572 -6
2598600 -6.63372 -6
2598700 -6.59789 -6
2598800 -6.38718 -6
2598900 -6.09318 -6
2599000 -5.94065 -6
2599100 -5.8649 -6
2599200 -5.97755 -6
2599300 -5.89931 -6
2599400 -5.77453 -6
2599500 -5.91418 -6
2599600 -6.29266 -6
2599700 -6.71063 -6
2599800 -6.79661 -6
2599900 -6.59404 -6
2600000 -6.42529 -6
2600100 -6.2641 -6
2600200 -6.21931 -6
2600300 -6.32126 -6
2600400 -6.19474 -6
2600500 -5.94568 -6
2600600 -6.05223 -6
2600700 -6.38974 -6
2600800 -6.65223 -6
2600900 -6.54509 -6
2601000 -6.13295 -6
2601100 -5.67744 -6
2601200 -5.44056 -6
2601300 -5.61095 -6
2601400 -6.09218 -6
2601500 -6.37729 -6
2601600 -6.6003 -6
2601700 -6.61635 -6
2601800 -6.36217 -6
2601900 -6.22491 -6
2602000 -6.05469 -6
2602100 -5.8822 -6
2602200 -5.65182 -6
2602300 -5.48875 -6
2602400 -5.48587 -6
2602500 -5.85263 -6
2602600 -6.11366 -6
2602700 -6.37637 -6
2602800 -6.44804 -6
2602900 -6.15958 -6
2603000 -6.11986 -6
2603100 -6.1884 -6
2603200 -6.3742 -6
2603300 -6.54108 -6
2603400 -6.49779 -6
2603500 -6.19469 -6
2603600 -6.11065 -6
2603700 -6.11459 -6
2603800 -6.00438 -6
2603900 -5.91357 -6
2604000 -5.98473 -6
2604100 -6.01352 -6
2604200 -5.92478 -6
2604300 -6.00813 -6
2604400 -6.20409 -6
2604500 -6.4082 -6
2604600 -6.43988 -6
2604700 -6.29127 -6
2604800 -5.97006 -6
2604900 -5.62742 -6
2605000 -5.61915 -6
2605100 -5.8576 -6
2605200 -6.04602 -6
2605300 -6.19491 -6
2605400 -6.5499 -6
2605500 -6.52893 -6
2605600 -6.05834 -6
2605700 -5.87629 -6
2605800 -6.12364 -6
2605900 -6.0252 -6
2606000 -5.9944 -6
2606100 -6.18092 -6
2606200 -6.22661 -6
2606300 -5.92886 -6
2606400 -5.63859 -6
2606500 -5.86028 -6
2606600 -6.07082 -6
2606700 -6.03136 -6
2606800 -6.11798 -6
2606900 -6.31561 -6
2607000 -6.62484 -6
2607100 -6.68553 -6
2607200 -6.27288 -6
2607300 -5.95723 -6
2607400 -5.63982 -6
2607500 -5.50522 -6
2607600 -5.73088 -6
2607700 -6.05407 -6
2607800 -6.44369 -6
2607900 -6.61214 -6
2608000 -6.28154 -6
2608100 -5.89519 -6
2608200 -5.47623 -6
2608300 -5.41991 -6
2608400 -5.59003 -6
2608500 -5.9243 -6
2608600 -6.35648 -6
2608700 -6.66305 -6
2608800 -6.80698 -6
2608900 -6.47378 -6
2609000 -5.97282 -6
2609100 -5.73715 -6
2609200 -5.81272 -6
2609300 -5.90704 -6
2609400 -5.75725 -6
2609500 -5.68854 -6
2609600 -5.55825 -6
2609700 -5.29338 -6
2609800 -5.3531 -6
2609900 -5.82754 -6
2610000 -6.34595 -6
2610100 -6.88982 -6
2610200 -7.01255 -6
2610300 -6.84884 -6
2610400 -6.60647 -6
2610500 -6.28786 -6
2610600 -5.92511 -6
2610700 -5.82635 -6
2610800 -5.89775 -6
2610900 -6.08291 -6
2611000 -6.32112 -6
2611100 -6.50464 -6
2611200 -6.48492 -6
2611300 -6.3905 -6
2611400 -6.51072 -6
2611500 -6.41627 -6
2611600 -5.88994 -6
2611700 -5.38224 -6
2611800 -5.33455 -6
2611900 -5.7971 -6
2612000 -6.08523 -6
2612100 -6.04776 -6
2612200 -5.839 -6
2612300 -5.76174 -6
2612400 -5.81941 -6
2612500 -6.00658 -6
2612600 -6.31833 -6
2612700 -6.72856 -6
2612800 -6.57897 -6
2612900 -6.4134 -6
2613000 -6.38007 -6
2613100 -6.44342 -6
2613200 -6.4178 -6
2613300 -6.08706 -6
2613400 -5.75322 -6
2613500 -5.54874 -6
2613600 -5.45694 -6
2613700 -5.37094 -6
2613800 -5.56458 -6
2613900 -5.96235 -6
2614000 -6.39718 -6
2614100 -6.57965 -6
2614200 -6.60912 -6
2614300 -6.47335 -6
2614400 -6.21442 -6
2614500 -6.01061 -6
2614600 -5.70188 -6
2614700 -5.68276 -6
2614800 -5.6848 -6
2614900 -5.75171 -6
2615000 -5.89625 -6
2615100 -5.80786 -6
2615200 -5.99692 -6
2615300 -6.4228 -6
2615400 -6.54828 -6
2615500 -6.46318 -6
2615600 -6.26793 -6
2615700 -6.39771 -6
2615800 -6.33028 -6
2615900 -6.05863 -6
2616000 -5.89114 -6
2616100 -5.9812 -6
2616200 -6.11175 -6
2616300 -6.27121 -6
2616400 -6.42378 -6
2616500 -6.3234 -6
2616600 -6.13543 -6
2616700 -6.20502 -6
2616800 -6.46398 -6
2616900 -6.3844 -6
2617000 -5.99828 -6
2617100 -5.7485 -6
2617200 -5.88414 -6
2617300 -5.96028 -6
2617400 -6.59656 -6
2617500 -7.14115 -6
2617600 -6.97813 -6
2617700 -6.21908 -6
2617800 -5.55555 -6
2617900 -5.32187 -6
2618000 -5.52673 -6
2618100 -5.92578 -6
2618200 -6.27072 -6
2618300 -6.43946 -6
2618400 -6.5542 -6
2618500 -6.28028 -6
2618600 -6.01326 -6
2618700 -5.94265 -6
2618800 -6.06535 -6
2618900 -6.2123 -6
2619000 -6.2634 -6
2619100 -6.2949 -6
2619200 -6.14634 -6
2619300 -5.87584 -6
2619400 -5.71639 -6
2619500 -5.97776 -6
2619600 -6.41282 -6
2619700 -6.85529 -6
2619800 -6.97157 -6
2619900 -6.75732 -6
2620000 -6.24862 -6
2620100 -5.88208 -6
2620200 -5.6827 -6
2620300 -5.69927 -6
2620400 -6.06562 -6
2620500 -6.55081 -6
2620600 -6.76116 -6
2620700 -6.2366 -6
2620800 -5.40424 -6
2620900 -5.13843 -6
2621000 -5.2364 -6
2621100 -5.38135 -6
2621200 -5.47927 -6
2621300 -5.75381 -6
2621400 -6.2892 -6
2621500 -6.82133 -6
2621600 -6.97845 -6
2621700 -6.57183 -6
2621800 -5.81622 -6
2621900 -5.53441 -6
2622000 -5.52639 -6
2622100 -6.08049 -6
2622200 -6.62894 -6
2622300 -6.79818 -6
2622400 -6.85752 -6
2622500 -6.68863 -6
2622600 -6.39019 -6
2622700 -6.34636 -6
2622800 -6.34274 -6
2622900 -6.20203 -6
2623000 -5.88693 -6
2623100 -5.9065 -6
2623200 -5.96167 -6
2623300 -6.00807 -6
2623400 -6.33561 -6
2623500 -6.55375 -6
2623600 -6.42377 -6
2623700 -6.0615 -6
2623800 -5.69585 -6
2623900 -5.62557 -6
2624000 -5.72963 -6
2624100 -5.84337 -6
2624200 -6.16207 -6
2624300 -6.32116 -6
2624400 -6.25763 -6
2624500 -6.36787 -6
2624600 -6.38458 -6
2624700 -6.13253 -6
2624800 -5.96193 -6
2624900 -5.66045 -6
2625000 -5.31798 -6
2625100 -5.15961 -6
2625200 -5.51467 -6
2625300 -5.9922 -6
2625400 -6.3497 -6
2625500 -6.42804 -6
2625600 -6.29325 -6
2625700 -6.0294 -6
2625800 -5.81143 -6
2625900 -6.26639 -6
2626000 -6.78482 -6
2626100 -6.94557 -6
2626200 -6.63522 -6
2626300 -6.05632 -6
2626400 -5.6691 -6
2626500 -5.76807 -6
2626600 -5.91401 -6
2626700 -6.34901 -6
2626800 -6.78959 -6
2626900 -6.86268 -6
2627000 -6.61776 -6
2627100 -6.43733 -6
2627200 -6.38594 -6
2627300 -6.35629 -6
2627400 -6.28785 -6
2627500 -6.33358 -6
2627600 -6.48382 -6
2627700 -6.71535 -6
2627800 -6.72866 -6
2627900 -6.52088 -6
2628000 -6.40682 -6
2628100 -6.16261 -6
2628200 -5.59772 -6
2628300 -5.40475 -6
2628400 -5.62224 -6
2628500 -5.83545 -6
2628600 -5.92049 -6
2628700 -6.35078 -6
2628800 -6.68577 -6
2628900 -6.54213 -6
2629000 -6.02968 -6
2629100 -5.86237 -6
2629200 -6.24916 -6
2629300 -6.43242 -6
2629400 -6.38511 -6
2629500 -6.33172 -6
2629600 -6.27846 -6
2629700 -6.25073 -6
2629800 -6.27476 -6
2629900 -6.4535 -6
2630000 -6.63884 -6
2630100 -6.39096 -6
2630200 -5.89516 -6
2630300 -5.71929 -6
2630400 -5.9643 -6
2630500 -5.9812 -6
2630600 -6.02579 -6
2630700 -6.23326 -6
2630800 -6.30501 -6
2630900 -6.16426 -6
2631000 -6.1014 -6
2631100 -6.21184 -6
2631200 -6.15598 -6
2631300 -6.22863 -6
2631400 -6.36362 -6
2631500 -6.12319 -6
2631600 -5.92789 -6
2631700 -5.88908 -6
2631800 -5.71592 -6
2631900 -5.75911 -6
2632000 -5.87852 -6
2632100 -5.90066 -6
2632200 -6.11745 -6
2632300 -6.10439 -6
2632400 -5.83987 -6
2632500 -5.53411 -6
2632600 -5.55043 -6
2632700 -5.98809 -6
2632800 -6.70053 -6
2632900 -7.20717 -6
2633000 -7.14721 -6
2633100 -6.65318 -6
2633200 -6.12668 -6
2633300 -5.75852 -6
2633400 -5.42428 -6
2633500 -5.26028 -6
2633600 -5.47947 -6
2633700 -5.70594 -6
2633800 -5.79182 -6
2633900 -5.8953 -6
2634000 -5.81436 -6
2634100 -5.61189 -6
2634200 -5.68793 -6
2634300 -5.79758 -6
2634400 -5.88999 -6
2634500 -5.81822 -6
2634600 -5.63702 -6
2634700 -5.88108 -6
2634800 -6.5334 -6
2634900 -6.46918 -6
2635000 -5.98054 -6
2635100 -5.5784 -6
2635200 -5.58218 -6
2635300 -5.97808 -6
2635400 -6.21694 -6
2635500 -6.34305 -6
2635600 -6.57972 -6
2635700 -6.82286 -6
2635800 -6.65814 -6
2635900 -6.18409 -6
2636000 -5.89001 -6
2636100 -6.07338 -6
2636200 -6.20427 -6
2636300 -6.08095 -6
2636400 -6.04474 -6
2636500 -6.07784 -6
2636600 -6.02428 -6
2636700 -6.09553 -6
2636800 -6.4695 -6
2636900 -6.91437 -6
2637000 -6.76369 -6
2637100 -6.50068 -6
2637200 -6.25513 -6
2637300 -6.33651 -6
2637400 -6.48743 -6
2637500 -6.13119 -6
2637600 -5.36067 -6
2637700 -4.92883 -6
2637800 -4.93092 -6
2637900 -5.28655 -6
2638000 -6.24628 -6
2638100 -7.0402 -6
2638200 -7.17393 -6
2638300 -6.91902 -6
2638400 -6.07367 -6
2638500 -5.28504 -6
2638600 -5.01858 -6
2638700 -5.40679 -6
2638800 -6.10597 -6
2638900 -6.76377 -6
2639000 -7.11278 -6
2639100 -6.99055 -6
2639200 -6.60662 -6
2639300 -6.19917 -6
2639400 -5.90914 -6
2639500 -5.72631 -6
2639600 -5.73753 -6
2639700 -5.76957 -6
2639800 -6.12924 -6
2639900 -6.47826 -6
2640000 -6.50382 -6
2640100 -6.38785 -6
2640200 -6.34859 -6
2640300 -5.78842 -6
2640400 -5.05647 -6
2640500 -4.65735 -6
2640600 -5.01027 -6
2640700 -5.96701 -6
2640800 -6.87707 -6
2640900 -7.11231 -6
2641000 -6.93228 -6
2641100 -6.53259 -6
2641200 -6.46473 -6
2641300 -6.35846 -6
2641400 -6.2467 -6
2641500 -6.14575 -6
2641600 -6.15128 -6
2641700 -6.23845 -6
2641800 -6.24029 -6
2641900 -6.22143 -6
2642000 -6.39994 -6
2642100 -6.42871 -6
2642200 -6.18444 -6
2642300 -5.81622 -6
2642400 -5.62014 -6
2642500 -5.73383 -6
2642600 -5.92345 -6
2642700 -6.1045 -6
2642800 -5.93226 -6
2642900 -5.73126 -6
2643000 -5.7341 -6
2643100 -5.92737 -6
2643200 -6.19086 -6
2643300 -6.10847 -6
2643400 -5.77104 -6
2643500 -5.41078 -6
2643600 -5.31241 -6
2643700 -5.70508 -6
2643800 -6.12035 -6
2643900 -6.09055 -6
2644000 -5.80532 -6
2644100 -5.82711 -6
2644200 -6.16327 -6
2644300 -6.21934 -6
2644400 -6.08547 -6
2644500 -5.60688 -6
2644600 -5.31599 -6
2644700 -5.53763 -6
2644800 -5.51751 -6
2644900 -5.41916 -6
2645000 -5.75547 -6
2645100 -6.20334 -6
2645200 -6.70407 -6
2645300 -6.92717 -6
2645400 -6.88621 -6
2645500 -6.49749 -6
2645600 -5.85213 -6
2645700 -5.5641 -6
2645800 -5.75701 -6
2645900 -6.00471 -6
2646000 -6.48491 -6
2646100 -6.68459 -6
2646200 -6.4728 -6
2646300 -6.50291 -6
2646400 -6.49797 -6
2646500 -5.9061 -6
2646600 -5.48536 -6
2646700 -5.55201 -6
2646800 -5.91878 -6
2646900 -6.48181 -6
2647000 -6.85037 -6
2647100 -6.61988 -6
2647200 -5.96779 -6
2647300 -5.42832 -6
2647400 -5.47903 -6
2647500 -6.0167 -6
2647600 -6.40258 -6
2647700 -6.56347 -6
2647800 -6.13318 -6
2647900 -5.52364 -6
2648000 -5.40365 -6
2648100 -5.70923 -6
2648200 -6.11315 -6
2648300 -6.30522 -6
2648400 -6.13873 -6
2648500 -5.88523 -6
2648600 -5.79271 -6
2648700 -5.78978 -6
2648800 -6.05587 -6
2648900 -6.3616 -6
2649000 -6.31732 -6
2649100 -6.42448 -6
2649200 -6.28368 -6
2649300 -5.66355 -6
2649400 -5.37664 -6
2649500 -5.66054 -6
2649600 -6.2872 -6
2649700 -6.43516 -6
2649800 -6.26982 -6
2649900 -6.52794 -6
2650000 -6.88466 -6
2650100 -6.59699 -6
2650200 -6.08653 -6
2650300 -6.03372 -6
2650400 -6.10204 -6
2650500 -5.95181 -6
2650600 -5.57604 -6
2650700 -5.34776 -6
2650800 -5.33588 -6
2650900 -5.50782 -6
2651000 -5.90512 -6
2651100 -6.43536 -6
2651200 -6.89742 -6
2651300 -6.80254 -6
2651400 -6.21116 -6
2651500 -5.90116 -6
2651600 -5.93686 -6
2651700 -5.9307 -6
2651800 -6.00858 -6
2651900 -6.0833 -6
2652000 -5.92684 -6
2652100 -5.80899 -6
2652200 -5.772 -6
2652300 -5.67471 -6
2652400 -5.94155 -6
2652500 -6.33552 -6
2652600 -6.78206 -6
2652700 -6.99226 -6
2652800 -6.60538 -6
2652900 -6.36796 -6
2653000 -6.33167 -6
2653100 -6.62771 -6
2653200 -6.75947 -6
2653300 -6.46721 -6
2653400 -5.88413 -6
2653500 -5.5912 -6
2653600 -5.66006 -6
2653700 -5.7032 -6
2653800 -5.58628 -6
2653900 -5.3202 -6
2654000 -5.44912 -6
2654100 -5.89347 -6
2654200 -6.5554 -6
2654300 -7.03154 -6
2654400 -7.08688 -6
2654500 -6.78596 -6
2654600 -6.24683 -6
2654700 -5.78935 -6
2654800 -5.69625 -6
2654900 -5.8243 -6
2655000 -6.02139 -6
2655100 -6.24346 -6
2655200 -6.18813 -6
2655300 -6.0009 -6
2655400 -6.076 -6
2655500 -6.08299 -6
2655600 -6.02085 -6
2655700 -5.99441 -6
2655800 -5.94726 -6
2655900 -5.71564 -6
2656000 -5.55616 -6
2656100 -5.78358 -6
2656200 -6.41567 -6
2656300 -7.00014 -6
2656400 -7.1799 -6
2656500 -6.78316 -6
2656600 -6.19042 -6
2656700 -5.81334 -6
2656800 -5.82098 -6
2656900 -6.07662 -6
2657000 -6.35594 -6
2657100 -6.76682 -6
2657200 -6.89116 -6
2657300 -6.69652 -6
2657400 -6.34253 -6
2657500 -6.23086 -6
2657600 -5.99192 -6
2657700 -5.93576 -6
2657800 -6.14573 -6
2657900 -6.19597 -6
2658000 -6.28397 -6
2658100 -6.39167 -6
2658200 -6.42249 -6
2658300 -6.16883 -6
2658400 -5.72737 -6
2658500 -5.68378 -6
2658600 -6.05987 -6
2658700 -6.32039 -6
2658800 -6.5239 -6
2658900 -6.36111 -6
2659000 -6.32908 -6
2659100 -6.32498 -6
2659200 -6.58352 -6
2659300 -6.80148 -6
2659400 -6.98073 -6
2659500 -6.75485 -6
2659600 -6.03202 -6
2659700 -5.67299 -6
2659800 -5.72368 -6
2659900 -5.95825 -6
2660000 -6.24655 -6
2660100 -6.401 -6
2660200 -6.45417 -6
2660300 -6.70454 -6
2660400 -6.57995 -6
2660500 -5.94814 -6
2660600 -5.40483 -6
2660700 -5.21655 -6
2660800 -5.29843 -6
2660900 -5.74955 -6
2661000 -6.09044 -6
2661100 -6.37552 -6
2661200 -6.26207 -6
2661300 -6.11206 -6
2661400 -6.08203 -6
2661500 -6.05711 -6
2661600 -5.93664 -6
2661700 -6.19042 -6
2661800 -6.48325 -6
2661900 -6.35123 -6
2662000 -5.79863 -6
2662100 -5.38352 -6
2662200 -5.56271 -6
2662300 -6.0799 -6
2662400 -6.18101 -6
2662500 -6.11384 -6
2662600 -5.97644 -6
2662700 -5.95544 -6
2662800 -6.09141 -6
2662900 -6.31148 -6
2663000 -6.47007 -6
2663100 -6.46429 -6
2663200 -6.30473 -6
2663300 -5.99716 -6
2663400 -5.68759 -6
2663500 -5.74497 -6
2663600 -5.89458 -6
2663700 -5.97488 -6
2663800 -6.19632 -6
2663900 -6.41359 -6
2664000 -6.18376 -6
2664100 -6.00425 -6
2664200 -5.90545 -6
2664300 -5.9104 -6
2664400 -5.70441 -6
2664500 -5.62969 -6
2664600 -5.89294 -6
2664700 -6.0485 -6
2664800 -6.00723 -6
2664900 -6.19483 -6
2665000 -6.35099 -6
2665100 -6.5736 -6
2665200 -6.67607 -6
2665300 -6.48522 -6
2665400 -6.24542 -6
2665500 -6.0171 -6
2665600 -5.89282 -6
2665700 -5.89893 -6
2665800 -5.89498 -6
2665900 -6.00134 -6
2666000 -5.96115 -6
2666100 -5.72494 -6
2666200 -5.56474 -6
2666300 -5.60751 -6
2666400 -6.23319 -6
2666500 -6.75921 -6
2666600 -6.63363 -6
2666700 -6.13419 -6
2666800 -5.75849 -6
2666900 -5.41645 -6
2667000 -5.18986 -6
2667100 -5.34546 -6
2667200 -5.77351 -6
2667300 -6.30408 -6
2667400 -6.42295 -6
2667500 -6.39951 -6
2667600 -6.30755 -6
2667700 -6.01845 -6
2667800 -5.83028 -6
2667900 -5.92574 -6
2668000 -5.82352 -6
2668100 -5.78897 -6
2668200 -5.86036 -6
2668300 -6.23348 -6
2668400 -6.58391 -6
2668500 -6.535 -6
2668600 -6.24807 -6
2668700 -6.1277 -6
2668800 -6.22384 -6
2668900 -6.2394 -6
2669000 -6.30991 -6
2669100 -6.39391 -6
2669200 -6.39827 -6
2669300 -6.49185 -6
2669400 -6.30962 -6
2669500 -6.27188 -6
2669600 -6.1495 -6
2669700 -6.12515 -6
2669800 -6.0104 -6
2669900 -5.76395 -6
2670000 -5.71546 -6
2670100 -5.94791 -6
2670200 -6.5577 -6
2670300 -7.2507 -6
2670400 -7.34905 -6
2670500 -6.91245 -6
2670600 -6.47249 -6
2670700 -6.11882 -6
2670800 -5.97675 -6
2670900 -6.08408 -6
2671000 -6.02828 -6
2671100 -6.03113 -6
2671200 -6.19563 -6
2671300 -6.16299 -6
2671400 -6.25957 -6
2671500 -6.2357 -6
2671600 -6.0526 -6
2671700 -5.82904 -6
2671800 -5.49152 -6
2671900 -5.12399 -6
2672000 -5.32626 -6
2672100 -5.98887 -6
2672200 -6.426 -6
2672300 -6.68224 -6
2672400 -6.77701 -6
2672500 -6.51465 -6
2672600 -6.47918 -6
2672700 -6.2592 -6
2672800 -5.96128 -6
2672900 -5.79493 -6
2673000 -5.80963 -6
2673100 -5.81725 -6
2673200 -5.8343 -6
2673300 -6.08185 -6
2673400 -6.35531 -6
2673500 -6.44798 -6
2673600 -6.21188 -6
2673700 -5.96697 -6
2673800 -6.129 -6
2673900 -6.63367 -6
2674000 -7.11693 -6
2674100 -6.99397 -6
2674200 -6.4073 -6
2674300 -6.01149 -6
2674400 -5.94652 -6
2674500 -6.0094 -6
2674600 -6.10044 -6
2674700 -6.23317 -6
2674800 -6.45098 -6
2674900 -6.48034 -6
2675000 -6.15145 -6
2675100 -5.9395 -6
2675200 -5.85906 -6
2675300 -5.64979 -6
2675400 -5.65086 -6
2675500 -5.76997 -6
2675600 -5.73199 -6
2675700 -5.81758 -6
2675800 -5.82364 -6
2675900 -5.87631 -6
2676000 -6.19686 -6
2676100 -6.71906 -6
2676200 -6.93693 -6
2676300 -6.64039 -6
2676400 -6.2947 -6
2676500 -5.87061 -6
2676600 -5.74913 -6
2676700 -5.97803 -6
2676800 -6.27495 -6
2676900 -6.55269 -6
2677000 -6.62697 -6
2677100 -6.69559 -6
2677200 -6.49049 -6
2677300 -5.97494 -6
2677400 -5.47116 -6
2677500 -5.46899 -6
2677600 -5.74793 -6
2677700 -5.92184 -6
2677800 -5.94381 -6
2677900 -6.2958 -6
2678000 -6.47702 -6
2678100 -6.35596 -6
2678200 -6.2388 -6
2678300 -6.23854 -6
2678400 -6.07934 -6
2678500 -6.17986 -6
2678600 -6.5494 -6
2678700 -6.52035 -6
2678800 -6.246 -6
2678900 -6.21196 -6
2679000 -5.90899 -6
2679100 -5.37838 -6
2679200 -5.18483 -6
2679300 -5.31726 -6
2679400 -5.75396 -6
2679500 -6.09337 -6
2679600 -6.19379 -6
2679700 -6.14603 -6
2679800 -6.13711 -6
2679900 -6.04027 -6
2680000 -5.89045 -6
2680100 -5.82185 -6
2680200 -5.85557 -6
2680300 -5.71941 -6
2680400 -5.69376 -6
2680500 -5.88792 -6
2680600 -6.24476 -6
2680700 -6.54814 -6
2680800 -6.45321 -6
2680900 -6.17845 -6
2681000 -6.12641 -6
2681100 -6.30559 -6
2681200 -6.57977 -6
2681300 -6.63653 -6
2681400 -6.28574 -6
2681500 -5.70325 -6
2681600 -5.46498 -6
2681700 -5.77182 -6
2681800 -6.2071 -6
2681900 -6.20402 -6
2682000 -6.01823 -6
2682100 -6.01562 -6
2682200 -6.04219 -6
2682300 -6.18547 -6
2682400 -6.57443 -6
2682500 -6.61396 -6
2682600 -6.17647 -6
2682700 -5.89554 -6
2682800 -5.73958 -6
2682900 -6.02292 -6
2683000 -6.08537 -6
2683100 -5.99038 -6
2683200 -5.86304 -6
2683300 -5.7777 -6
2683400 -5.67965 -6
2683500 -5.80601 -6
2683600 -6.1876 -6
2683700 -6.56075 -6
2683800 -6.7499 -6
2683900 -6.89568 -6
2684000 -6.66437 -6
2684100 -6.1337 -6
2684200 -5.77136 -6
2684300 -5.67255 -6
2684400 -5.77934 -6
2684500 -6.03776 -6
2684600 -6.06994 -6
2684700 -5.93278 -6
2684800 -5.95721 -6
2684900 -6.05731 -6
2685000 -6.20192 -6
2685100 -6.52235 -6
2685200 -6.55664 -6
2685300 -6.4159 -6
2685400 -6.16304 -6
2685500 -5.59168 -6
2685600 -5.46845 -6
2685700 -5.54402 -6
2685800 -5.70153 -6
2685900 -5.78184 -6
2686000 -5.96763 -6
2686100 -6.07374 -6
2686200 -6.36603 -6
2686300 -6.44132 -6
2686400 -6.50815 -6
2686500 -6.39377 -6
2686600 -6.09446 -6
2686700 -5.85364 -6
2686800 -5.79932 -6
2686900 -5.9937 -6
2687000 -6.23197 -6
2687100 -6.28422 -6
2687200 -6.29322 -6
2687300 -6.24716 -6
2687400 -6.29963 -6
2687500 -6.11244 -6
2687600 -5.91093 -6
2687700 -5.78342 -6
2687800 -5.61933 -6
2687900 -5.57266 -6
2688000 -5.86205 -6
2688100 -6.19997 -6
2688200 -6.26604 -6
2688300 -6.34029 -6
2688400 -6.48833 -6
2688500 -6.53063 -6
2688600 -6.56306 -6
2688700 -6.49673 -6
2688800 -6.24679 -6
2688900 -6.15731 -6
2689000 -5.97251 -6
2689100 -5.75196 -6
2689200 -5.58613 -6
2689300 -5.54605 -6
2689400 -5.72729 -6
2689500 -5.9887 -6
2689600 -6.1282 -6
2689700 -6.18813 -6
2689800 -6.13666 -6
2689900 -6.31693 -6
2690000 -6.60367 -6
