# Time-averaged data for fix myat1
# TimeStep v_xave v_xdes
790100 -36.2317 -36
790200 -36.383 -36
790300 -36.2367 -36
790400 -35.9775 -36
790500 -35.99 -36
790600 -35.9606 -36
790700 -35.6087 -36
790800 -35.7628 -36
790900 -36.2091 -36
791000 -36.4162 -36
791100 -36.3088 -36
791200 -36.0952 -36
791300 -35.9055 -36
791400 -35.9593 -36
791500 -36.1243 -36
791600 -36.0952 -36
791700 -35.8108 -36
791800 -35.6861 -36
791900 -35.962 -36
792000 -36.1757 -36
792100 -35.8989 -36
792200 -35.5946 -36
792300 -35.7414 -36
792400 -36.17 -36
792500 -36.4649 -36
792600 -36.4616 -36
792700 -36.266 -36
792800 -35.8226 -36
792900 -35.2391 -36
793000 -35.3086 -36
793100 -35.6657 -36
793200 -36.1835 -36
793300 -36.6684 -36
793400 -36.6842 -36
793500 -36.416 -36
793600 -35.9498 -36
793700 -35.7692 -36
793800 -35.6067 -36
793900 -35.5729 -36
794000 -35.6297 -36
794100 -35.9163 -36
794200 -36.3942 -36
794300 -36.9442 -36
794400 -36.9336 -36
794500 -36.4667 -36
794600 -36.0621 -36
794700 -35.8016 -36
794800 -35.7604 -36
794900 -36.0648 -36
795000 -36.3161 -36
795100 -36.3923 -36
795200 -36.3678 -36
795300 -36.2898 -36
795400 -36.1707 -36
795500 -35.7522 -36
795600 -35.4636 -36
795700 -35.5237 -36
795800 -35.4996 -36
795900 -35.9767 -36
796000 -36.7374 -36
796100 -36.8974 -36
796200 -36.7654 -36
796300 -36.4162 -36
796400 -35.9806 -36
796500 -35.8131 -36
796600 -35.7522 -36
796700 -35.4588 -36
796800 -35.2711 -36
796900 -35.1748 -36
797000 -35.3607 -36
797100 -35.9093 -36
797200 -36.0981 -36
797300 -36.0384 -36
797400 -35.9874 -36
797500 -35.7053 -36
797600 -35.4088 -36
797700 -35.3503 -36
797800 -35.4662 -36
797900 -35.7409 -36
798000 -36.1161 -36
798100 -36.3476 -36
798200 -36.2682 -36
798300 -36.2178 -36
798400 -36.2258 -36
798500 -35.8457 -36
798600 -35.5307 -36
798700 -35.4916 -36
798800 -35.7228 -36
798900 -36.0603 -36
799000 -35.9671 -36
799100 -35.627 -36
799200 -35.349 -36
799300 -35.4458 -36
799400 -36.0727 -36
799500 -36.8482 -36
799600 -36.9163 -36
799700 -36.503 -36
799800 -35.8331 -36
799900 -35.1793 -36
800000 -35.1717 -36
800100 -35.7672 -36
800200 -36.0883 -36
800300 -36.2417 -36
800400 -36.2596 -36
800500 -36.0126 -36
800600 -35.6137 -36
800700 -35.4404 -36
800800 -35.7123 -36
800900 -36.5497 -36
801000 -36.9347 -36
801100 -36.6085 -36
801200 -36.3923 -36
801300 -36.2008 -36
801400 -36.1349 -36
801500 -36.2096 -36
801600 -36.271 -36
801700 -36.484 -36
801800 -36.1901 -36
801900 -35.5898 -36
802000 -35.3444 -36
802100 -35.5065 -36
802200 -35.8864 -36
802300 -36.5071 -36
802400 -36.8509 -36
802500 -36.7774 -36
802600 -36.501 -36
802700 -36.2583 -36
802800 -35.6383 -36
802900 -35.1334 -36
803000 -35.0186 -36
803100 -35.0448 -36
803200 -35.6268 -36
803300 -36.3269 -36
803400 -36.5419 -36
803500 -36.3993 -36
803600 -36.1622 -36
803700 -35.7273 -36
803800 -35.3974 -36
803900 -35.3452 -36
804000 -35.7401 -36
804100 -36.2021 -36
804200 -36.2753 -36
804300 -35.9605 -36
804400 -35.8289 -36
804500 -35.8954 -36
804600 -36.1516 -36
804700 -36.2182 -36
804800 -36.2421 -36
804900 -36.2421 -36
805000 -36.0628 -36
805100 -35.5898 -36
805200 -35.3664 -36
805300 -35.5082 -36
805400 -35.9215 -36
805500 -36.1266 -36
805600 -36.1487 -36
805700 -36.4021 -36
805800 -36.6263 -36
805900 -36.5487 -36
806000 -36.207 -36
806100 -35.8768 -36
806200 -35.7331 -36
806300 -35.5588 -36
806400 -35.7497 -36
806500 -36.0957 -36
806600 -36.2118 -36
806700 -36.3894 -36
806800 -36.4964 -36
806900 -36.1844 -36
807000 -35.8201 -36
807100 -35.7235 -36
807200 -36.0493 -36
807300 -36.4215 -36
807400 -36.6965 -36
807500 -36.6814 -36
807600 -36.3748 -36
807700 -35.8574 -36
807800 -35.4213 -36
807900 -35.349 -36
808000 -35.6405 -36
808100 -36.1206 -36
808200 -36.4421 -36
808300 -36.2171 -36
808400 -36.2649 -36
808500 -36.4372 -36
808600 -36.2277 -36
808700 -35.8087 -36
808800 -35.6501 -36
808900 -35.8764 -36
809000 -36.2063 -36
809100 -36.2872 -36
809200 -36.3445 -36
809300 -36.404 -36
809400 -36.3357 -36
809500 -36.4259 -36
809600 -36.4393 -36
809700 -36.2001 -36
809800 -36.0039 -36
809900 -35.7943 -36
810000 -35.5965 -36
810100 -35.5986 -36
810200 -35.6948 -36
810300 -35.8159 -36
810400 -35.7323 -36
810500 -35.7258 -36
810600 -35.9726 -36
810700 -35.8368 -36
810800 -35.4802 -36
810900 -35.6511 -36
811000 -36.1716 -36
811100 -36.385 -36
811200 -36.2246 -36
811300 -35.6688 -36
811400 -35.2892 -36
811500 -35.4509 -36
811600 -36.0644 -36
811700 -36.6179 -36
811800 -36.7262 -36
811900 -36.4697 -36
812000 -36.3166 -36
812100 -36.1735 -36
812200 -35.8927 -36
812300 -35.9558 -36
812400 -36.12 -36
812500 -35.923 -36
812600 -35.5737 -36
812700 -35.5839 -36
812800 -35.8657 -36
812900 -36.2076 -36
813000 -36.2939 -36
813100 -36.3462 -36
813200 -36.1548 -36
813300 -36.012 -36
813400 -36.0061 -36
813500 -36.3759 -36
813600 -36.8213 -36
813700 -36.7422 -36
813800 -36.4304 -36
813900 -36.1007 -36
814000 -35.817 -36
814100 -35.7854 -36
814200 -35.8055 -36
814300 -35.9807 -36
814400 -36.3458 -36
814500 -36.5744 -36
814600 -36.4932 -36
814700 -35.8506 -36
814800 -35.5479 -36
814900 -35.8126 -36
815000 -36.2805 -36
815100 -36.5513 -36
815200 -36.5013 -36
815300 -35.9179 -36
815400 -35.399 -36
815500 -35.1021 -36
815600 -35.0942 -36
815700 -35.4375 -36
815800 -35.9101 -36
815900 -36.2427 -36
816000 -35.9935 -36
816100 -35.5977 -36
816200 -35.394 -36
816300 -35.7877 -36
816400 -36.2172 -36
816500 -36.2093 -36
816600 -36.104 -36
816700 -36.2084 -36
816800 -36.0781 -36
816900 -35.9201 -36
817000 -35.9083 -36
817100 -35.687 -36
817200 -35.4747 -36
817300 -35.515 -36
817400 -35.6668 -36
817500 -35.7007 -36
817600 -35.8508 -36
817700 -35.9478 -36
817800 -36.1138 -36
817900 -35.9372 -36
818000 -35.7109 -36
818100 -35.6968 -36
818200 -35.6205 -36
818300 -35.562 -36
818400 -35.3424 -36
818500 -35.3589 -36
818600 -35.539 -36
818700 -35.7962 -36
818800 -36.064 -36
818900 -36.2646 -36
819000 -36.4273 -36
819100 -36.3754 -36
819200 -35.9269 -36
819300 -35.6836 -36
819400 -35.9033 -36
819500 -36.3358 -36
819600 -36.6601 -36
819700 -36.5109 -36
819800 -36.0475 -36
819900 -35.4948 -36
820000 -35.2982 -36
820100 -35.3848 -36
820200 -35.6527 -36
820300 -36.0872 -36
820400 -36.4107 -36
820500 -36.4577 -36
820600 -36.1651 -36
820700 -35.7893 -36
820800 -35.6191 -36
820900 -35.6463 -36
821000 -35.7056 -36
821100 -35.7738 -36
821200 -35.8297 -36
821300 -35.6583 -36
821400 -35.4945 -36
821500 -35.6918 -36
821600 -36.0683 -36
821700 -36.4908 -36
821800 -36.5824 -36
821900 -36.33 -36
822000 -35.7891 -36
822100 -35.2197 -36
822200 -35.1012 -36
822300 -35.3313 -36
822400 -36.0925 -36
822500 -36.7527 -36
822600 -36.8322 -36
822700 -36.379 -36
822800 -35.9741 -36
822900 -36.0115 -36
823000 -35.9576 -36
823100 -35.7662 -36
823200 -35.7983 -36
823300 -35.879 -36
823400 -35.8829 -36
823500 -35.8439 -36
823600 -35.8924 -36
823700 -35.9881 -36
823800 -36.3966 -36
823900 -36.7997 -36
824000 -36.9369 -36
824100 -36.6762 -36
824200 -36.5901 -36
824300 -36.7662 -36
824400 -36.8572 -36
824500 -36.6575 -36
824600 -36.2279 -36
824700 -35.9562 -36
824800 -35.9976 -36
824900 -35.9945 -36
825000 -35.9739 -36
825100 -36.0417 -36
825200 -36.2714 -36
825300 -36.525 -36
825400 -36.2357 -36
825500 -36.1108 -36
825600 -36.0998 -36
825700 -36.3005 -36
825800 -36.4452 -36
825900 -36.4821 -36
826000 -36.3055 -36
826100 -35.9376 -36
826200 -35.7177 -36
826300 -35.6811 -36
826400 -35.6042 -36
826500 -35.7022 -36
826600 -36.0525 -36
826700 -36.2698 -36
826800 -36.4665 -36
826900 -36.3733 -36
827000 -36.09 -36
827100 -35.713 -36
827200 -35.3428 -36
827300 -35.3238 -36
827400 -35.7356 -36
827500 -36.1596 -36
827600 -36.355 -36
827700 -36.279 -36
827800 -36.1815 -36
827900 -36.027 -36
828000 -36.0949 -36
828100 -36.2285 -36
828200 -36.3124 -36
828300 -36.432 -36
828400 -36.4645 -36
828500 -36.3001 -36
828600 -36.0153 -36
828700 -35.8023 -36
828800 -35.6777 -36
828900 -35.7995 -36
829000 -36.1778 -36
829100 -35.9545 -36
829200 -35.7298 -36
829300 -35.7797 -36
829400 -36.0772 -36
829500 -36.4581 -36
829600 -36.7007 -36
829700 -36.3583 -36
829800 -35.9009 -36
829900 -35.5243 -36
830000 -35.3306 -36
830100 -35.4524 -36
830200 -35.8841 -36
830300 -36.2874 -36
830400 -36.4158 -36
830500 -36.2677 -36
830600 -36.0088 -36
830700 -35.8135 -36
830800 -35.8505 -36
830900 -35.9337 -36
831000 -36.071 -36
831100 -36.3828 -36
831200 -36.6241 -36
831300 -36.6678 -36
831400 -36.4861 -36
831500 -36.5037 -36
831600 -36.4417 -36
831700 -36.3794 -36
831800 -36.3223 -36
831900 -36.1491 -36
832000 -35.8878 -36
832100 -35.6354 -36
832200 -35.9691 -36
832300 -36.3357 -36
832400 -36.5185 -36
832500 -36.6269 -36
832600 -36.4797 -36
832700 -36.2445 -36
832800 -36.0912 -36
832900 -35.8514 -36
833000 -35.6058 -36
833100 -35.649 -36
833200 -35.7921 -36
833300 -35.7765 -36
833400 -35.6954 -36
833500 -35.8747 -36
833600 -36.1849 -36
833700 -36.3062 -36
833800 -36.1326 -36
833900 -35.9116 -36
834000 -35.6037 -36
834100 -35.5899 -36
834200 -35.9353 -36
834300 -36.2203 -36
834400 -36.3236 -36
834500 -36.0446 -36
834600 -35.8387 -36
834700 -35.5266 -36
834800 -35.5404 -36
834900 -35.809 -36
835000 -36.2229 -36
835100 -36.3847 -36
835200 -36.3131 -36
835300 -36.0657 -36
835400 -35.7509 -36
835500 -35.524 -36
835600 -35.5441 -36
835700 -35.8331 -36
835800 -36.0602 -36
835900 -36.2277 -36
836000 -36.1421 -36
836100 -36.1189 -36
836200 -36.2429 -36
836300 -36.4104 -36
836400 -36.387 -36
836500 -36.4068 -36
836600 -36.1666 -36
836700 -35.7188 -36
836800 -35.3397 -36
836900 -35.3089 -36
837000 -35.5724 -36
837100 -36.2003 -36
837200 -36.5584 -36
837300 -36.5068 -36
837400 -36 -36
837500 -35.378 -36
837600 -35.0919 -36
837700 -35.633 -36
837800 -36.2956 -36
837900 -36.4489 -36
838000 -36.2816 -36
838100 -36.1137 -36
838200 -35.869 -36
838300 -36.0883 -36
838400 -36.0499 -36
838500 -35.9928 -36
838600 -36.0556 -36
838700 -36.1655 -36
838800 -36.3561 -36
838900 -36.4826 -36
839000 -36.3049 -36
839100 -35.9575 -36
839200 -35.8873 -36
839300 -35.9221 -36
839400 -35.9637 -36
839500 -35.9627 -36
839600 -36.1391 -36
839700 -36.2931 -36
839800 -36.3511 -36
839900 -36.2701 -36
840000 -36.3661 -36
840100 -36.3319 -36
840200 -36.0168 -36
840300 -35.7132 -36
840400 -35.4161 -36
840500 -35.353 -36
840600 -35.4851 -36
840700 -35.6692 -36
840800 -35.8255 -36
840900 -35.8063 -36
841000 -35.554 -36
841100 -35.6075 -36
841200 -35.9141 -36
841300 -36.2113 -36
841400 -36.3577 -36
841500 -36.3837 -36
841600 -36.3181 -36
841700 -36.3652 -36
841800 -36.1492 -36
841900 -36.1225 -36
842000 -36.08 -36
842100 -36.1274 -36
842200 -36.1813 -36
842300 -36.1745 -36
842400 -36.045 -36
842500 -35.756 -36
842600 -35.8556 -36
842700 -36.282 -36
842800 -36.4426 -36
842900 -36.4362 -36
843000 -36.5207 -36
843100 -36.4427 -36
843200 -36.4245 -36
843300 -36.4462 -36
843400 -36.3161 -36
843500 -36.2258 -36
843600 -35.977 -36
843700 -35.6457 -36
843800 -35.6467 -36
843900 -35.5958 -36
844000 -35.4299 -36
844100 -35.6911 -36
844200 -36.161 -36
844300 -36.5463 -36
844400 -36.6061 -36
844500 -36.2129 -36
844600 -35.8511 -36
844700 -35.6934 -36
844800 -35.8707 -36
844900 -36.1123 -36
845000 -36.4136 -36
845100 -36.6604 -36
845200 -36.7256 -36
845300 -36.8331 -36
845400 -36.626 -36
845500 -36.1367 -36
845600 -35.6908 -36
845700 -35.6888 -36
845800 -35.7853 -36
845900 -35.8157 -36
846000 -36.026 -36
846100 -36.1761 -36
846200 -36.3283 -36
846300 -36.3785 -36
846400 -36.1822 -36
846500 -36.0706 -36
846600 -36.0482 -36
846700 -36.0253 -36
846800 -36.1422 -36
846900 -36.2124 -36
847000 -35.9204 -36
847100 -35.2581 -36
847200 -35.1333 -36
847300 -35.7629 -36
847400 -36.5491 -36
847500 -36.7933 -36
847600 -36.2697 -36
847700 -35.6706 -36
847800 -35.4783 -36
847900 -36.0921 -36
848000 -36.7485 -36
848100 -36.7327 -36
848200 -36.3926 -36
848300 -35.9256 -36
848400 -35.6678 -36
848500 -35.9652 -36
848600 -36.192 -36
848700 -36.0926 -36
848800 -35.8656 -36
848900 -35.9914 -36
849000 -36.2236 -36
849100 -36.1985 -36
849200 -36.1915 -36
849300 -36.0753 -36
849400 -35.5671 -36
849500 -35.3056 -36
849600 -35.3102 -36
849700 -35.5565 -36
849800 -35.7652 -36
849900 -35.928 -36
850000 -35.9991 -36
850100 -35.9328 -36
850200 -35.8553 -36
850300 -35.8821 -36
850400 -36.0098 -36
850500 -36.2858 -36
850600 -36.1717 -36
850700 -36.0014 -36
850800 -36.0367 -36
850900 -36.0774 -36
851000 -36.0831 -36
851100 -36.3785 -36
851200 -36.8294 -36
851300 -36.6959 -36
851400 -36.1752 -36
851500 -35.8774 -36
851600 -35.7549 -36
851700 -36.018 -36
851800 -36.2814 -36
851900 -36.4163 -36
852000 -36.3462 -36
852100 -35.9987 -36
852200 -35.7671 -36
852300 -35.8318 -36
852400 -35.8541 -36
852500 -35.907 -36
852600 -36.0389 -36
852700 -36.3564 -36
852800 -36.72 -36
852900 -36.7723 -36
853000 -36.5201 -36
853100 -35.9895 -36
853200 -35.4616 -36
853300 -35.2094 -36
853400 -35.5048 -36
853500 -36.1795 -36
853600 -36.6079 -36
853700 -36.5989 -36
853800 -36.3769 -36
853900 -36.17 -36
854000 -36.0592 -36
854100 -35.7768 -36
854200 -35.5231 -36
854300 -35.6914 -36
854400 -35.9227 -36
854500 -35.9303 -36
854600 -35.6088 -36
854700 -35.4509 -36
854800 -35.4175 -36
854900 -35.3735 -36
855000 -35.5642 -36
855100 -35.8377 -36
855200 -36.0895 -36
855300 -36.1497 -36
855400 -36.236 -36
855500 -36.163 -36
855600 -35.94 -36
855700 -35.8799 -36
855800 -35.9862 -36
855900 -35.987 -36
856000 -36.0132 -36
856100 -36.2649 -36
856200 -36.5552 -36
856300 -36.65 -36
856400 -36.1879 -36
856500 -35.4202 -36
856600 -35.1061 -36
856700 -35.4245 -36
856800 -35.8656 -36
856900 -36.2993 -36
857000 -36.5863 -36
857100 -36.4552 -36
857200 -36.0365 -36
857300 -35.5042 -36
857400 -35.2609 -36
857500 -35.4543 -36
857600 -35.8078 -36
857700 -36.2317 -36
857800 -36.5299 -36
857900 -36.5529 -36
858000 -36.4991 -36
858100 -36.5005 -36
858200 -36.2024 -36
858300 -36.0658 -36
858400 -36.0423 -36
858500 -35.7199 -36
858600 -35.4574 -36
858700 -35.6349 -36
858800 -36.0488 -36
858900 -35.9017 -36
859000 -35.5033 -36
859100 -35.346 -36
859200 -35.3421 -36
859300 -35.6875 -36
859400 -36.2151 -36
859500 -36.6752 -36
859600 -36.6156 -36
859700 -36.009 -36
859800 -35.7107 -36
859900 -35.7181 -36
860000 -35.9086 -36
860100 -35.9413 -36
860200 -35.7343 -36
860300 -35.6229 -36
860400 -35.7226 -36
860500 -36.1233 -36
860600 -36.3077 -36
860700 -36.1372 -36
860800 -35.9597 -36
860900 -36.0145 -36
861000 -36.1483 -36
861100 -35.9786 -36
861200 -35.7752 -36
861300 -35.7125 -36
861400 -35.6983 -36
861500 -35.7871 -36
861600 -35.7971 -36
861700 -35.7983 -36
861800 -35.9702 -36
861900 -36.331 -36
862000 -36.4896 -36
862100 -36.3387 -36
862200 -35.9869 -36
862300 -35.8559 -36
862400 -35.7119 -36
862500 -35.6353 -36
862600 -35.8357 -36
862700 -36.0385 -36
862800 -36.1251 -36
862900 -36.1532 -36
863000 -35.9727 -36
863100 -35.732 -36
863200 -35.6505 -36
863300 -36.0718 -36
863400 -36.6765 -36
863500 -36.8655 -36
863600 -36.9328 -36
863700 -36.5853 -36
863800 -35.6965 -36
863900 -35.1885 -36
864000 -35.3517 -36
864100 -35.604 -36
864200 -35.9473 -36
864300 -36.0861 -36
864400 -36.0578 -36
864500 -36.0352 -36
864600 -36.0268 -36
864700 -36.0261 -36
864800 -36.147 -36
864900 -36.2116 -36
865000 -36.0652 -36
865100 -35.9582 -36
865200 -35.9799 -36
865300 -36.0395 -36
865400 -36.1437 -36
865500 -36.292 -36
865600 -36.3994 -36
865700 -36.3057 -36
865800 -36.1143 -36
865900 -35.972 -36
866000 -35.8143 -36
866100 -35.9848 -36
866200 -36.2605 -36
866300 -36.2295 -36
866400 -36.1835 -36
866500 -36.3734 -36
866600 -36.4098 -36
866700 -36.2454 -36
866800 -35.7527 -36
866900 -35.6306 -36
867000 -35.976 -36
867100 -36.235 -36
867200 -36.0233 -36
867300 -35.9573 -36
867400 -36.0914 -36
867500 -36.0193 -36
867600 -36.0816 -36
867700 -36.1629 -36
867800 -35.9297 -36
867900 -35.8904 -36
868000 -36.0676 -36
868100 -36.0712 -36
868200 -35.8483 -36
868300 -35.9724 -36
868400 -36.2915 -36
868500 -36.3423 -36
868600 -36.0978 -36
868700 -35.9814 -36
868800 -35.9842 -36
868900 -35.9136 -36
869000 -36.033 -36
869100 -36.1573 -36
869200 -36.1955 -36
869300 -36.1152 -36
869400 -35.9692 -36
869500 -35.9319 -36
869600 -35.7679 -36
869700 -35.7506 -36
869800 -35.5672 -36
869900 -35.49 -36
870000 -35.6503 -36
870100 -35.8456 -36
870200 -35.8184 -36
870300 -35.7757 -36
870400 -35.8622 -36
870500 -36.126 -36
870600 -36.3102 -36
870700 -36.3105 -36
870800 -36.1896 -36
870900 -35.879 -36
871000 -35.8351 -36
871100 -35.8703 -36
871200 -35.8405 -36
871300 -35.9253 -36
871400 -35.9739 -36
871500 -36.2295 -36
871600 -36.2395 -36
871700 -36.0732 -36
871800 -35.7694 -36
871900 -35.4508 -36
872000 -35.3886 -36
872100 -35.6103 -36
872200 -36.0889 -36
872300 -36.4837 -36
872400 -36.376 -36
872500 -36.2012 -36
872600 -35.8161 -36
872700 -35.5012 -36
872800 -35.5242 -36
872900 -35.9847 -36
873000 -36.7966 -36
873100 -37.1122 -36
873200 -36.9325 -36
873300 -36.5646 -36
873400 -35.9793 -36
873500 -35.4994 -36
873600 -35.5649 -36
873700 -35.9019 -36
873800 -36.328 -36
873900 -36.4344 -36
874000 -36.4125 -36
874100 -36.3205 -36
874200 -36.3375 -36
874300 -36.1615 -36
874400 -35.8706 -36
874500 -35.5884 -36
874600 -35.6249 -36
874700 -36.0374 -36
874800 -36.1984 -36
874900 -36.074 -36
875000 -35.9407 -36
875100 -35.9245 -36
875200 -35.9514 -36
875300 -35.9098 -36
875400 -35.8046 -36
875500 -35.969 -36
875600 -36.3822 -36
875700 -36.5651 -36
875800 -36.3022 -36
875900 -36.0346 -36
876000 -35.7978 -36
876100 -35.5281 -36
876200 -35.3428 -36
876300 -35.4306 -36
876400 -35.7142 -36
876500 -36.1208 -36
876600 -36.4328 -36
876700 -36.4942 -36
876800 -36.0918 -36
876900 -35.7276 -36
877000 -35.5835 -36
877100 -35.4803 -36
877200 -35.8315 -36
877300 -36.2405 -36
877400 -35.956 -36
877500 -35.5105 -36
877600 -35.5557 -36
877700 -35.996 -36
877800 -36.3289 -36
877900 -36.4588 -36
878000 -36.5276 -36
878100 -36.5574 -36
878200 -36.4741 -36
878300 -36.2189 -36
878400 -35.8618 -36
878500 -35.8391 -36
878600 -35.9425 -36
878700 -36.1931 -36
878800 -36.1435 -36
878900 -35.917 -36
879000 -35.8573 -36
879100 -35.8895 -36
879200 -35.6232 -36
879300 -35.5251 -36
879400 -36.1028 -36
879500 -36.7156 -36
879600 -36.5913 -36
879700 -36.0455 -36
879800 -35.7012 -36
879900 -35.5681 -36
880000 -35.5441 -36
880100 -35.5335 -36
880200 -35.6607 -36
880300 -35.9683 -36
880400 -36.2562 -36
880500 -36.2707 -36
880600 -36.4714 -36
880700 -36.7209 -36
880800 -36.5809 -36
880900 -35.7347 -36
881000 -35.0697 -36
881100 -34.9559 -36
881200 -35.7812 -36
881300 -36.4467 -36
881400 -36.621 -36
881500 -36.2422 -36
881600 -35.8843 -36
881700 -35.9128 -36
881800 -35.742 -36
881900 -35.6081 -36
882000 -35.5858 -36
882100 -35.6581 -36
882200 -36.0872 -36
882300 -36.354 -36
882400 -36.2598 -36
882500 -36.1052 -36
882600 -35.9903 -36
882700 -35.8285 -36
882800 -35.7554 -36
882900 -35.669 -36
883000 -35.6241 -36
883100 -35.6021 -36
883200 -35.7261 -36
883300 -36.1031 -36
883400 -36.5129 -36
883500 -36.6457 -36
883600 -36.8107 -36
883700 -36.556 -36
883800 -36.2135 -36
883900 -35.9338 -36
884000 -35.5955 -36
884100 -35.6108 -36
884200 -36.0404 -36
884300 -36.4804 -36
884400 -36.7936 -36
884500 -36.8546 -36
884600 -36.4826 -36
884700 -36.1156 -36
884800 -35.8924 -36
884900 -35.6618 -36
885000 -35.6393 -36
885100 -35.8313 -36
885200 -36.3255 -36
885300 -36.7429 -36
885400 -36.6649 -36
885500 -36.6793 -36
885600 -36.6776 -36
885700 -36.6048 -36
885800 -36.4893 -36
885900 -36.0888 -36
886000 -35.5015 -36
886100 -35.3329 -36
886200 -35.4939 -36
886300 -35.7569 -36
886400 -35.9529 -36
886500 -36.1427 -36
886600 -36.154 -36
886700 -36.0828 -36
886800 -36.016 -36
886900 -35.8918 -36
887000 -35.9633 -36
887100 -36.062 -36
887200 -35.965 -36
887300 -36.1734 -36
887400 -36.4419 -36
887500 -36.3975 -36
887600 -36.0859 -36
887700 -35.6726 -36
887800 -35.7766 -36
887900 -35.9433 -36
888000 -36.2306 -36
888100 -36.234 -36
888200 -36.1215 -36
888300 -36.2011 -36
888400 -36.0398 -36
888500 -36.0331 -36
888600 -36.1351 -36
888700 -36.0629 -36
888800 -36.2768 -36
888900 -36.5181 -36
889000 -36.5472 -36
889100 -36.2331 -36
889200 -35.7249 -36
889300 -35.3736 -36
889400 -35.2823 -36
889500 -35.8013 -36
889600 -36.412 -36
889700 -36.4974 -36
889800 -36.2997 -36
889900 -35.9212 -36
890000 -35.5455 -36
