# Time-averaged data for fix myat1
# TimeStep v_xave v_xdes
290100 -46.3975 -46
290200 -46.934 -46
290300 -46.8889 -46
290400 -46.5135 -46
290500 -46.2319 -46
290600 -45.8137 -46
290700 -45.6121 -46
290800 -45.7488 -46
290900 -45.7125 -46
291000 -45.8477 -46
291100 -46.112 -46
291200 -46.3327 -46
291300 -46.477 -46
291400 -46.4695 -46
291500 -46.3403 -46
291600 -46.1616 -46
291700 -45.7328 -46
291800 -45.2654 -46
291900 -45.0158 -46
292000 -45.1156 -46
292100 -45.5084 -46
292200 -45.8312 -46
292300 -46.0016 -46
292400 -46.1257 -46
292500 -46.5058 -46
292600 -46.8255 -46
292700 -46.8226 -46
292800 -46.5936 -46
292900 -46.4378 -46
293000 -46.4047 -46
293100 -46.4829 -46
293200 -46.4763 -46
293300 -46.3656 -46
293400 -46.304 -46
293500 -46.3435 -46
293600 -46.1596 -46
293700 -45.9613 -46
293800 -45.6966 -46
293900 -45.6148 -46
294000 -45.6287 -46
294100 -45.8347 -46
294200 -46.2763 -46
294300 -46.5643 -46
294400 -46.5616 -46
294500 -46.1547 -46
294600 -45.6265 -46
294700 -45.3845 -46
294800 -45.4548 -46
294900 -45.6868 -46
295000 -45.7065 -46
295100 -45.7854 -46
295200 -46.0387 -46
295300 -46.3124 -46
295400 -46.5601 -46
295500 -46.7941 -46
295600 -47.0653 -46
295700 -46.9195 -46
295800 -46.4283 -46
295900 -45.7694 -46
296000 -45.2554 -46
296100 -44.9777 -46
296200 -45.0388 -46
296300 -45.6246 -46
296400 -46.2532 -46
296500 -46.4437 -46
296600 -46.515 -46
296700 -46.5532 -46
296800 -46.5126 -46
296900 -46.3283 -46
297000 -46.202 -46
297100 -46.0544 -46
297200 -45.9722 -46
297300 -45.9304 -46
297400 -45.8073 -46
297500 -46.0491 -46
297600 -46.4683 -46
297700 -46.7162 -46
297800 -46.5232 -46
297900 -46.0308 -46
298000 -45.6694 -46
298100 -45.47 -46
298200 -45.5619 -46
298300 -45.7125 -46
298400 -45.6012 -46
298500 -45.6069 -46
298600 -45.6743 -46
298700 -45.6946 -46
298800 -45.7333 -46
298900 -45.8281 -46
299000 -45.7703 -46
299100 -45.525 -46
299200 -45.7726 -46
299300 -46.1234 -46
299400 -46.1992 -46
299500 -46.3292 -46
299600 -46.3782 -46
299700 -46.4244 -46
299800 -46.383 -46
299900 -46.2673 -46
300000 -46.1731 -46
300100 -45.8597 -46
300200 -45.6954 -46
300300 -45.7697 -46
300400 -45.7933 -46
300500 -45.9965 -46
300600 -46.3467 -46
300700 -46.4335 -46
300800 -46.452 -46
300900 -46.4841 -46
301000 -46.4572 -46
301100 -46.3231 -46
301200 -46.2628 -46
301300 -46.2767 -46
301400 -46.1919 -46
301500 -46.2371 -46
301600 -46.5444 -46
301700 -46.7671 -46
301800 -46.4457 -46
301900 -46.3054 -46
302000 -46.3832 -46
302100 -46.2941 -46
302200 -46.3694 -46
302300 -46.4926 -46
302400 -46.1791 -46
302500 -45.6246 -46
302600 -45.3067 -46
302700 -45.3493 -46
302800 -45.4856 -46
302900 -45.3825 -46
303000 -45.1517 -46
303100 -45.3334 -46
303200 -45.6478 -46
303300 -45.9162 -46
303400 -46.4605 -46
303500 -46.8218 -46
303600 -46.5699 -46
303700 -46.3071 -46
303800 -46.2618 -46
303900 -46.6313 -46
304000 -46.9461 -46
304100 -47.1777 -46
304200 -47.3397 -46
304300 -47.1463 -46
304400 -46.4228 -46
304500 -45.8206 -46
304600 -45.6181 -46
304700 -45.7207 -46
304800 -46.0412 -46
304900 -46.4174 -46
305000 -46.8917 -46
305100 -47.2117 -46
305200 -47.5354 -46
305300 -47.1516 -46
305400 -46.3515 -46
305500 -45.4685 -46
305600 -44.617 -46
305700 -44.4562 -46
305800 -45.0837 -46
305900 -45.8317 -46
306000 -46.5573 -46
306100 -47.0529 -46
306200 -46.8469 -46
306300 -46.068 -46
306400 -45.354 -46
306500 -45.1958 -46
306600 -45.4431 -46
306700 -45.9734 -46
306800 -46.4295 -46
306900 -46.5833 -46
307000 -46.6259 -46
307100 -46.5135 -46
307200 -46.1077 -46
307300 -45.8461 -46
307400 -45.7312 -46
307500 -45.6494 -46
307600 -45.6834 -46
307700 -45.9111 -46
307800 -46.0322 -46
307900 -46.1329 -46
308000 -46.2332 -46
308100 -46.366 -46
308200 -46.3234 -46
308300 -46.4355 -46
308400 -46.491 -46
308500 -46.4246 -46
308600 -46.0674 -46
308700 -45.7921 -46
308800 -45.727 -46
308900 -45.9161 -46
309000 -46.3003 -46
309100 -46.3744 -46
309200 -46.543 -46
309300 -46.6145 -46
309400 -46.4289 -46
309500 -46.2712 -46
309600 -46.1193 -46
309700 -45.8098 -46
309800 -45.4605 -46
309900 -45.5204 -46
310000 -45.7371 -46
310100 -45.8645 -46
310200 -45.8543 -46
310300 -45.9107 -46
310400 -45.9596 -46
310500 -46.0688 -46
310600 -46.2042 -46
310700 -46.3829 -46
310800 -46.1696 -46
310900 -45.6416 -46
311000 -45.5565 -46
311100 -45.7755 -46
311200 -46.2633 -46
311300 -46.5299 -46
311400 -46.499 -46
311500 -46.0142 -46
311600 -45.3974 -46
311700 -45.1214 -46
311800 -45.2555 -46
311900 -45.7321 -46
312000 -46.1153 -46
312100 -46.2088 -46
312200 -46.3403 -46
312300 -46.3963 -46
312400 -46.2614 -46
312500 -46.1362 -46
312600 -46.1878 -46
312700 -46.0407 -46
312800 -46.0187 -46
312900 -46.1002 -46
313000 -46.2427 -46
313100 -46.063 -46
313200 -45.8424 -46
313300 -45.7963 -46
313400 -45.6932 -46
313500 -45.9568 -46
313600 -46.5462 -46
313700 -46.6664 -46
313800 -46.5169 -46
313900 -46.1462 -46
314000 -45.529 -46
314100 -45.0435 -46
314200 -45.0646 -46
314300 -45.7203 -46
314400 -46.5375 -46
314500 -47.1554 -46
314600 -47.2539 -46
314700 -46.9918 -46
314800 -46.6137 -46
314900 -45.9755 -46
315000 -45.2851 -46
315100 -44.8946 -46
315200 -45.1784 -46
315300 -45.9534 -46
315400 -46.33 -46
315500 -46.2785 -46
315600 -46.0954 -46
315700 -45.8711 -46
315800 -45.5133 -46
315900 -45.1145 -46
316000 -45.169 -46
316100 -45.5107 -46
316200 -46.2042 -46
316300 -46.7885 -46
316400 -47.4289 -46
316500 -47.589 -46
316600 -47.2702 -46
316700 -46.6218 -46
316800 -45.9587 -46
316900 -45.5423 -46
317000 -45.4781 -46
317100 -45.4645 -46
317200 -45.5025 -46
317300 -45.5922 -46
317400 -45.8692 -46
317500 -46.2726 -46
317600 -46.8381 -46
317700 -47.139 -46
317800 -46.9138 -46
317900 -46.2697 -46
318000 -45.8551 -46
318100 -45.7364 -46
318200 -45.8774 -46
318300 -46.2129 -46
318400 -46.4789 -46
318500 -46.3405 -46
318600 -45.96 -46
318700 -45.6045 -46
318800 -45.3485 -46
318900 -45.3237 -46
319000 -45.6172 -46
319100 -46.0369 -46
319200 -46.4945 -46
319300 -46.9529 -46
319400 -46.8657 -46
319500 -46.7414 -46
319600 -46.3563 -46
319700 -45.8677 -46
319800 -45.7589 -46
319900 -45.7654 -46
320000 -45.5743 -46
320100 -45.434 -46
320200 -45.4554 -46
320300 -45.9305 -46
320400 -46.2681 -46
320500 -46.2917 -46
320600 -46.066 -46
320700 -45.614 -46
320800 -45.2869 -46
320900 -45.2027 -46
321000 -45.6061 -46
321100 -45.9858 -46
321200 -46.1191 -46
321300 -46.1184 -46
321400 -46.1115 -46
321500 -45.9042 -46
321600 -45.5686 -46
321700 -45.5184 -46
321800 -45.8083 -46
321900 -46.3545 -46
322000 -46.8082 -46
322100 -46.8747 -46
322200 -46.5488 -46
322300 -46.3702 -46
322400 -46.4044 -46
322500 -46.366 -46
322600 -46.2304 -46
322700 -46.1777 -46
322800 -46.0178 -46
322900 -45.9219 -46
323000 -45.8064 -46
323100 -45.6973 -46
323200 -45.6788 -46
323300 -45.7253 -46
323400 -45.9088 -46
323500 -46.2755 -46
323600 -46.7491 -46
323700 -47.0233 -46
323800 -47.0191 -46
323900 -46.8048 -46
324000 -46.418 -46
324100 -46.2397 -46
324200 -45.9204 -46
324300 -45.5306 -46
324400 -45.4015 -46
324500 -45.548 -46
324600 -45.7542 -46
324700 -45.7637 -46
324800 -45.7562 -46
324900 -45.9102 -46
325000 -45.9185 -46
325100 -45.8518 -46
325200 -45.9965 -46
325300 -46.1208 -46
325400 -46.2753 -46
325500 -46.3591 -46
325600 -46.3769 -46
325700 -46.3494 -46
325800 -46.0527 -46
325900 -45.7692 -46
326000 -45.6383 -46
326100 -45.796 -46
326200 -46.0744 -46
326300 -46.1536 -46
326400 -45.9122 -46
326500 -45.6102 -46
326600 -45.2644 -46
326700 -44.9978 -46
326800 -45.0025 -46
326900 -45.3151 -46
327000 -46.0368 -46
327100 -46.7386 -46
327200 -46.7707 -46
327300 -46.7091 -46
327400 -46.6345 -46
327500 -46.5871 -46
327600 -46.5099 -46
327700 -46.0934 -46
327800 -45.6752 -46
327900 -45.603 -46
328000 -45.6376 -46
328100 -45.5964 -46
328200 -45.5923 -46
328300 -45.5087 -46
328400 -45.2064 -46
328500 -45.1102 -46
328600 -45.2453 -46
328700 -45.1543 -46
328800 -44.8473 -46
328900 -44.7879 -46
329000 -45.0569 -46
329100 -45.8152 -46
329200 -46.3505 -46
329300 -46.4674 -46
329400 -46.1653 -46
329500 -45.8131 -46
329600 -45.5992 -46
329700 -45.3213 -46
329800 -45.331 -46
329900 -45.3626 -46
330000 -45.1819 -46
330100 -45.0023 -46
330200 -45.0294 -46
330300 -45.2048 -46
330400 -45.6149 -46
330500 -46.2651 -46
330600 -46.7582 -46
330700 -46.7715 -46
330800 -46.2624 -46
330900 -45.7815 -46
331000 -45.3111 -46
331100 -45.0606 -46
331200 -44.9565 -46
331300 -44.9444 -46
331400 -44.8585 -46
331500 -45.1047 -46
331600 -45.6222 -46
331700 -46.236 -46
331800 -46.6705 -46
331900 -46.9316 -46
332000 -46.972 -46
332100 -46.6504 -46
332200 -46.1835 -46
332300 -45.7628 -46
332400 -45.6066 -46
332500 -45.88 -46
332600 -46.034 -46
332700 -45.9054 -46
332800 -45.7981 -46
332900 -46.0048 -46
333000 -46.5237 -46
333100 -46.6691 -46
333200 -46.5759 -46
333300 -46.4654 -46
333400 -46.2146 -46
333500 -45.6111 -46
333600 -45.3247 -46
333700 -45.2754 -46
333800 -45.572 -46
333900 -45.7967 -46
334000 -45.8015 -46
334100 -45.6375 -46
334200 -45.6987 -46
334300 -45.9126 -46
334400 -46.0932 -46
334500 -46.1757 -46
334600 -45.8946 -46
334700 -45.4702 -46
334800 -45.516 -46
334900 -45.6787 -46
335000 -45.9029 -46
335100 -46.1495 -46
335200 -46.1229 -46
335300 -45.914 -46
335400 -45.8125 -46
335500 -45.9194 -46
335600 -46.212 -46
335700 -46.703 -46
335800 -47.0496 -46
335900 -47.08 -46
336000 -46.7164 -46
336100 -46.0648 -46
336200 -45.2894 -46
336300 -45.1457 -46
336400 -45.6057 -46
336500 -46.197 -46
336600 -46.4457 -46
336700 -46.561 -46
336800 -46.3205 -46
336900 -45.9287 -46
337000 -45.8045 -46
337100 -46.1136 -46
337200 -46.5171 -46
337300 -46.5387 -46
337400 -46.2058 -46
337500 -45.9193 -46
337600 -45.8761 -46
337700 -45.882 -46
337800 -45.9975 -46
337900 -45.887 -46
338000 -45.6299 -46
338100 -45.2964 -46
338200 -45.0878 -46
338300 -45.1741 -46
338400 -45.6426 -46
338500 -46.2658 -46
338600 -46.4206 -46
338700 -46.0653 -46
338800 -45.6697 -46
338900 -45.5002 -46
339000 -45.7161 -46
339100 -45.9766 -46
339200 -46.3479 -46
339300 -46.8204 -46
339400 -46.7837 -46
339500 -46.3256 -46
339600 -45.7437 -46
339700 -45.4418 -46
339800 -45.5917 -46
339900 -45.8945 -46
340000 -46.3266 -46
340100 -46.5206 -46
340200 -46.5784 -46
340300 -46.2731 -46
340400 -46.005 -46
340500 -45.9108 -46
340600 -46.1552 -46
340700 -46.2989 -46
340800 -46.0684 -46
340900 -45.7586 -46
341000 -45.7267 -46
341100 -45.9063 -46
341200 -46.2143 -46
341300 -46.3253 -46
341400 -46.1589 -46
341500 -45.9348 -46
341600 -45.8271 -46
341700 -45.7946 -46
341800 -45.9899 -46
341900 -46.1858 -46
342000 -46.0369 -46
342100 -45.7987 -46
342200 -45.7071 -46
342300 -45.7185 -46
342400 -45.8192 -46
342500 -45.9572 -46
342600 -46.2603 -46
342700 -46.4455 -46
342800 -46.5057 -46
342900 -46.3262 -46
343000 -46.0977 -46
343100 -45.8024 -46
343200 -45.4896 -46
343300 -45.1521 -46
343400 -44.9827 -46
343500 -45.3126 -46
343600 -45.7511 -46
343700 -46.0671 -46
343800 -46.3521 -46
343900 -46.6564 -46
344000 -46.4573 -46
344100 -45.9348 -46
344200 -45.5608 -46
344300 -45.2391 -46
344400 -45.0723 -46
344500 -45.2893 -46
344600 -45.749 -46
344700 -46.2096 -46
344800 -46.3599 -46
344900 -46.3877 -46
345000 -46.1707 -46
345100 -46.1934 -46
345200 -46.2766 -46
345300 -46.2419 -46
345400 -46.0971 -46
345500 -45.9472 -46
345600 -45.9863 -46
345700 -46.1596 -46
345800 -46.0371 -46
345900 -45.8741 -46
346000 -45.9686 -46
346100 -46.0903 -46
346200 -46.0977 -46
346300 -46.1256 -46
346400 -46.3134 -46
346500 -46.3578 -46
346600 -46.2971 -46
346700 -46.0814 -46
346800 -45.5703 -46
346900 -45.2169 -46
347000 -45.456 -46
347100 -45.9431 -46
347200 -46.4727 -46
347300 -46.831 -46
347400 -47.16 -46
347500 -47.2916 -46
347600 -46.8551 -46
347700 -46.3971 -46
347800 -46.1088 -46
347900 -45.9049 -46
348000 -45.9644 -46
348100 -45.9619 -46
348200 -45.9167 -46
348300 -45.8355 -46
348400 -45.7713 -46
348500 -45.9187 -46
348600 -46.2514 -46
348700 -46.3605 -46
348800 -46.3336 -46
348900 -46.4794 -46
349000 -46.857 -46
349100 -47.1733 -46
349200 -47.2369 -46
349300 -46.9989 -46
349400 -46.4877 -46
349500 -46.0222 -46
349600 -45.6497 -46
349700 -45.4712 -46
349800 -45.424 -46
349900 -45.3543 -46
350000 -45.5792 -46
350100 -45.8704 -46
350200 -45.9958 -46
350300 -45.9154 -46
350400 -45.67 -46
350500 -45.8057 -46
350600 -46.1559 -46
350700 -46.3645 -46
350800 -47.0288 -46
350900 -47.2747 -46
351000 -46.6761 -46
351100 -45.8152 -46
351200 -45.127 -46
351300 -44.9985 -46
351400 -45.5045 -46
351500 -46.2107 -46
351600 -46.6837 -46
351700 -46.8291 -46
351800 -46.7349 -46
351900 -46.4825 -46
352000 -45.9316 -46
352100 -45.59 -46
352200 -45.7792 -46
352300 -45.9895 -46
352400 -46.1544 -46
352500 -46.443 -46
352600 -46.7375 -46
352700 -46.67 -46
352800 -46.3579 -46
352900 -45.8437 -46
353000 -45.3366 -46
353100 -45.1985 -46
353200 -45.4283 -46
353300 -45.5373 -46
353400 -45.7015 -46
353500 -45.9428 -46
353600 -46.1435 -46
353700 -46.4335 -46
353800 -46.4793 -46
353900 -45.9965 -46
354000 -45.6637 -46
354100 -45.6689 -46
354200 -45.8676 -46
354300 -46.1114 -46
354400 -46.2178 -46
354500 -46.0857 -46
354600 -45.7395 -46
354700 -45.3214 -46
354800 -45.124 -46
354900 -45.4008 -46
355000 -45.9814 -46
355100 -46.4245 -46
355200 -46.5586 -46
355300 -46.5713 -46
355400 -46.6071 -46
355500 -46.5908 -46
355600 -46.477 -46
355700 -46.2952 -46
355800 -46.0519 -46
355900 -45.8316 -46
356000 -45.6031 -46
356100 -45.3813 -46
356200 -45.5031 -46
356300 -45.8836 -46
356400 -46.3779 -46
356500 -46.5658 -46
356600 -46.6365 -46
356700 -46.6372 -46
356800 -46.6204 -46
356900 -46.5148 -46
357000 -46.3798 -46
357100 -46.2413 -46
357200 -45.9652 -46
357300 -45.5728 -46
357400 -45.4295 -46
357500 -45.7771 -46
357600 -46.0049 -46
357700 -46.2039 -46
357800 -46.3154 -46
357900 -46.154 -46
358000 -46.1637 -46
358100 -46.2012 -46
358200 -46.014 -46
358300 -45.8238 -46
358400 -45.8105 -46
358500 -45.9483 -46
358600 -46.2387 -46
358700 -46.5491 -46
358800 -46.6025 -46
358900 -46.3805 -46
359000 -46.1739 -46
359100 -46.1558 -46
359200 -45.7275 -46
359300 -45.3679 -46
359400 -45.2627 -46
359500 -45.521 -46
359600 -45.8331 -46
359700 -46.018 -46
359800 -46.3247 -46
359900 -46.6702 -46
360000 -46.8809 -46
360100 -46.6093 -46
360200 -46.121 -46
360300 -45.6823 -46
360400 -45.3921 -46
360500 -45.5019 -46
360600 -45.8508 -46
360700 -46.0244 -46
360800 -46.0381 -46
360900 -46.027 -46
361000 -46.0423 -46
361100 -46.0845 -46
361200 -46.1777 -46
361300 -46.281 -46
361400 -46.1852 -46
361500 -46.0388 -46
361600 -45.9509 -46
361700 -45.9791 -46
361800 -45.9012 -46
361900 -45.55 -46
362000 -45.2517 -46
362100 -45.3935 -46
362200 -45.4861 -46
362300 -45.5531 -46
362400 -45.81 -46
362500 -46.275 -46
362600 -46.4657 -46
362700 -46.4674 -46
362800 -46.3016 -46
362900 -46.1377 -46
363000 -45.8376 -46
363100 -45.6862 -46
363200 -45.6132 -46
363300 -45.6036 -46
363400 -45.5135 -46
363500 -45.5997 -46
363600 -45.9565 -46
363700 -46.2184 -46
363800 -46.4351 -46
363900 -46.3156 -46
364000 -45.8299 -46
364100 -45.6147 -46
364200 -45.6608 -46
364300 -45.7694 -46
364400 -45.8418 -46
364500 -45.9705 -46
364600 -46.0219 -46
364700 -45.9605 -46
364800 -45.8094 -46
364900 -45.7509 -46
365000 -45.889 -46
365100 -46.0206 -46
365200 -46.2778 -46
365300 -46.2068 -46
365400 -45.8294 -46
365500 -45.5148 -46
365600 -45.2917 -46
365700 -45.153 -46
365800 -45.5991 -46
365900 -46.0713 -46
366000 -46.1442 -46
366100 -46.1467 -46
366200 -46.3847 -46
366300 -46.6062 -46
366400 -46.5371 -46
366500 -46.0146 -46
366600 -45.4974 -46
366700 -45.2485 -46
366800 -45.2645 -46
366900 -45.4045 -46
367000 -45.8199 -46
367100 -46.2537 -46
367200 -46.7365 -46
367300 -46.8563 -46
367400 -46.6801 -46
367500 -46.4602 -46
367600 -46.2231 -46
367700 -45.8758 -46
367800 -45.4423 -46
367900 -45.3193 -46
368000 -45.8057 -46
368100 -46.5193 -46
368200 -47.0549 -46
368300 -47.2317 -46
368400 -47.0673 -46
368500 -46.7996 -46
368600 -46.4513 -46
368700 -46.175 -46
368800 -45.9506 -46
368900 -45.7728 -46
369000 -45.6921 -46
369100 -45.7977 -46
369200 -46.0909 -46
369300 -46.1047 -46
369400 -45.9008 -46
369500 -45.9499 -46
369600 -46.1734 -46
369700 -46.4968 -46
369800 -46.6519 -46
369900 -46.5389 -46
370000 -46.4585 -46
370100 -46.2825 -46
370200 -46.113 -46
370300 -46.3923 -46
370400 -46.3573 -46
370500 -46.218 -46
370600 -46.0085 -46
370700 -45.7029 -46
370800 -45.3997 -46
370900 -45.3179 -46
371000 -45.3855 -46
371100 -45.5445 -46
371200 -45.9942 -46
371300 -46.2861 -46
371400 -46.4245 -46
371500 -46.4368 -46
371600 -46.4336 -46
371700 -46.1541 -46
371800 -45.5712 -46
371900 -45.2607 -46
372000 -45.285 -46
372100 -45.6272 -46
372200 -46.2675 -46
372300 -46.7849 -46
372400 -47.2142 -46
372500 -47.265 -46
372600 -46.845 -46
372700 -46.0214 -46
372800 -45.2762 -46
372900 -44.9131 -46
373000 -45.3371 -46
373100 -46.1805 -46
373200 -46.8824 -46
373300 -46.9337 -46
373400 -46.4626 -46
373500 -46.0006 -46
373600 -45.5506 -46
373700 -45.3474 -46
373800 -45.462 -46
373900 -45.7667 -46
374000 -46.0519 -46
374100 -46.2275 -46
374200 -46.316 -46
374300 -46.4464 -46
374400 -46.6456 -46
374500 -46.5923 -46
374600 -46.3722 -46
374700 -46.2134 -46
374800 -45.9331 -46
374900 -45.7537 -46
375000 -45.6305 -46
375100 -45.7474 -46
375200 -46.3452 -46
375300 -47.1182 -46
375400 -47.349 -46
375500 -47.0606 -46
375600 -46.4751 -46
375700 -45.7164 -46
375800 -45.3007 -46
375900 -45.071 -46
376000 -45.1599 -46
376100 -45.8957 -46
376200 -46.4879 -46
376300 -46.7368 -46
376400 -46.8112 -46
376500 -46.769 -46
376600 -46.3565 -46
376700 -46.0446 -46
376800 -46.0008 -46
376900 -46.0127 -46
377000 -45.9416 -46
377100 -46.0112 -46
377200 -46.2825 -46
377300 -46.8119 -46
377400 -46.8815 -46
377500 -46.7586 -46
377600 -46.5404 -46
377700 -46.2357 -46
377800 -45.8863 -46
377900 -45.6283 -46
378000 -45.3411 -46
378100 -44.9751 -46
378200 -45.0013 -46
378300 -45.4176 -46
378400 -45.92 -46
378500 -46.228 -46
378600 -46.3606 -46
378700 -46.359 -46
378800 -46.2193 -46
378900 -45.923 -46
379000 -45.6377 -46
379100 -45.2639 -46
379200 -45.0846 -46
379300 -45.2165 -46
379400 -45.7316 -46
379500 -46.3616 -46
379600 -46.9207 -46
379700 -47.3656 -46
379800 -47.2904 -46
379900 -46.7066 -46
380000 -46.3237 -46
380100 -46.1135 -46
380200 -45.7173 -46
380300 -45.5004 -46
380400 -45.8017 -46
380500 -46.2593 -46
380600 -46.5118 -46
380700 -46.3558 -46
380800 -45.961 -46
380900 -45.778 -46
381000 -45.9183 -46
381100 -46.2239 -46
381200 -46.702 -46
381300 -47.1518 -46
381400 -47.1889 -46
381500 -47.011 -46
381600 -46.443 -46
381700 -46.0811 -46
381800 -45.7958 -46
381900 -45.4477 -46
382000 -45.1392 -46
382100 -45.1625 -46
382200 -45.5825 -46
382300 -45.9331 -46
382400 -45.9971 -46
382500 -46.1369 -46
382600 -45.9377 -46
382700 -45.7431 -46
382800 -45.6509 -46
382900 -45.8581 -46
383000 -46.0636 -46
383100 -46.3356 -46
383200 -46.5286 -46
383300 -46.6525 -46
383400 -46.4964 -46
383500 -46.3661 -46
383600 -46.1442 -46
383700 -46.2445 -46
383800 -46.3819 -46
383900 -46.1861 -46
384000 -45.9122 -46
384100 -45.7205 -46
384200 -45.7682 -46
384300 -45.8267 -46
384400 -46.379 -46
384500 -46.8857 -46
384600 -46.8798 -46
384700 -46.3777 -46
384800 -46.0017 -46
384900 -45.9897 -46
385000 -46.3061 -46
385100 -46.621 -46
385200 -46.5179 -46
385300 -46.311 -46
385400 -46.2618 -46
385500 -46.169 -46
385600 -45.9785 -46
385700 -46.118 -46
385800 -46.3227 -46
385900 -46.2752 -46
386000 -45.9384 -46
386100 -45.7105 -46
386200 -45.8821 -46
386300 -46.083 -46
386400 -46.4717 -46
386500 -46.9643 -46
386600 -47.1004 -46
386700 -47.0064 -46
386800 -46.725 -46
386900 -46.6714 -46
387000 -46.9295 -46
387100 -46.8302 -46
387200 -46.5862 -46
387300 -46.3895 -46
387400 -46.1677 -46
387500 -46.0229 -46
387600 -45.9587 -46
387700 -45.9235 -46
387800 -45.8835 -46
387900 -45.7927 -46
388000 -45.6905 -46
388100 -45.6959 -46
388200 -45.4387 -46
388300 -45.3599 -46
388400 -45.6383 -46
388500 -45.9951 -46
388600 -46.1894 -46
388700 -45.9676 -46
388800 -45.7771 -46
388900 -45.8807 -46
389000 -45.8703 -46
389100 -45.6459 -46
389200 -45.4323 -46
389300 -45.2634 -46
389400 -45.2714 -46
389500 -45.5803 -46
389600 -45.6647 -46
389700 -45.7579 -46
389800 -45.8699 -46
389900 -45.9705 -46
390000 -46.0054 -46
390100 -45.923 -46
390200 -46.1759 -46
390300 -46.5721 -46
390400 -46.8418 -46
390500 -46.7437 -46
390600 -46.4211 -46
390700 -46.1426 -46
390800 -45.9731 -46
390900 -45.715 -46
391000 -45.457 -46
391100 -45.4217 -46
391200 -45.5731 -46
391300 -45.6732 -46
391400 -45.5319 -46
391500 -45.5628 -46
391600 -45.7058 -46
391700 -45.9554 -46
391800 -46.1076 -46
391900 -46.072 -46
392000 -46.0873 -46
392100 -46.315 -46
392200 -46.4354 -46
392300 -46.287 -46
392400 -46.2579 -46
392500 -46.1193 -46
392600 -46.1027 -46
392700 -46.2278 -46
392800 -46.2478 -46
392900 -46.3467 -46
393000 -46.3636 -46
393100 -46.0327 -46
393200 -45.8451 -46
393300 -46.0403 -46
393400 -46.1571 -46
393500 -45.9436 -46
393600 -45.9875 -46
393700 -46.0087 -46
393800 -45.7914 -46
393900 -45.6922 -46
394000 -45.7061 -46
394100 -45.761 -46
394200 -45.7189 -46
394300 -45.7211 -46
394400 -45.9722 -46
394500 -46.1507 -46
394600 -46.0162 -46
394700 -45.7373 -46
394800 -45.3396 -46
394900 -45.1348 -46
395000 -45.3676 -46
395100 -45.6 -46
395200 -45.9316 -46
395300 -46.0574 -46
395400 -46.0308 -46
395500 -45.9055 -46
395600 -45.5556 -46
395700 -45.2568 -46
395800 -45.2608 -46
395900 -45.3665 -46
396000 -45.6561 -46
396100 -46.1481 -46
396200 -46.5948 -46
396300 -46.6888 -46
396400 -46.2787 -46
396500 -46.0439 -46
396600 -45.8417 -46
396700 -45.5308 -46
396800 -45.2694 -46
396900 -45.2371 -46
397000 -45.3893 -46
397100 -45.442 -46
397200 -45.3214 -46
397300 -45.2036 -46
397400 -45.417 -46
397500 -45.5606 -46
397600 -45.8782 -46
397700 -45.9815 -46
397800 -46.0383 -46
397900 -46.1068 -46
398000 -46.174 -46
398100 -46.0411 -46
398200 -45.738 -46
398300 -45.6159 -46
398400 -45.87 -46
398500 -45.9732 -46
398600 -45.9025 -46
398700 -46.0032 -46
398800 -46.1204 -46
398900 -46.1696 -46
399000 -46.0302 -46
399100 -45.9429 -46
399200 -45.7032 -46
399300 -45.4742 -46
399400 -45.5769 -46
399500 -45.6828 -46
399600 -45.4715 -46
399700 -45.4611 -46
399800 -45.6136 -46
399900 -45.5853 -46
400000 -45.6032 -46
400100 -45.5821 -46
400200 -45.7694 -46
400300 -45.9668 -46
400400 -46.3646 -46
400500 -46.5651 -46
400600 -46.3038 -46
400700 -46.1194 -46
400800 -46.0779 -46
400900 -46.1439 -46
401000 -46.2689 -46
401100 -46.4593 -46
401200 -46.5204 -46
401300 -46.2765 -46
401400 -46.0434 -46
401500 -45.8744 -46
401600 -45.8646 -46
401700 -46.0439 -46
401800 -46.3593 -46
401900 -46.8481 -46
402000 -47.0917 -46
402100 -47.0313 -46
402200 -46.7472 -46
402300 -46.2339 -46
402400 -45.5932 -46
402500 -45.264 -46
402600 -45.1229 -46
402700 -45.3264 -46
402800 -45.647 -46
402900 -45.4432 -46
403000 -45.3863 -46
403100 -45.5758 -46
403200 -45.9731 -46
403300 -46.4778 -46
403400 -46.6783 -46
403500 -46.5248 -46
403600 -46.2824 -46
403700 -46.2417 -46
403800 -46.5967 -46
403900 -46.8727 -46
404000 -46.9178 -46
404100 -46.7512 -46
404200 -46.4736 -46
404300 -46.0351 -46
404400 -45.7333 -46
404500 -45.8343 -46
404600 -45.7895 -46
404700 -45.6037 -46
404800 -45.5706 -46
404900 -45.7955 -46
405000 -46.1568 -46
405100 -46.3403 -46
405200 -46.3558 -46
405300 -46.4284 -46
405400 -46.3017 -46
405500 -45.8424 -46
405600 -45.3668 -46
405700 -45.2035 -46
405800 -45.4059 -46
405900 -45.5345 -46
406000 -45.7788 -46
406100 -46.0525 -46
406200 -46.2879 -46
406300 -46.2563 -46
406400 -45.9739 -46
406500 -45.9932 -46
406600 -46.5756 -46
406700 -46.8029 -46
406800 -46.3992 -46
406900 -45.7631 -46
407000 -45.6289 -46
407100 -45.6113 -46
407200 -45.9153 -46
407300 -46.2034 -46
407400 -46.4848 -46
407500 -46.6129 -46
407600 -46.4231 -46
407700 -46.0629 -46
407800 -45.5763 -46
407900 -45.2182 -46
408000 -45.2146 -46
408100 -45.7328 -46
408200 -46.1076 -46
408300 -46.0754 -46
408400 -45.9032 -46
408500 -45.821 -46
408600 -45.8558 -46
408700 -45.8404 -46
408800 -45.8553 -46
408900 -46.0441 -46
409000 -46.3079 -46
409100 -46.4701 -46
409200 -46.4485 -46
409300 -46.2774 -46
409400 -46.236 -46
409500 -46.1401 -46
409600 -45.9707 -46
409700 -45.9029 -46
409800 -45.677 -46
409900 -45.5228 -46
410000 -45.6948 -46
410100 -45.9233 -46
410200 -45.8447 -46
410300 -45.4029 -46
410400 -45.1757 -46
410500 -45.1381 -46
410600 -45.1947 -46
410700 -45.4085 -46
410800 -45.802 -46
410900 -46.104 -46
411000 -46.4244 -46
411100 -46.3842 -46
411200 -46.2209 -46
411300 -46.1411 -46
411400 -45.8337 -46
411500 -45.5196 -46
411600 -45.3353 -46
411700 -45.5147 -46
411800 -46.1204 -46
411900 -47.1125 -46
412000 -47.4905 -46
412100 -47.0709 -46
412200 -46.545 -46
412300 -45.782 -46
412400 -45.2365 -46
412500 -45.3355 -46
412600 -45.8434 -46
412700 -45.9696 -46
412800 -45.9466 -46
412900 -45.8705 -46
413000 -45.7911 -46
413100 -45.8897 -46
413200 -45.853 -46
413300 -46.022 -46
413400 -46.3468 -46
413500 -46.4395 -46
413600 -46.3487 -46
413700 -46.2899 -46
413800 -46.0467 -46
413900 -46.0265 -46
414000 -45.9107 -46
414100 -45.7156 -46
414200 -45.6547 -46
414300 -45.8905 -46
414400 -46.2484 -46
414500 -46.2763 -46
414600 -45.9208 -46
414700 -45.5092 -46
414800 -45.3259 -46
414900 -45.3306 -46
415000 -45.5449 -46
415100 -45.7853 -46
415200 -45.992 -46
415300 -46.1268 -46
415400 -46.0602 -46
415500 -45.7141 -46
415600 -45.5277 -46
415700 -45.6659 -46
415800 -45.796 -46
415900 -46.2128 -46
416000 -46.6478 -46
416100 -46.898 -46
416200 -46.9958 -46
416300 -46.7576 -46
416400 -46.2939 -46
416500 -45.8023 -46
416600 -45.4785 -46
416700 -45.3922 -46
416800 -45.4179 -46
416900 -45.6462 -46
417000 -45.6755 -46
417100 -45.6862 -46
417200 -45.9051 -46
417300 -45.8092 -46
417400 -45.704 -46
417500 -45.7208 -46
417600 -46.0311 -46
417700 -46.3318 -46
417800 -46.6869 -46
417900 -46.9379 -46
418000 -46.9691 -46
418100 -46.7734 -46
418200 -46.5484 -46
418300 -46.3957 -46
418400 -45.8338 -46
418500 -45.4368 -46
418600 -45.5196 -46
418700 -45.9689 -46
418800 -46.2882 -46
418900 -46.2599 -46
419000 -46.1423 -46
419100 -46.229 -46
419200 -46.5028 -46
419300 -46.7763 -46
419400 -46.667 -46
419500 -46.2503 -46
419600 -45.6813 -46
419700 -45.2067 -46
419800 -44.8807 -46
419900 -44.794 -46
420000 -44.9563 -46
420100 -45.2207 -46
420200 -45.4572 -46
420300 -45.9359 -46
420400 -46.4108 -46
420500 -46.4997 -46
420600 -46.1448 -46
420700 -45.9108 -46
420800 -45.829 -46
420900 -45.977 -46
421000 -46.0756 -46
421100 -46.0095 -46
421200 -45.8463 -46
421300 -46.0563 -46
421400 -46.1931 -46
421500 -46.2916 -46
421600 -46.2107 -46
421700 -46.1814 -46
421800 -46.2137 -46
421900 -46.0344 -46
422000 -46.0112 -46
422100 -45.9935 -46
422200 -46.1274 -46
422300 -46.1405 -46
422400 -45.9078 -46
422500 -45.8043 -46
422600 -45.6818 -46
422700 -45.7022 -46
422800 -45.5519 -46
422900 -45.4118 -46
423000 -45.6746 -46
423100 -45.947 -46
423200 -46.115 -46
423300 -46.0704 -46
423400 -45.8466 -46
423500 -45.7357 -46
423600 -45.6376 -46
423700 -45.6189 -46
423800 -45.8742 -46
423900 -46.3668 -46
424000 -46.7175 -46
424100 -46.9431 -46
424200 -46.8182 -46
424300 -46.3372 -46
424400 -46.0729 -46
424500 -45.9391 -46
424600 -46.1722 -46
424700 -46.5193 -46
424800 -46.7763 -46
424900 -46.9056 -46
425000 -46.7094 -46
425100 -46.3865 -46
425200 -46.3398 -46
425300 -46.352 -46
425400 -46.3131 -46
425500 -46.3916 -46
425600 -46.4099 -46
425700 -46.4132 -46
425800 -46.2555 -46
425900 -45.6882 -46
426000 -45.3294 -46
426100 -45.4163 -46
426200 -45.5984 -46
426300 -45.7936 -46
426400 -46.033 -46
426500 -46.1321 -46
426600 -46.1418 -46
426700 -46.0138 -46
426800 -45.8615 -46
426900 -45.8251 -46
427000 -45.7942 -46
427100 -45.5004 -46
427200 -45.3906 -46
427300 -45.4072 -46
427400 -45.282 -46
427500 -45.2584 -46
427600 -45.4167 -46
427700 -45.8064 -46
427800 -46.1012 -46
427900 -46.3549 -46
428000 -46.6234 -46
428100 -46.7418 -46
428200 -46.6832 -46
428300 -46.2616 -46
428400 -45.8402 -46
428500 -45.7606 -46
428600 -45.6443 -46
428700 -45.515 -46
428800 -45.2806 -46
428900 -45.1712 -46
429000 -45.4108 -46
429100 -45.6723 -46
429200 -45.7345 -46
429300 -45.6675 -46
429400 -45.5788 -46
429500 -45.5542 -46
429600 -45.5112 -46
429700 -45.5539 -46
429800 -45.5412 -46
429900 -45.7418 -46
430000 -45.9132 -46
430100 -46.0752 -46
430200 -46.0789 -46
430300 -45.9801 -46
430400 -45.6974 -46
430500 -45.5909 -46
430600 -45.5818 -46
430700 -45.7848 -46
430800 -45.9884 -46
430900 -46.1346 -46
431000 -46.2087 -46
431100 -46.2532 -46
431200 -46.224 -46
431300 -46.1385 -46
431400 -45.9004 -46
431500 -45.8 -46
431600 -46.0659 -46
431700 -46.2475 -46
431800 -46.1686 -46
431900 -45.9878 -46
432000 -46.0512 -46
432100 -46.451 -46
432200 -46.5456 -46
432300 -46.1785 -46
432400 -45.784 -46
432500 -45.4194 -46
432600 -45.1981 -46
432700 -45.3089 -46
432800 -45.502 -46
432900 -45.6286 -46
433000 -45.7399 -46
433100 -45.8394 -46
433200 -45.8997 -46
433300 -45.8628 -46
433400 -45.9116 -46
433500 -46.0483 -46
433600 -46.1236 -46
433700 -45.9912 -46
433800 -45.8253 -46
433900 -45.5434 -46
434000 -45.4494 -46
434100 -45.4616 -46
434200 -45.3613 -46
434300 -45.0242 -46
434400 -44.7924 -46
434500 -45.0317 -46
434600 -45.6588 -46
434700 -45.874 -46
434800 -45.8829 -46
434900 -46.016 -46
435000 -46.0572 -46
435100 -46.098 -46
435200 -45.8465 -46
435300 -45.4513 -46
435400 -45.1927 -46
435500 -45.1212 -46
435600 -44.929 -46
435700 -45.1755 -46
435800 -45.8988 -46
435900 -46.5041 -46
436000 -46.642 -46
436100 -46.4583 -46
436200 -46.0279 -46
436300 -45.7878 -46
436400 -45.4828 -46
436500 -45.509 -46
436600 -45.9955 -46
436700 -46.3302 -46
436800 -46.4255 -46
436900 -46.3717 -46
437000 -46.1792 -46
437100 -46.3081 -46
437200 -46.3507 -46
437300 -45.9952 -46
437400 -45.8492 -46
437500 -45.8916 -46
437600 -46.0449 -46
437700 -46.2925 -46
437800 -46.5652 -46
437900 -46.5732 -46
438000 -46.4889 -46
438100 -46.1641 -46
438200 -45.7835 -46
438300 -45.4615 -46
438400 -45.1841 -46
438500 -45.3455 -46
438600 -45.9292 -46
438700 -46.3251 -46
438800 -46.499 -46
438900 -46.4167 -46
439000 -46.1091 -46
439100 -45.9214 -46
439200 -45.839 -46
439300 -45.8799 -46
439400 -46.0463 -46
439500 -46.2771 -46
439600 -46.8407 -46
439700 -47.3728 -46
439800 -47.3859 -46
439900 -46.9661 -46
440000 -46.4176 -46
440100 -46.0702 -46
440200 -45.93 -46
440300 -45.7404 -46
440400 -45.7117 -46
440500 -45.8388 -46
440600 -45.9142 -46
440700 -45.9593 -46
440800 -46.3103 -46
440900 -46.1166 -46
441000 -45.9338 -46
441100 -46.2714 -46
441200 -46.3425 -46
441300 -46.4171 -46
441400 -46.5885 -46
441500 -46.5484 -46
441600 -46.4275 -46
441700 -46.4583 -46
441800 -46.4694 -46
441900 -46.2651 -46
442000 -46.275 -46
442100 -46.3903 -46
442200 -46.4663 -46
442300 -46.5265 -46
442400 -46.1542 -46
442500 -45.3939 -46
442600 -45.2592 -46
442700 -45.8216 -46
442800 -46.0798 -46
442900 -46.4032 -46
443000 -46.6652 -46
443100 -46.6416 -46
443200 -46.5251 -46
443300 -46.2374 -46
443400 -46.0414 -46
443500 -45.9979 -46
443600 -46.0984 -46
443700 -46.217 -46
443800 -46.4276 -46
443900 -46.3557 -46
444000 -46.271 -46
444100 -46.3652 -46
444200 -46.3324 -46
444300 -46.1143 -46
444400 -46.0521 -46
444500 -46.0722 -46
444600 -45.914 -46
444700 -45.8474 -46
444800 -46.1228 -46
444900 -46.5874 -46
445000 -46.6516 -46
445100 -46.4772 -46
445200 -46.0661 -46
445300 -45.6132 -46
445400 -45.1761 -46
445500 -44.7651 -46
445600 -44.7678 -46
445700 -45.2566 -46
445800 -46.1976 -46
445900 -46.8499 -46
446000 -47.0858 -46
446100 -47.1511 -46
446200 -47.0497 -46
446300 -46.5966 -46
446400 -46.1023 -46
446500 -45.6164 -46
446600 -45.3775 -46
446700 -45.4823 -46
446800 -45.9973 -46
446900 -46.2719 -46
447000 -46.0274 -46
447100 -45.7381 -46
447200 -45.7482 -46
447300 -45.8535 -46
447400 -45.9391 -46
447500 -45.7719 -46
447600 -45.6019 -46
447700 -45.6235 -46
447800 -45.6315 -46
447900 -45.8897 -46
448000 -46.3182 -46
448100 -46.5885 -46
448200 -46.4796 -46
448300 -46.1143 -46
448400 -45.7772 -46
448500 -45.5845 -46
448600 -45.2988 -46
448700 -45.1097 -46
448800 -45.407 -46
448900 -45.8148 -46
449000 -46.2178 -46
449100 -46.5242 -46
449200 -46.7269 -46
449300 -46.6738 -46
449400 -46.434 -46
449500 -46.1724 -46
449600 -46.0437 -46
449700 -46.0106 -46
449800 -46.0168 -46
449900 -46.3402 -46
450000 -46.5997 -46
450100 -46.3194 -46
450200 -46.0428 -46
450300 -45.73 -46
450400 -45.5185 -46
450500 -45.3411 -46
450600 -45.4344 -46
450700 -45.8149 -46
450800 -46.0746 -46
450900 -46.0349 -46
451000 -45.6814 -46
451100 -45.1996 -46
451200 -44.9747 -46
451300 -44.8751 -46
451400 -45.074 -46
451500 -45.4427 -46
451600 -45.9085 -46
451700 -46.2742 -46
451800 -46.7188 -46
451900 -46.9579 -46
452000 -46.9807 -46
452100 -46.7383 -46
452200 -46.1203 -46
452300 -45.7248 -46
452400 -45.6996 -46
452500 -45.8662 -46
452600 -46.1689 -46
452700 -46.3961 -46
452800 -46.4794 -46
452900 -46.1239 -46
453000 -45.79 -46
453100 -45.5272 -46
453200 -45.423 -46
453300 -45.6137 -46
453400 -46.2722 -46
453500 -46.6679 -46
453600 -46.4809 -46
453700 -46.3575 -46
453800 -46.2346 -46
453900 -46.0261 -46
454000 -45.8859 -46
454100 -45.9763 -46
454200 -46.0893 -46
454300 -45.9484 -46
454400 -45.8042 -46
454500 -45.8584 -46
454600 -45.7172 -46
454700 -45.7629 -46
454800 -45.7854 -46
454900 -45.8557 -46
455000 -45.7443 -46
455100 -45.5302 -46
455200 -45.5097 -46
455300 -45.5612 -46
455400 -45.785 -46
455500 -45.977 -46
455600 -46.091 -46
455700 -46.1582 -46
455800 -46.1859 -46
455900 -46.2153 -46
456000 -46.0327 -46
456100 -45.831 -46
456200 -45.7402 -46
456300 -45.7647 -46
456400 -45.6905 -46
456500 -45.3942 -46
456600 -45.2625 -46
456700 -45.0896 -46
456800 -45.2172 -46
456900 -45.4717 -46
457000 -45.6613 -46
457100 -45.8204 -46
457200 -45.9954 -46
457300 -46.146 -46
457400 -46.3693 -46
457500 -46.2833 -46
457600 -45.9766 -46
457700 -45.8112 -46
457800 -45.8686 -46
457900 -46.1544 -46
458000 -46.2939 -46
458100 -45.8536 -46
458200 -45.5524 -46
458300 -45.2879 -46
458400 -45.0989 -46
458500 -45.2048 -46
458600 -45.637 -46
458700 -45.9129 -46
458800 -45.8674 -46
458900 -45.9197 -46
459000 -46.0429 -46
459100 -46.3327 -46
459200 -46.4954 -46
459300 -46.5121 -46
459400 -46.2448 -46
459500 -45.8755 -46
459600 -45.7724 -46
459700 -45.4836 -46
459800 -45.237 -46
459900 -45.5154 -46
460000 -46.1476 -46
460100 -46.5161 -46
460200 -46.5513 -46
460300 -46.6471 -46
460400 -46.3136 -46
460500 -45.7825 -46
460600 -45.7048 -46
460700 -46.1559 -46
460800 -46.5868 -46
460900 -46.5485 -46
461000 -46.0494 -46
461100 -45.4037 -46
461200 -45.1125 -46
461300 -45.0221 -46
461400 -45.148 -46
461500 -45.7425 -46
461600 -46.1662 -46
461700 -46.2008 -46
461800 -45.8915 -46
461900 -45.5703 -46
462000 -45.4548 -46
462100 -45.5831 -46
462200 -45.7565 -46
462300 -45.7753 -46
462400 -45.8982 -46
462500 -46.2412 -46
462600 -46.669 -46
462700 -47.1229 -46
462800 -47.3072 -46
462900 -46.7956 -46
463000 -46.1392 -46
463100 -45.9264 -46
463200 -45.6743 -46
463300 -45.2524 -46
463400 -45.1554 -46
463500 -45.3775 -46
463600 -45.8395 -46
463700 -46.3518 -46
463800 -46.68 -46
463900 -46.7315 -46
464000 -46.6582 -46
464100 -46.4849 -46
464200 -46.1506 -46
464300 -45.7647 -46
464400 -45.5693 -46
464500 -45.35 -46
464600 -45.2132 -46
464700 -45.4091 -46
464800 -46.0676 -46
464900 -46.8311 -46
465000 -46.9841 -46
465100 -46.6029 -46
465200 -46.0658 -46
465300 -45.4134 -46
465400 -45.1226 -46
465500 -45.4097 -46
465600 -45.8735 -46
465700 -46.31 -46
465800 -46.5845 -46
465900 -46.7609 -46
466000 -46.6214 -46
466100 -46.1047 -46
466200 -45.5486 -46
466300 -45.271 -46
466400 -45.3358 -46
466500 -45.4402 -46
466600 -45.592 -46
466700 -45.7719 -46
466800 -46.0933 -46
466900 -46.6995 -46
467000 -46.7852 -46
467100 -46.4743 -46
467200 -46.1455 -46
467300 -45.6041 -46
467400 -45.3127 -46
467500 -45.423 -46
467600 -46.0717 -46
467700 -46.6708 -46
467800 -46.7748 -46
467900 -46.4834 -46
468000 -45.9936 -46
468100 -45.5002 -46
468200 -45.0371 -46
468300 -45.1016 -46
468400 -45.6067 -46
468500 -45.7133 -46
468600 -45.7452 -46
468700 -45.5475 -46
468800 -45.454 -46
468900 -45.6926 -46
469000 -45.9509 -46
469100 -46.0715 -46
469200 -46.4778 -46
469300 -46.8313 -46
469400 -46.6253 -46
469500 -45.9697 -46
469600 -45.6665 -46
469700 -45.7122 -46
469800 -45.7687 -46
469900 -45.9532 -46
470000 -45.9685 -46
470100 -46.0702 -46
470200 -46.1133 -46
470300 -45.9451 -46
470400 -45.8894 -46
470500 -45.9883 -46
470600 -46.2431 -46
470700 -46.0903 -46
470800 -45.5636 -46
470900 -45.0343 -46
471000 -44.8229 -46
471100 -45.0193 -46
471200 -45.3979 -46
471300 -45.8155 -46
471400 -46.4251 -46
471500 -46.8415 -46
471600 -46.76 -46
471700 -46.5961 -46
471800 -46.2257 -46
471900 -46.0396 -46
472000 -46.0317 -46
472100 -46.0938 -46
472200 -46.2267 -46
472300 -46.0105 -46
472400 -45.7665 -46
472500 -45.7822 -46
472600 -45.5371 -46
472700 -45.4876 -46
472800 -45.3955 -46
472900 -45.5167 -46
473000 -45.7933 -46
473100 -45.9894 -46
473200 -46.0276 -46
473300 -45.9255 -46
473400 -45.9237 -46
473500 -46.1095 -46
473600 -46.2384 -46
473700 -46.3094 -46
473800 -46.1735 -46
473900 -46.071 -46
474000 -45.8841 -46
474100 -45.9938 -46
474200 -46.1556 -46
474300 -45.8152 -46
474400 -45.6606 -46
474500 -46.0795 -46
474600 -46.5996 -46
474700 -46.9627 -46
474800 -46.6106 -46
474900 -46.1069 -46
475000 -45.6857 -46
475100 -45.398 -46
475200 -45.2605 -46
475300 -45.5065 -46
475400 -45.5966 -46
475500 -45.608 -46
475600 -45.7215 -46
475700 -45.8304 -46
475800 -45.6509 -46
475900 -45.672 -46
476000 -45.9455 -46
476100 -46.2605 -46
476200 -46.2718 -46
476300 -46.1273 -46
476400 -45.9839 -46
476500 -45.774 -46
476600 -45.6455 -46
476700 -45.4638 -46
476800 -45.2351 -46
476900 -45.3635 -46
477000 -45.5363 -46
477100 -45.5826 -46
477200 -45.7193 -46
477300 -45.8453 -46
477400 -46.0002 -46
477500 -46.2232 -46
477600 -46.3214 -46
477700 -46.3807 -46
477800 -46.256 -46
477900 -46.0743 -46
478000 -45.9319 -46
478100 -45.7962 -46
478200 -45.7158 -46
478300 -45.6537 -46
478400 -45.7048 -46
478500 -46.243 -46
478600 -46.9714 -46
478700 -47.4535 -46
478800 -47.351 -46
478900 -46.7097 -46
479000 -46.1536 -46
479100 -45.8715 -46
479200 -45.781 -46
479300 -45.8424 -46
479400 -45.9226 -46
479500 -46.0423 -46
479600 -46.0411 -46
479700 -45.8288 -46
479800 -45.7303 -46
479900 -45.5833 -46
480000 -45.4354 -46
480100 -45.6957 -46
480200 -46.0647 -46
480300 -46.2888 -46
480400 -46.5561 -46
480500 -46.7398 -46
480600 -46.7242 -46
480700 -46.7388 -46
480800 -46.6959 -46
480900 -46.504 -46
481000 -46.045 -46
481100 -45.5332 -46
481200 -45.2705 -46
481300 -45.1873 -46
481400 -45.1154 -46
481500 -44.8936 -46
481600 -44.7313 -46
481700 -44.6186 -46
481800 -44.9009 -46
481900 -45.4625 -46
482000 -45.8305 -46
482100 -45.8847 -46
482200 -45.7331 -46
482300 -45.6277 -46
482400 -45.9067 -46
482500 -46.0687 -46
482600 -46.1978 -46
482700 -46.1791 -46
482800 -45.96 -46
482900 -45.6921 -46
483000 -45.8327 -46
483100 -46.2649 -46
483200 -46.6657 -46
483300 -46.9063 -46
483400 -46.9067 -46
483500 -46.7952 -46
483600 -46.4663 -46
483700 -46.3526 -46
483800 -46.5402 -46
483900 -46.6009 -46
484000 -46.6227 -46
484100 -46.7758 -46
484200 -46.6226 -46
484300 -46.5494 -46
484400 -46.2964 -46
484500 -45.9987 -46
484600 -45.6348 -46
484700 -45.1419 -46
484800 -44.8567 -46
484900 -45.0722 -46
485000 -45.7392 -46
485100 -46.2711 -46
485200 -46.1905 -46
485300 -45.9105 -46
485400 -45.763 -46
485500 -45.6464 -46
485600 -45.4346 -46
485700 -45.6779 -46
485800 -46.3153 -46
485900 -46.788 -46
486000 -47 -46
486100 -47.1123 -46
486200 -46.972 -46
486300 -46.5336 -46
486400 -46.2181 -46
486500 -46.0409 -46
486600 -45.9479 -46
486700 -45.9909 -46
486800 -46.4408 -46
486900 -46.7157 -46
487000 -46.6193 -46
487100 -46.4793 -46
487200 -46.5681 -46
487300 -46.5668 -46
487400 -46.4397 -46
487500 -46.0471 -46
487600 -45.6227 -46
487700 -45.4632 -46
487800 -45.5406 -46
487900 -45.6925 -46
488000 -46.183 -46
488100 -46.8812 -46
488200 -47.2785 -46
488300 -46.8392 -46
488400 -45.7011 -46
488500 -44.8845 -46
488600 -44.419 -46
488700 -44.5909 -46
488800 -45.3115 -46
488900 -46.2105 -46
489000 -46.9032 -46
489100 -46.9295 -46
489200 -46.4418 -46
489300 -45.792 -46
489400 -45.3821 -46
489500 -45.3259 -46
489600 -45.7438 -46
489700 -46.4083 -46
489800 -46.802 -46
489900 -46.7809 -46
490000 -46.3972 -46
