# Time-averaged data for fix myat1
# TimeStep v_xave v_xdes
4270100 22.176 22
4270200 22.0797 22
4270300 21.9406 22
4270400 21.7743 22
4270500 21.2531 22
4270600 21.1203 22
4270700 21.4033 22
4270800 21.7781 22
4270900 22.0439 22
4271000 22.1686 22
4271100 22.1876 22
4271200 22.2088 22
4271300 22.1666 22
4271400 21.799 22
4271500 21.5381 22
4271600 21.5434 22
4271700 21.7869 22
4271800 22.179 22
4271900 22.3623 22
4272000 22.0729 22
4272100 21.7399 22
4272200 21.7148 22
4272300 21.7577 22
4272400 21.8852 22
4272500 21.8746 22
4272600 21.8464 22
4272700 21.8773 22
4272800 21.9662 22
4272900 22.192 22
4273000 22.3312 22
4273100 22.3213 22
4273200 21.9753 22
4273300 21.6657 22
4273400 21.5611 22
4273500 21.6997 22
4273600 22.038 22
4273700 22.1909 22
4273800 22.1585 22
4273900 22.2163 22
4274000 21.9159 22
4274100 21.8678 22
4274200 22.0463 22
4274300 22.2584 22
4274400 22.4501 22
4274500 22.3582 22
4274600 21.9595 22
4274700 21.6662 22
4274800 21.7069 22
4274900 21.6261 22
4275000 21.6533 22
4275100 21.7456 22
4275200 21.9247 22
4275300 22.2002 22
4275400 22.3359 22
4275500 22.1347 22
4275600 21.7532 22
4275700 21.4725 22
4275800 21.158 22
4275900 20.9748 22
4276000 21.2871 22
4276100 21.7418 22
4276200 22.2339 22
4276300 22.4993 22
4276400 22.231 22
4276500 21.6962 22
4276600 21.091 22
4276700 20.9768 22
4276800 21.2294 22
4276900 21.6589 22
4277000 22.0536 22
4277100 22.0994 22
4277200 21.8506 22
4277300 21.9432 22
4277400 22.0719 22
4277500 21.9123 22
4277600 21.7951 22
4277700 22.003 22
4277800 22.019 22
4277900 21.6981 22
4278000 21.5046 22
4278100 21.4531 22
4278200 21.4352 22
4278300 21.7594 22
4278400 22.1798 22
4278500 22.3616 22
4278600 22.4721 22
4278700 22.362 22
4278800 22.1565 22
4278900 21.9118 22
4279000 21.6476 22
4279100 21.7291 22
4279200 22.0809 22
4279300 22.2976 22
4279400 22.2771 22
4279500 22.0891 22
4279600 21.9045 22
4279700 21.8469 22
4279800 21.8225 22
4279900 21.9088 22
4280000 21.9704 22
4280100 22.0425 22
4280200 22.0142 22
4280300 22.077 22
4280400 22.4658 22
4280500 22.4416 22
4280600 22.0606 22
4280700 21.7012 22
4280800 21.6732 22
4280900 22.0092 22
4281000 22.1847 22
4281100 22.2615 22
4281200 22.423 22
4281300 22.3701 22
4281400 22.2258 22
4281500 22.2509 22
4281600 22.2164 22
4281700 22.0904 22
4281800 22.127 22
4281900 22.0888 22
4282000 22.0515 22
4282100 21.8412 22
4282200 21.7779 22
4282300 21.7054 22
4282400 21.84 22
4282500 22.0839 22
4282600 22.2851 22
4282700 22.3281 22
4282800 22.045 22
4282900 21.6258 22
4283000 21.3742 22
4283100 21.5085 22
4283200 21.9229 22
4283300 22.2881 22
4283400 22.1892 22
4283500 21.7166 22
4283600 21.2651 22
4283700 21.4739 22
4283800 22.0309 22
4283900 22.4541 22
4284000 22.4981 22
4284100 22.1784 22
4284200 21.9832 22
4284300 21.9705 22
4284400 21.9798 22
4284500 22.0687 22
4284600 22.1845 22
4284700 21.993 22
4284800 21.8654 22
4284900 22.2047 22
4285000 22.3506 22
4285100 22.1937 22
4285200 21.9225 22
4285300 22.1871 22
4285400 22.4319 22
4285500 22.5222 22
4285600 22.4401 22
4285700 22.2998 22
4285800 21.9617 22
4285900 21.6872 22
4286000 21.6161 22
4286100 21.5267 22
4286200 21.5462 22
4286300 21.4539 22
4286400 21.4108 22
4286500 21.7238 22
4286600 21.9815 22
4286700 22.1921 22
4286800 22.4699 22
4286900 22.6778 22
4287000 22.5936 22
4287100 22.321 22
4287200 22.143 22
4287300 22.1498 22
4287400 22.2717 22
4287500 22.2885 22
4287600 22.4923 22
4287700 22.542 22
4287800 22.2672 22
4287900 22.0322 22
4288000 22.0925 22
4288100 22.1824 22
4288200 22.3679 22
4288300 22.2904 22
4288400 22.0569 22
4288500 22.0757 22
4288600 22.346 22
4288700 22.5182 22
4288800 22.2528 22
4288900 21.8154 22
4289000 21.463 22
4289100 21.336 22
4289200 21.8405 22
4289300 22.7466 22
4289400 23.3596 22
4289500 23.2674 22
4289600 22.6227 22
4289700 21.9353 22
4289800 21.3112 22
4289900 21.3715 22
4290000 21.7099 22
4290100 21.9498 22
4290200 21.9956 22
4290300 21.9269 22
4290400 21.9582 22
4290500 22.1894 22
4290600 22.2288 22
4290700 22.4194 22
4290800 22.2539 22
4290900 22.2134 22
4291000 22.0518 22
4291100 21.9306 22
4291200 21.7846 22
4291300 21.6596 22
4291400 21.6379 22
4291500 21.7219 22
4291600 21.8238 22
4291700 22.1596 22
4291800 22.3735 22
4291900 22.4791 22
4292000 22.4798 22
4292100 22.3141 22
4292200 21.9604 22
4292300 21.4921 22
4292400 21.4058 22
4292500 21.5295 22
4292600 21.8073 22
4292700 22.0799 22
4292800 22.315 22
4292900 22.4165 22
4293000 22.209 22
4293100 21.669 22
4293200 21.2874 22
4293300 21.2952 22
4293400 21.66 22
4293500 21.914 22
4293600 22.0132 22
4293700 22.2313 22
4293800 22.1399 22
4293900 22.0848 22
4294000 22.1196 22
4294100 21.7868 22
4294200 21.6447 22
4294300 21.99 22
4294400 22.4445 22
4294500 22.4742 22
4294600 22.0752 22
4294700 21.5314 22
4294800 21.292 22
4294900 21.6051 22
4295000 22.2272 22
4295100 22.465 22
4295200 22.4469 22
4295300 22.5512 22
4295400 22.4586 22
4295500 21.9834 22
4295600 21.6083 22
4295700 21.5072 22
4295800 21.6521 22
4295900 21.941 22
4296000 21.8916 22
4296100 21.7269 22
4296200 22.0855 22
4296300 22.4187 22
4296400 22.3644 22
4296500 22.0741 22
4296600 21.6679 22
4296700 21.5745 22
4296800 21.5995 22
4296900 21.8016 22
4297000 21.9293 22
4297100 21.9715 22
4297200 21.9111 22
4297300 21.7113 22
4297400 21.543 22
4297500 21.5096 22
4297600 21.7235 22
4297700 21.9904 22
4297800 22.3235 22
4297900 22.5384 22
4298000 22.4431 22
4298100 22.2072 22
4298200 21.9948 22
4298300 21.9468 22
4298400 21.9359 22
4298500 21.8612 22
4298600 21.8074 22
4298700 22.0128 22
4298800 22.4137 22
4298900 22.3596 22
4299000 22.2458 22
4299100 22.0757 22
4299200 22.0111 22
4299300 22.0867 22
4299400 22.3035 22
4299500 22.5491 22
4299600 22.6193 22
4299700 22.2687 22
4299800 21.7765 22
4299900 21.5208 22
4300000 21.6889 22
4300100 21.947 22
4300200 22.2317 22
4300300 22.2055 22
4300400 22.1391 22
4300500 22.1925 22
4300600 22.3822 22
4300700 22.5189 22
4300800 22.5257 22
4300900 22.0863 22
4301000 21.4826 22
4301100 21.0766 22
4301200 20.9376 22
4301300 21.1199 22
4301400 21.6399 22
4301500 22.1865 22
4301600 22.5311 22
4301700 22.883 22
4301800 22.6565 22
4301900 22.1615 22
4302000 21.4352 22
4302100 21.1511 22
4302200 21.5215 22
4302300 21.9009 22
4302400 22.0201 22
4302500 22.2132 22
4302600 22.4733 22
4302700 22.5115 22
4302800 22.2277 22
4302900 21.9263 22
4303000 21.5476 22
4303100 21.3752 22
4303200 21.5209 22
4303300 21.7616 22
4303400 22.0682 22
4303500 22.1075 22
4303600 22.029 22
4303700 22.1985 22
4303800 22.1237 22
4303900 21.8814 22
4304000 22.0542 22
4304100 22.3302 22
4304200 22.6537 22
4304300 22.8459 22
4304400 22.5775 22
4304500 21.8692 22
4304600 21.3499 22
4304700 21.3573 22
4304800 21.5319 22
4304900 21.8355 22
4305000 22.3379 22
4305100 22.7037 22
4305200 22.717 22
4305300 22.2437 22
4305400 21.8694 22
4305500 21.7193 22
4305600 21.9901 22
4305700 22.5205 22
4305800 22.776 22
4305900 22.3452 22
4306000 21.7516 22
4306100 21.7469 22
4306200 21.8369 22
4306300 21.8678 22
4306400 21.8411 22
4306500 21.7719 22
4306600 21.6046 22
4306700 21.6788 22
4306800 21.9186 22
4306900 22.2049 22
4307000 22.3372 22
4307100 22.32 22
4307200 22.0267 22
4307300 21.7449 22
4307400 21.9669 22
4307500 22.6612 22
4307600 23.0624 22
4307700 22.9289 22
4307800 22.6282 22
4307900 22.2749 22
4308000 22.0733 22
4308100 21.9817 22
4308200 21.8391 22
4308300 21.9027 22
4308400 21.8796 22
4308500 21.7107 22
4308600 21.4416 22
4308700 21.4492 22
4308800 21.5948 22
4308900 21.9192 22
4309000 22.5884 22
4309100 23.1001 22
4309200 23.0121 22
4309300 22.5831 22
4309400 21.9492 22
4309500 21.2742 22
4309600 21.0259 22
4309700 21.2945 22
4309800 21.7795 22
4309900 22.2632 22
4310000 22.5343 22
4310100 22.3471 22
4310200 21.9261 22
4310300 21.8199 22
4310400 21.7571 22
4310500 21.8356 22
4310600 21.7669 22
4310700 21.6478 22
4310800 21.3543 22
4310900 21.5704 22
4311000 21.9555 22
4311100 22.1407 22
4311200 22.4516 22
4311300 22.8571 22
4311400 22.8214 22
4311500 22.4884 22
4311600 21.8846 22
4311700 21.4147 22
4311800 21.227 22
4311900 21.7286 22
4312000 22.5724 22
4312100 23.2091 22
4312200 23.1861 22
4312300 22.8138 22
4312400 22.4039 22
4312500 21.8689 22
4312600 21.5057 22
4312700 21.3884 22
4312800 21.7195 22
4312900 22.1419 22
4313000 22.5503 22
4313100 22.8054 22
4313200 22.7375 22
4313300 22.2781 22
4313400 21.7897 22
4313500 21.8245 22
4313600 21.9372 22
4313700 21.9695 22
4313800 22.0211 22
4313900 22.2252 22
4314000 22.4804 22
4314100 22.3696 22
4314200 21.9194 22
4314300 21.7185 22
4314400 21.5835 22
4314500 21.6894 22
4314600 21.818 22
4314700 22.0029 22
4314800 22.0633 22
4314900 22.0704 22
4315000 22.1967 22
4315100 22.2755 22
4315200 22.1779 22
4315300 22.057 22
4315400 22.0753 22
4315500 22.0807 22
4315600 22.1961 22
4315700 22.1364 22
4315800 21.9702 22
4315900 21.9484 22
4316000 21.8292 22
4316100 21.7699 22
4316200 21.9461 22
4316300 22.2003 22
4316400 21.9344 22
4316500 21.8252 22
4316600 21.7947 22
4316700 21.7932 22
4316800 21.8311 22
4316900 21.7895 22
4317000 22.0291 22
4317100 22.2467 22
4317200 22.1314 22
4317300 21.9958 22
4317400 22.0243 22
4317500 22.1058 22
4317600 21.9743 22
4317700 21.7559 22
4317800 21.4892 22
4317900 21.2794 22
4318000 21.0912 22
4318100 21.0253 22
4318200 21.4736 22
4318300 22.1613 22
4318400 22.4198 22
4318500 22.5078 22
4318600 22.3178 22
4318700 22.0802 22
4318800 22.1433 22
4318900 22.2442 22
4319000 22.5576 22
4319100 22.6759 22
4319200 22.4322 22
4319300 22.0508 22
4319400 21.6447 22
4319500 21.5757 22
4319600 21.6776 22
4319700 21.7523 22
4319800 21.8037 22
4319900 22.0378 22
4320000 22.4075 22
4320100 22.3394 22
4320200 21.9117 22
4320300 21.5773 22
4320400 21.4762 22
4320500 21.7598 22
4320600 22.1144 22
4320700 22.2086 22
4320800 21.9787 22
4320900 21.4268 22
4321000 21.037 22
4321100 21.0733 22
4321200 21.4664 22
4321300 21.9715 22
4321400 22.3677 22
4321500 22.4709 22
4321600 22.1543 22
4321700 21.4633 22
4321800 21.2658 22
4321900 21.6027 22
4322000 21.8823 22
4322100 22.0703 22
4322200 22.3332 22
4322300 22.3383 22
4322400 21.9955 22
4322500 21.7781 22
4322600 21.6418 22
4322700 21.6517 22
4322800 21.6824 22
4322900 21.9349 22
4323000 22.2814 22
4323100 22.3495 22
4323200 22.2094 22
4323300 21.8875 22
4323400 21.4202 22
4323500 21.2426 22
4323600 21.3542 22
4323700 21.7788 22
4323800 22.0054 22
4323900 22.0383 22
4324000 21.8814 22
4324100 21.9049 22
4324200 21.9948 22
4324300 22.3166 22
4324400 22.5178 22
4324500 22.4587 22
4324600 22.2468 22
4324700 22.106 22
4324800 21.7061 22
4324900 21.4362 22
4325000 21.6248 22
4325100 22.3229 22
4325200 22.4021 22
4325300 21.8549 22
4325400 21.2644 22
4325500 21.0686 22
4325600 21.1904 22
4325700 21.5826 22
4325800 21.9986 22
4325900 22.2192 22
4326000 22.1916 22
4326100 21.7324 22
4326200 21.363 22
4326300 21.2965 22
4326400 21.5304 22
4326500 22.0034 22
4326600 22.2045 22
4326700 22.0155 22
4326800 21.9519 22
4326900 21.9657 22
4327000 22.1933 22
4327100 22.37 22
4327200 22.4567 22
4327300 22.3314 22
4327400 22.065 22
4327500 21.6998 22
4327600 21.6203 22
4327700 21.8425 22
4327800 21.7609 22
4327900 21.7071 22
4328000 21.8441 22
4328100 21.8229 22
4328200 21.7078 22
4328300 21.7659 22
4328400 21.8532 22
4328500 22.1952 22
4328600 22.3948 22
4328700 22.3393 22
4328800 22.1528 22
4328900 21.9282 22
4329000 21.9061 22
4329100 21.9401 22
4329200 21.9549 22
4329300 22.099 22
4329400 22.2577 22
4329500 22.4461 22
4329600 22.3912 22
4329700 22.1141 22
4329800 21.4261 22
4329900 20.8982 22
4330000 21.1304 22
4330100 21.7834 22
4330200 22.2414 22
4330300 22.3188 22
4330400 22.142 22
4330500 22.1959 22
4330600 22.3508 22
4330700 22.2678 22
4330800 22.2649 22
4330900 21.9874 22
4331000 21.6359 22
4331100 21.334 22
4331200 21.5224 22
4331300 21.738 22
4331400 21.8527 22
4331500 21.7408 22
4331600 21.7992 22
4331700 21.956 22
4331800 21.9053 22
4331900 21.684 22
4332000 21.6163 22
4332100 21.6405 22
4332200 21.589 22
4332300 21.6882 22
4332400 21.9149 22
4332500 22.2351 22
4332600 22.3374 22
4332700 22.1629 22
4332800 21.8541 22
4332900 21.6375 22
4333000 21.5797 22
4333100 21.8239 22
4333200 22.1385 22
4333300 22.3782 22
4333400 22.3538 22
4333500 21.9275 22
4333600 21.2141 22
4333700 20.9251 22
4333800 21.3903 22
4333900 21.9634 22
4334000 22.3729 22
4334100 22.4495 22
4334200 22.4095 22
4334300 22.0249 22
4334400 21.7316 22
4334500 21.693 22
4334600 21.865 22
4334700 22.3149 22
4334800 22.5681 22
4334900 22.3806 22
4335000 21.9924 22
4335100 21.5594 22
4335200 21.6269 22
4335300 21.8185 22
4335400 21.768 22
4335500 22.0047 22
4335600 21.8741 22
4335700 21.7439 22
4335800 21.6906 22
4335900 21.8679 22
4336000 22.1264 22
4336100 22.5019 22
4336200 22.6439 22
4336300 22.2519 22
4336400 21.5841 22
4336500 20.8804 22
4336600 20.9904 22
4336700 21.526 22
4336800 22.0505 22
4336900 22.2395 22
4337000 22.1781 22
4337100 22.0279 22
4337200 21.7084 22
4337300 21.4362 22
4337400 21.6833 22
4337500 22.0751 22
4337600 22.3262 22
4337700 22.343 22
4337800 22.2798 22
4337900 22.1758 22
4338000 21.8956 22
4338100 21.721 22
4338200 21.6801 22
4338300 21.7361 22
4338400 22.1192 22
4338500 22.3658 22
4338600 22.3755 22
4338700 22.3333 22
4338800 22.1279 22
4338900 21.9322 22
4339000 21.758 22
4339100 21.549 22
4339200 21.3775 22
4339300 21.2708 22
4339400 21.4764 22
4339500 21.8748 22
4339600 21.9827 22
4339700 21.9518 22
4339800 21.9767 22
4339900 22.2675 22
4340000 22.452 22
4340100 22.4463 22
4340200 22.4672 22
4340300 22.4285 22
4340400 22.1543 22
4340500 21.614 22
4340600 21.2498 22
4340700 21.4252 22
4340800 21.877 22
4340900 22.4588 22
4341000 22.8265 22
4341100 22.662 22
4341200 22.0891 22
4341300 21.6916 22
4341400 21.5711 22
4341500 21.7309 22
4341600 21.9674 22
4341700 22.2681 22
4341800 22.6577 22
4341900 22.5544 22
4342000 21.9421 22
4342100 21.5871 22
4342200 21.5627 22
4342300 21.7641 22
4342400 21.955 22
4342500 21.9226 22
4342600 21.6879 22
4342700 21.8981 22
4342800 22.2373 22
4342900 22.1304 22
4343000 21.8247 22
4343100 21.4206 22
4343200 21.2798 22
4343300 21.3025 22
4343400 21.5696 22
4343500 21.8009 22
4343600 21.9635 22
4343700 22.0782 22
4343800 22.0998 22
4343900 21.9686 22
4344000 21.6591 22
4344100 21.404 22
4344200 21.5181 22
4344300 22.118 22
4344400 22.6375 22
4344500 22.7998 22
4344600 22.4302 22
4344700 21.9334 22
4344800 21.8522 22
4344900 21.9468 22
4345000 22.2308 22
4345100 22.3879 22
4345200 22.1704 22
4345300 21.9704 22
4345400 21.9278 22
4345500 22.0843 22
4345600 22.1321 22
4345700 22.3786 22
4345800 22.3702 22
4345900 21.9514 22
4346000 21.7002 22
4346100 21.4265 22
4346200 21.5026 22
4346300 21.9734 22
4346400 22.403 22
4346500 22.4378 22
4346600 22.042 22
4346700 21.6068 22
4346800 21.6081 22
4346900 21.7927 22
4347000 22.2011 22
4347100 22.2678 22
4347200 22.2276 22
4347300 22.4315 22
4347400 22.4351 22
4347500 22.3994 22
4347600 22.3703 22
4347700 22.0912 22
4347800 21.7871 22
4347900 21.7959 22
4348000 21.6743 22
4348100 21.5684 22
4348200 21.6649 22
4348300 21.9305 22
4348400 22.1966 22
4348500 22.3441 22
4348600 22.3256 22
4348700 22.3446 22
4348800 22.4155 22
4348900 22.3521 22
4349000 21.8367 22
4349100 21.4564 22
4349200 21.2567 22
4349300 21.2894 22
4349400 21.5005 22
4349500 21.9528 22
4349600 22.2865 22
4349700 22.3209 22
4349800 22.174 22
4349900 21.9001 22
4350000 21.4536 22
4350100 21.5623 22
4350200 21.7725 22
4350300 21.991 22
4350400 22.2511 22
4350500 22.5499 22
4350600 22.2258 22
4350700 21.6339 22
4350800 21.318 22
4350900 21.1378 22
4351000 21.4915 22
4351100 22.0468 22
4351200 22.1807 22
4351300 22.1154 22
4351400 22.1315 22
4351500 22.19 22
4351600 22.0816 22
4351700 21.6754 22
4351800 21.4646 22
4351900 21.6537 22
4352000 21.9818 22
4352100 22.0107 22
4352200 22.0293 22
4352300 21.8651 22
4352400 21.8431 22
4352500 22.1736 22
4352600 22.5358 22
4352700 22.699 22
4352800 22.4213 22
4352900 21.7619 22
4353000 21.3943 22
4353100 21.56 22
4353200 21.9395 22
4353300 22.0672 22
4353400 22.0452 22
4353500 22.1238 22
4353600 22.2677 22
4353700 22.3543 22
4353800 22.2167 22
4353900 21.8618 22
4354000 21.5701 22
4354100 21.6877 22
4354200 22.0898 22
4354300 22.2169 22
4354400 22.2771 22
4354500 22.3829 22
4354600 22.3083 22
4354700 21.8969 22
4354800 21.5017 22
4354900 21.3777 22
4355000 21.9047 22
4355100 22.4683 22
4355200 22.2102 22
4355300 21.6498 22
4355400 21.6036 22
4355500 21.9639 22
4355600 22.258 22
4355700 22.2877 22
4355800 21.9768 22
4355900 21.7103 22
4356000 21.6471 22
4356100 21.5992 22
4356200 21.8862 22
4356300 22.1602 22
4356400 21.9595 22
4356500 21.9003 22
4356600 21.9464 22
4356700 21.8945 22
4356800 22.2005 22
4356900 22.0747 22
4357000 21.9274 22
4357100 21.9993 22
4357200 22.095 22
4357300 22.2088 22
4357400 22.2862 22
4357500 22.1418 22
4357600 21.6795 22
4357700 21.6134 22
4357800 22.0092 22
4357900 22.2296 22
4358000 22.2749 22
4358100 21.9438 22
4358200 21.6538 22
4358300 21.397 22
4358400 21.651 22
4358500 22.1814 22
4358600 22.5516 22
4358700 22.6937 22
4358800 22.8391 22
4358900 23.0315 22
4359000 23.0079 22
4359100 22.702 22
4359200 22.3719 22
4359300 22.0387 22
4359400 21.7045 22
4359500 21.4549 22
4359600 21.442 22
4359700 21.7905 22
4359800 22.2226 22
4359900 22.3982 22
4360000 22.3196 22
4360100 22.1698 22
4360200 21.9691 22
4360300 21.7911 22
4360400 21.6985 22
4360500 21.5895 22
4360600 21.8583 22
4360700 22.3339 22
4360800 22.5233 22
4360900 22.6052 22
4361000 22.4387 22
4361100 22.1343 22
4361200 22.003 22
4361300 21.8541 22
4361400 21.5709 22
4361500 21.563 22
4361600 21.771 22
4361700 22.0272 22
4361800 22.1975 22
4361900 22.2982 22
4362000 22.2809 22
4362100 21.9425 22
4362200 21.6851 22
4362300 21.7049 22
4362400 21.9796 22
4362500 22.1273 22
4362600 21.9653 22
4362700 21.9544 22
4362800 21.8245 22
4362900 21.8101 22
4363000 21.9157 22
4363100 21.7939 22
4363200 21.6713 22
4363300 21.9309 22
4363400 22.1556 22
4363500 22.0627 22
4363600 21.7769 22
4363700 21.6311 22
4363800 21.6352 22
4363900 21.9535 22
4364000 22.6572 22
4364100 23.0923 22
4364200 22.9714 22
4364300 22.3278 22
4364400 21.5437 22
4364500 21.334 22
4364600 21.6523 22
4364700 22.1094 22
4364800 22.2337 22
4364900 22.1298 22
4365000 22.0562 22
4365100 21.8185 22
4365200 21.6599 22
4365300 21.7733 22
4365400 21.9565 22
4365500 22.1225 22
4365600 22.3704 22
4365700 22.4554 22
4365800 22.254 22
4365900 21.8506 22
4366000 21.4348 22
4366100 21.2375 22
4366200 21.5107 22
4366300 21.9722 22
4366400 22.0064 22
4366500 21.9552 22
4366600 21.8776 22
4366700 21.801 22
4366800 22.0822 22
4366900 22.445 22
4367000 22.647 22
4367100 22.865 22
4367200 22.8596 22
4367300 22.3825 22
4367400 22.0849 22
4367500 21.7799 22
4367600 21.6912 22
4367700 22.0059 22
4367800 22.2943 22
4367900 22.3006 22
4368000 22.4505 22
4368100 22.617 22
4368200 22.4669 22
4368300 22.5174 22
4368400 22.5496 22
4368500 22.3222 22
4368600 22.0935 22
4368700 21.912 22
4368800 21.8091 22
4368900 21.9117 22
4369000 21.9812 22
4369100 21.8337 22
4369200 21.7803 22
4369300 21.7518 22
4369400 21.6904 22
4369500 21.7175 22
4369600 22.0514 22
4369700 22.3899 22
4369800 22.2723 22
4369900 21.6955 22
4370000 21.1935 22
