# Time-averaged data for fix myat1
# TimeStep v_xave v_xdes
3370100 -17.5523 -18
3370200 -18.0325 -18
3370300 -18.6743 -18
3370400 -18.8776 -18
3370500 -18.7432 -18
3370600 -18.5264 -18
3370700 -17.8934 -18
3370800 -17.1677 -18
3370900 -17.0452 -18
3371000 -17.4166 -18
3371100 -17.9407 -18
3371200 -17.9188 -18
3371300 -17.7632 -18
3371400 -17.7443 -18
3371500 -17.6917 -18
3371600 -17.755 -18
3371700 -17.7017 -18
3371800 -17.8001 -18
3371900 -18.0367 -18
3372000 -18.1041 -18
3372100 -18.0283 -18
3372200 -17.9807 -18
3372300 -17.6044 -18
3372400 -17.2301 -18
3372500 -17.2343 -18
3372600 -17.5648 -18
3372700 -17.7191 -18
3372800 -17.5931 -18
3372900 -17.386 -18
3373000 -17.5062 -18
3373100 -17.634 -18
3373200 -17.8157 -18
3373300 -18.1119 -18
3373400 -18.5214 -18
3373500 -18.6607 -18
3373600 -18.4687 -18
3373700 -18.0894 -18
3373800 -17.5126 -18
3373900 -16.9163 -18
3374000 -16.8109 -18
3374100 -17.2812 -18
3374200 -17.9249 -18
3374300 -18.3518 -18
3374400 -18.5382 -18
3374500 -18.3875 -18
3374600 -18.1318 -18
3374700 -18.0091 -18
3374800 -17.8457 -18
3374900 -17.8219 -18
3375000 -18.0061 -18
3375100 -18.173 -18
3375200 -18.2278 -18
3375300 -18.1566 -18
3375400 -18.0313 -18
3375500 -17.9581 -18
3375600 -18.0298 -18
3375700 -18.2286 -18
3375800 -18.3147 -18
3375900 -18.1512 -18
3376000 -18.0107 -18
3376100 -18.1339 -18
3376200 -18.0725 -18
3376300 -17.7813 -18
3376400 -17.6623 -18
3376500 -17.6007 -18
3376600 -17.7642 -18
3376700 -17.9172 -18
3376800 -17.7299 -18
3376900 -17.7872 -18
3377000 -17.9922 -18
3377100 -18.067 -18
3377200 -18.007 -18
3377300 -17.8124 -18
3377400 -17.8503 -18
3377500 -17.9657 -18
3377600 -18.1851 -18
3377700 -18.2268 -18
3377800 -17.8733 -18
3377900 -17.573 -18
3378000 -17.5642 -18
3378100 -17.7291 -18
3378200 -17.9102 -18
3378300 -18.104 -18
3378400 -18.1857 -18
3378500 -18.0893 -18
3378600 -17.7939 -18
3378700 -17.6709 -18
3378800 -17.7447 -18
3378900 -17.8457 -18
3379000 -18.0939 -18
3379100 -18.3517 -18
3379200 -18.3309 -18
3379300 -18.1738 -18
3379400 -17.8816 -18
3379500 -17.452 -18
3379600 -17.2026 -18
3379700 -17.4215 -18
3379800 -17.8006 -18
3379900 -18.1296 -18
3380000 -18.2599 -18
3380100 -18.2761 -18
3380200 -17.9964 -18
3380300 -17.692 -18
3380400 -17.434 -18
3380500 -17.2182 -18
3380600 -17.2914 -18
3380700 -17.6144 -18
3380800 -18.0278 -18
3380900 -18.1424 -18
3381000 -17.9958 -18
3381100 -17.878 -18
3381200 -17.8069 -18
3381300 -17.6668 -18
3381400 -17.8111 -18
3381500 -18.1149 -18
3381600 -18.1425 -18
3381700 -17.6998 -18
3381800 -17.4109 -18
3381900 -17.5931 -18
3382000 -18.1277 -18
3382100 -18.286 -18
3382200 -18.1155 -18
3382300 -17.9589 -18
3382400 -18.1192 -18
3382500 -18.3147 -18
3382600 -18.4914 -18
3382700 -18.7347 -18
3382800 -18.8181 -18
3382900 -18.5205 -18
3383000 -18.2845 -18
3383100 -18.0678 -18
3383200 -17.8249 -18
3383300 -17.8906 -18
3383400 -18.0545 -18
3383500 -18.1903 -18
3383600 -18.2547 -18
3383700 -18.3115 -18
3383800 -18.6426 -18
3383900 -19.025 -18
3384000 -19.157 -18
3384100 -18.8022 -18
3384200 -18.3656 -18
3384300 -18.3315 -18
3384400 -18.5566 -18
3384500 -18.5321 -18
3384600 -18.4067 -18
3384700 -18.2385 -18
3384800 -18.2371 -18
3384900 -18.0624 -18
3385000 -17.6442 -18
3385100 -17.3358 -18
3385200 -17.138 -18
3385300 -17.3218 -18
3385400 -17.668 -18
3385500 -17.9515 -18
3385600 -18.5671 -18
3385700 -18.764 -18
3385800 -18.6209 -18
3385900 -18.4092 -18
3386000 -18.2646 -18
3386100 -18.0237 -18
3386200 -17.5138 -18
3386300 -17.2547 -18
3386400 -17.1299 -18
3386500 -17.1786 -18
3386600 -17.3581 -18
3386700 -17.4963 -18
3386800 -17.7984 -18
3386900 -17.9772 -18
3387000 -17.9248 -18
3387100 -17.8984 -18
3387200 -17.7707 -18
3387300 -17.816 -18
3387400 -18.1521 -18
3387500 -18.3564 -18
3387600 -18.2502 -18
3387700 -18.108 -18
3387800 -18.0487 -18
3387900 -17.9646 -18
3388000 -17.9919 -18
3388100 -17.9598 -18
3388200 -18.0299 -18
3388300 -18.0967 -18
3388400 -18.1214 -18
3388500 -18.1561 -18
3388600 -18.3214 -18
3388700 -18.6979 -18
3388800 -18.7668 -18
3388900 -18.5022 -18
3389000 -18.1293 -18
3389100 -17.8866 -18
3389200 -17.8958 -18
3389300 -18.0171 -18
3389400 -18.1924 -18
3389500 -18.5435 -18
3389600 -18.7139 -18
3389700 -18.7164 -18
3389800 -18.4453 -18
3389900 -17.8143 -18
3390000 -17.3741 -18
3390100 -17.3931 -18
3390200 -17.5206 -18
3390300 -17.8619 -18
3390400 -18.2124 -18
3390500 -18.247 -18
3390600 -17.8622 -18
3390700 -17.5134 -18
3390800 -17.6159 -18
3390900 -17.7771 -18
3391000 -18.0687 -18
3391100 -18.2514 -18
3391200 -18.1922 -18
3391300 -18.1149 -18
3391400 -17.9513 -18
3391500 -17.9333 -18
3391600 -18.3406 -18
3391700 -18.7415 -18
3391800 -18.6883 -18
3391900 -18.3765 -18
3392000 -18.0506 -18
3392100 -17.9439 -18
3392200 -17.894 -18
3392300 -17.5884 -18
3392400 -17.492 -18
3392500 -17.4296 -18
3392600 -17.4607 -18
3392700 -17.4603 -18
3392800 -17.6218 -18
3392900 -17.9831 -18
3393000 -18.5329 -18
3393100 -19.1394 -18
3393200 -19.2089 -18
3393300 -18.7116 -18
3393400 -18.0519 -18
3393500 -17.5832 -18
3393600 -17.4638 -18
3393700 -17.7725 -18
3393800 -18.1939 -18
3393900 -18.5967 -18
3394000 -19.0124 -18
3394100 -19.2002 -18
3394200 -19.1002 -18
3394300 -18.6369 -18
3394400 -18.0041 -18
3394500 -17.5141 -18
3394600 -17.4536 -18
3394700 -17.608 -18
3394800 -17.9093 -18
3394900 -18.3305 -18
3395000 -18.493 -18
3395100 -18.4113 -18
3395200 -17.919 -18
3395300 -17.6768 -18
3395400 -17.7548 -18
3395500 -17.9036 -18
3395600 -17.9287 -18
3395700 -17.9846 -18
3395800 -18.0865 -18
3395900 -18.4117 -18
3396000 -18.853 -18
3396100 -19.0122 -18
3396200 -18.6469 -18
3396300 -18.032 -18
3396400 -17.4955 -18
3396500 -17.2632 -18
3396600 -17.5233 -18
3396700 -18.1526 -18
3396800 -18.4352 -18
3396900 -18.3671 -18
3397000 -18.5518 -18
3397100 -18.5162 -18
3397200 -18.3089 -18
3397300 -18.2116 -18
3397400 -18.1276 -18
3397500 -17.9413 -18
3397600 -17.8617 -18
3397700 -17.9749 -18
3397800 -18.0128 -18
3397900 -17.9087 -18
3398000 -17.8709 -18
3398100 -17.7566 -18
3398200 -17.5762 -18
3398300 -17.5453 -18
3398400 -17.4813 -18
3398500 -17.6912 -18
3398600 -17.9424 -18
3398700 -18.1417 -18
3398800 -18.1344 -18
3398900 -17.9719 -18
3399000 -17.8986 -18
3399100 -17.9728 -18
3399200 -17.872 -18
3399300 -17.7217 -18
3399400 -17.7395 -18
3399500 -17.6854 -18
3399600 -17.4626 -18
3399700 -17.3366 -18
3399800 -17.3999 -18
3399900 -17.7421 -18
3400000 -18.0942 -18
3400100 -18.3635 -18
3400200 -18.2532 -18
3400300 -17.8427 -18
3400400 -17.4097 -18
3400500 -17.1466 -18
3400600 -17.3669 -18
3400700 -17.7338 -18
3400800 -18.2218 -18
3400900 -18.4145 -18
3401000 -18.2773 -18
3401100 -18.0988 -18
3401200 -17.966 -18
3401300 -17.8712 -18
3401400 -17.7584 -18
3401500 -18.0324 -18
3401600 -18.6593 -18
3401700 -19.023 -18
3401800 -18.9293 -18
3401900 -18.3944 -18
3402000 -17.3675 -18
3402100 -16.6814 -18
3402200 -16.517 -18
3402300 -16.9994 -18
3402400 -18.0077 -18
3402500 -18.933 -18
3402600 -19.4144 -18
3402700 -19.4705 -18
3402800 -18.9967 -18
3402900 -18.3326 -18
3403000 -17.797 -18
3403100 -17.7108 -18
3403200 -17.9155 -18
3403300 -18.1377 -18
3403400 -18.4 -18
3403500 -18.3993 -18
3403600 -18.1773 -18
3403700 -18.1733 -18
3403800 -18.1212 -18
3403900 -17.9788 -18
3404000 -17.7476 -18
3404100 -17.5437 -18
3404200 -17.4135 -18
3404300 -17.5691 -18
3404400 -17.8898 -18
3404500 -18.2514 -18
3404600 -18.6415 -18
3404700 -18.7852 -18
3404800 -18.5829 -18
3404900 -18.2398 -18
3405000 -18.1177 -18
3405100 -18.2246 -18
3405200 -17.9761 -18
3405300 -17.4469 -18
3405400 -17.2973 -18
3405500 -17.6635 -18
3405600 -18.2365 -18
3405700 -18.4114 -18
3405800 -18.5304 -18
3405900 -18.5549 -18
3406000 -18.3301 -18
3406100 -17.933 -18
3406200 -17.4105 -18
3406300 -16.9454 -18
3406400 -17.0819 -18
3406500 -17.6525 -18
3406600 -18.002 -18
3406700 -18.2107 -18
3406800 -18.239 -18
3406900 -18.3036 -18
3407000 -18.0345 -18
3407100 -17.6101 -18
3407200 -17.2708 -18
3407300 -17.4189 -18
3407400 -17.8419 -18
3407500 -18.2449 -18
3407600 -18.2949 -18
3407700 -18.0831 -18
3407800 -17.829 -18
3407900 -17.4323 -18
3408000 -17.1026 -18
3408100 -17.0002 -18
3408200 -17.2961 -18
3408300 -17.6563 -18
3408400 -17.9695 -18
3408500 -18.1978 -18
3408600 -18.1269 -18
3408700 -17.8254 -18
3408800 -17.6041 -18
3408900 -17.7838 -18
3409000 -18.1356 -18
3409100 -18.7482 -18
3409200 -19.0249 -18
3409300 -18.8398 -18
3409400 -18.5187 -18
3409500 -18.458 -18
3409600 -18.4117 -18
3409700 -17.9718 -18
3409800 -17.5241 -18
3409900 -17.4501 -18
3410000 -17.586 -18
3410100 -18.0827 -18
3410200 -18.5005 -18
3410300 -18.7295 -18
3410400 -18.8258 -18
3410500 -18.8077 -18
3410600 -18.4903 -18
3410700 -18.0208 -18
3410800 -17.5428 -18
3410900 -17.6488 -18
3411000 -18.2401 -18
3411100 -18.8293 -18
3411200 -19.1961 -18
3411300 -19.1953 -18
3411400 -18.3799 -18
3411500 -17.6139 -18
3411600 -17.3269 -18
3411700 -17.3996 -18
3411800 -17.6941 -18
3411900 -17.7356 -18
3412000 -17.7868 -18
3412100 -17.9431 -18
3412200 -18.0012 -18
3412300 -18.0131 -18
3412400 -18.0777 -18
3412500 -18.3161 -18
3412600 -18.3854 -18
3412700 -18.5647 -18
3412800 -18.9022 -18
3412900 -19.0224 -18
3413000 -18.9614 -18
3413100 -18.6832 -18
3413200 -18.402 -18
3413300 -18.1646 -18
3413400 -18.0594 -18
3413500 -17.8372 -18
3413600 -17.6911 -18
3413700 -17.856 -18
3413800 -18.1883 -18
3413900 -18.5252 -18
3414000 -18.3951 -18
3414100 -18.1767 -18
3414200 -18.0468 -18
3414300 -17.7064 -18
3414400 -17.4755 -18
3414500 -17.3645 -18
3414600 -17.3563 -18
3414700 -17.4924 -18
3414800 -17.6816 -18
3414900 -17.9201 -18
3415000 -18.312 -18
3415100 -18.8 -18
3415200 -19.0823 -18
3415300 -19.0952 -18
3415400 -19.0255 -18
3415500 -18.6625 -18
3415600 -18.2561 -18
3415700 -17.8886 -18
3415800 -17.6171 -18
3415900 -17.5766 -18
3416000 -17.5636 -18
3416100 -17.6295 -18
3416200 -18.0134 -18
3416300 -18.5078 -18
3416400 -18.7135 -18
3416500 -18.8435 -18
3416600 -18.6913 -18
3416700 -18.4997 -18
3416800 -18.4815 -18
3416900 -18.4043 -18
3417000 -18.1568 -18
3417100 -18.0539 -18
3417200 -17.8529 -18
3417300 -17.7196 -18
3417400 -17.8761 -18
3417500 -18.286 -18
3417600 -18.6938 -18
3417700 -18.7925 -18
3417800 -18.6333 -18
3417900 -18.3014 -18
3418000 -17.9994 -18
3418100 -17.9804 -18
3418200 -18.2845 -18
3418300 -18.2967 -18
3418400 -18.2062 -18
3418500 -18.0699 -18
3418600 -18.1299 -18
3418700 -18.2626 -18
3418800 -18.0879 -18
3418900 -17.9145 -18
3419000 -18.1133 -18
3419100 -18.1753 -18
3419200 -18.2817 -18
3419300 -18.3123 -18
3419400 -18.0163 -18
3419500 -17.8119 -18
3419600 -17.9039 -18
3419700 -18.0077 -18
3419800 -18.28 -18
3419900 -18.293 -18
3420000 -17.7765 -18
3420100 -17.5066 -18
3420200 -17.5614 -18
3420300 -18.0262 -18
3420400 -18.6874 -18
3420500 -18.909 -18
3420600 -18.9231 -18
3420700 -18.699 -18
3420800 -18.2619 -18
3420900 -17.9124 -18
3421000 -17.948 -18
3421100 -17.819 -18
3421200 -17.6998 -18
3421300 -17.5219 -18
3421400 -17.5366 -18
3421500 -17.6065 -18
3421600 -17.7592 -18
3421700 -17.9285 -18
3421800 -18.2139 -18
3421900 -18.5751 -18
3422000 -18.8692 -18
3422100 -18.9483 -18
3422200 -18.3997 -18
3422300 -17.6773 -18
3422400 -17.7224 -18
3422500 -18.1473 -18
3422600 -18.5843 -18
3422700 -19.141 -18
3422800 -18.9796 -18
3422900 -18.222 -18
3423000 -17.5868 -18
3423100 -17.4901 -18
3423200 -17.7467 -18
3423300 -18.2742 -18
3423400 -18.6806 -18
3423500 -18.638 -18
3423600 -18.1555 -18
3423700 -17.4954 -18
3423800 -17.0271 -18
3423900 -16.8653 -18
3424000 -17.1557 -18
3424100 -17.5938 -18
3424200 -17.8833 -18
3424300 -17.9307 -18
3424400 -17.9833 -18
3424500 -18.2866 -18
3424600 -18.5966 -18
3424700 -18.5969 -18
3424800 -18.461 -18
3424900 -18.4313 -18
3425000 -18.3405 -18
3425100 -18.34 -18
3425200 -18.4421 -18
3425300 -18.6699 -18
3425400 -18.9381 -18
3425500 -19.03 -18
3425600 -18.8139 -18
3425700 -18.593 -18
3425800 -18.7019 -18
3425900 -18.7334 -18
3426000 -18.3558 -18
3426100 -17.9911 -18
3426200 -18.0719 -18
3426300 -18.2558 -18
3426400 -18.2453 -18
3426500 -17.804 -18
3426600 -17.4314 -18
3426700 -17.3452 -18
3426800 -17.3808 -18
3426900 -17.7668 -18
3427000 -18.3701 -18
3427100 -18.8421 -18
3427200 -19.0244 -18
3427300 -18.7527 -18
3427400 -18.0842 -18
3427500 -17.4639 -18
3427600 -17.5472 -18
3427700 -17.8448 -18
3427800 -17.9343 -18
3427900 -17.9363 -18
3428000 -17.8664 -18
3428100 -17.8358 -18
3428200 -18.3097 -18
3428300 -18.706 -18
3428400 -18.6778 -18
3428500 -18.2335 -18
3428600 -17.9638 -18
3428700 -18.0896 -18
3428800 -17.9416 -18
3428900 -17.6251 -18
3429000 -17.3053 -18
3429100 -17.0992 -18
3429200 -17.2272 -18
3429300 -17.8979 -18
3429400 -18.7155 -18
3429500 -19.4332 -18
3429600 -19.5175 -18
3429700 -19.2876 -18
3429800 -18.998 -18
3429900 -18.5916 -18
3430000 -17.8146 -18
3430100 -17.2973 -18
3430200 -17.0705 -18
3430300 -17.0132 -18
3430400 -17.2842 -18
3430500 -17.4469 -18
3430600 -18.0418 -18
3430700 -18.7011 -18
3430800 -18.8321 -18
3430900 -18.4611 -18
3431000 -17.9232 -18
3431100 -17.4914 -18
3431200 -17.4319 -18
3431300 -17.5808 -18
3431400 -17.9093 -18
3431500 -18.2442 -18
3431600 -18.4101 -18
3431700 -18.4428 -18
3431800 -18.2812 -18
3431900 -18.0841 -18
3432000 -17.6274 -18
3432100 -17.3728 -18
3432200 -17.4846 -18
3432300 -17.8043 -18
3432400 -17.9274 -18
3432500 -18.1638 -18
3432600 -18.4297 -18
3432700 -18.5429 -18
3432800 -18.2577 -18
3432900 -17.8094 -18
3433000 -17.283 -18
3433100 -16.8917 -18
3433200 -16.8319 -18
3433300 -17.2091 -18
3433400 -17.608 -18
3433500 -18.1451 -18
3433600 -18.4132 -18
3433700 -18.3827 -18
3433800 -18.283 -18
3433900 -18.1347 -18
3434000 -18.3028 -18
3434100 -18.3274 -18
3434200 -18.2149 -18
3434300 -17.8126 -18
3434400 -17.6007 -18
3434500 -17.7206 -18
3434600 -17.8795 -18
3434700 -18.1077 -18
3434800 -18.4205 -18
3434900 -18.5054 -18
3435000 -18.361 -18
3435100 -18.3212 -18
3435200 -18.5222 -18
3435300 -18.7097 -18
3435400 -18.8076 -18
3435500 -18.5235 -18
3435600 -17.9174 -18
3435700 -17.3815 -18
3435800 -16.9552 -18
3435900 -16.7521 -18
3436000 -16.9161 -18
3436100 -17.3033 -18
3436200 -17.7655 -18
3436300 -18.1505 -18
3436400 -18.2863 -18
3436500 -18.2306 -18
3436600 -18.0196 -18
3436700 -17.9544 -18
3436800 -17.8043 -18
3436900 -17.7036 -18
3437000 -17.7568 -18
3437100 -17.9284 -18
3437200 -18.1597 -18
3437300 -18.1927 -18
3437400 -18.2653 -18
3437500 -18.3358 -18
3437600 -18.3492 -18
3437700 -18.0117 -18
3437800 -17.7221 -18
3437900 -17.4722 -18
3438000 -17.5052 -18
3438100 -17.9143 -18
3438200 -18.4273 -18
3438300 -18.6729 -18
3438400 -18.5347 -18
3438500 -17.9764 -18
3438600 -17.5345 -18
3438700 -17.3183 -18
3438800 -17.2328 -18
3438900 -17.4067 -18
3439000 -17.6573 -18
3439100 -17.8499 -18
3439200 -17.9296 -18
3439300 -17.7885 -18
3439400 -17.574 -18
3439500 -17.394 -18
3439600 -17.392 -18
3439700 -17.3433 -18
3439800 -17.2094 -18
3439900 -17.4769 -18
3440000 -17.9919 -18
3440100 -18.1877 -18
3440200 -17.9675 -18
3440300 -17.5337 -18
3440400 -17.3177 -18
3440500 -17.2505 -18
3440600 -17.5792 -18
3440700 -18.0099 -18
3440800 -18.4887 -18
3440900 -18.6494 -18
3441000 -18.5882 -18
3441100 -18.3624 -18
3441200 -18.1488 -18
3441300 -17.8883 -18
3441400 -17.8275 -18
3441500 -17.8922 -18
3441600 -17.822 -18
3441700 -17.6859 -18
3441800 -18.0597 -18
3441900 -18.4624 -18
3442000 -18.6976 -18
3442100 -18.5398 -18
3442200 -18.0761 -18
3442300 -17.5463 -18
3442400 -16.806 -18
3442500 -16.7104 -18
3442600 -17.184 -18
3442700 -17.9461 -18
3442800 -18.6058 -18
3442900 -18.8153 -18
3443000 -18.3514 -18
3443100 -17.8868 -18
3443200 -17.8067 -18
3443300 -18.0238 -18
3443400 -18.273 -18
3443500 -18.4083 -18
3443600 -18.3305 -18
3443700 -18.1242 -18
3443800 -17.9307 -18
3443900 -17.9791 -18
3444000 -18.0986 -18
3444100 -18.1417 -18
3444200 -18.1195 -18
3444300 -18.0533 -18
3444400 -17.997 -18
3444500 -18.1753 -18
3444600 -18.3665 -18
3444700 -18.1411 -18
3444800 -17.6913 -18
3444900 -17.4966 -18
3445000 -17.6006 -18
3445100 -17.5891 -18
3445200 -17.6986 -18
3445300 -17.743 -18
3445400 -17.9483 -18
3445500 -18.1358 -18
3445600 -18.2572 -18
3445700 -18.3544 -18
3445800 -18.2345 -18
3445900 -18.1488 -18
3446000 -18.0549 -18
3446100 -17.6042 -18
3446200 -17.289 -18
3446300 -17.3221 -18
3446400 -17.4751 -18
3446500 -17.8885 -18
3446600 -18.3155 -18
3446700 -18.598 -18
3446800 -18.5759 -18
3446900 -18.3799 -18
3447000 -18.1132 -18
3447100 -17.7034 -18
3447200 -17.1262 -18
3447300 -17.0366 -18
3447400 -17.4703 -18
3447500 -17.7919 -18
3447600 -18.036 -18
3447700 -18.2559 -18
3447800 -18.3346 -18
3447900 -18.1925 -18
3448000 -18.486 -18
3448100 -19.1075 -18
3448200 -19.4102 -18
3448300 -19.322 -18
3448400 -18.8546 -18
3448500 -18.3481 -18
3448600 -17.8286 -18
3448700 -17.7043 -18
3448800 -17.7839 -18
3448900 -17.8571 -18
3449000 -17.8053 -18
3449100 -17.5874 -18
3449200 -17.2254 -18
3449300 -16.974 -18
3449400 -17.1935 -18
3449500 -17.732 -18
3449600 -18.3175 -18
3449700 -18.5682 -18
3449800 -18.3447 -18
3449900 -18.373 -18
3450000 -18.4001 -18
3450100 -18.0306 -18
3450200 -17.685 -18
3450300 -17.6197 -18
3450400 -17.9161 -18
3450500 -18.4825 -18
3450600 -18.828 -18
3450700 -18.8107 -18
3450800 -18.4772 -18
3450900 -18.2652 -18
3451000 -17.9389 -18
3451100 -17.6465 -18
3451200 -17.5792 -18
3451300 -17.8713 -18
3451400 -17.9716 -18
3451500 -17.6778 -18
3451600 -17.4777 -18
3451700 -17.4281 -18
3451800 -17.6941 -18
3451900 -18.175 -18
3452000 -18.4389 -18
3452100 -18.6164 -18
3452200 -18.732 -18
3452300 -18.601 -18
3452400 -18.0812 -18
3452500 -17.6016 -18
3452600 -17.4319 -18
3452700 -17.6472 -18
3452800 -18.0235 -18
3452900 -18.528 -18
3453000 -19.1146 -18
3453100 -18.9856 -18
3453200 -18.4628 -18
3453300 -17.6319 -18
3453400 -16.8923 -18
3453500 -16.5197 -18
3453600 -16.7752 -18
3453700 -17.2296 -18
3453800 -17.8472 -18
3453900 -18.1939 -18
3454000 -18.1701 -18
3454100 -17.6968 -18
3454200 -17.3824 -18
3454300 -17.3256 -18
3454400 -17.6788 -18
3454500 -18.0704 -18
3454600 -18.344 -18
3454700 -18.4803 -18
3454800 -18.4623 -18
3454900 -18.3101 -18
3455000 -18.2414 -18
3455100 -18.3768 -18
3455200 -18.5683 -18
3455300 -18.6587 -18
3455400 -18.438 -18
3455500 -18.1539 -18
3455600 -17.6974 -18
3455700 -17.6316 -18
3455800 -17.8608 -18
3455900 -18.3212 -18
3456000 -18.3587 -18
3456100 -18.1294 -18
3456200 -17.7459 -18
3456300 -17.8163 -18
3456400 -18.0496 -18
3456500 -18.0923 -18
3456600 -17.8808 -18
3456700 -17.7869 -18
3456800 -17.8358 -18
3456900 -17.9466 -18
3457000 -17.841 -18
3457100 -17.5184 -18
3457200 -17.4908 -18
3457300 -17.8829 -18
3457400 -18.4643 -18
3457500 -18.6829 -18
3457600 -18.7562 -18
3457700 -18.8425 -18
3457800 -18.9368 -18
3457900 -18.6112 -18
3458000 -17.8926 -18
3458100 -17.3052 -18
3458200 -16.847 -18
3458300 -16.71 -18
3458400 -17.0988 -18
3458500 -17.8191 -18
3458600 -18.2926 -18
3458700 -18.433 -18
3458800 -18.3661 -18
3458900 -18.4055 -18
3459000 -18.4439 -18
3459100 -18.4807 -18
3459200 -18.472 -18
3459300 -18.2807 -18
3459400 -18.0407 -18
3459500 -17.8455 -18
3459600 -17.9313 -18
3459700 -17.8403 -18
3459800 -17.5442 -18
3459900 -17.5395 -18
3460000 -17.7005 -18
3460100 -17.8277 -18
3460200 -18.0554 -18
3460300 -18.1394 -18
3460400 -18.0395 -18
3460500 -17.9053 -18
3460600 -17.6567 -18
3460700 -17.4026 -18
3460800 -17.6415 -18
3460900 -18.0038 -18
3461000 -18.17 -18
3461100 -18.3077 -18
3461200 -18.4205 -18
3461300 -18.3251 -18
3461400 -18.0834 -18
3461500 -17.7586 -18
3461600 -17.5978 -18
3461700 -17.829 -18
3461800 -18.0906 -18
3461900 -18.2394 -18
3462000 -18.2064 -18
3462100 -18.0318 -18
3462200 -18.0705 -18
3462300 -18.0549 -18
3462400 -18.1015 -18
3462500 -18.1893 -18
3462600 -18.4072 -18
3462700 -18.4784 -18
3462800 -18.372 -18
3462900 -18.513 -18
3463000 -18.9253 -18
3463100 -18.8562 -18
3463200 -18.2963 -18
3463300 -17.7215 -18
3463400 -17.5723 -18
3463500 -17.7104 -18
3463600 -17.7132 -18
3463700 -17.5191 -18
3463800 -17.7086 -18
3463900 -18.0483 -18
3464000 -18.1044 -18
3464100 -17.8193 -18
3464200 -17.5311 -18
3464300 -17.5763 -18
3464400 -17.5792 -18
3464500 -17.7436 -18
3464600 -18.0381 -18
3464700 -18.4351 -18
3464800 -18.6647 -18
3464900 -18.6675 -18
3465000 -18.5328 -18
3465100 -18.0971 -18
3465200 -17.6291 -18
3465300 -17.3373 -18
3465400 -17.4419 -18
3465500 -17.5169 -18
3465600 -17.493 -18
3465700 -17.7793 -18
3465800 -17.9772 -18
3465900 -18.0647 -18
3466000 -17.8714 -18
3466100 -17.6121 -18
3466200 -17.795 -18
3466300 -18.1379 -18
3466400 -18.2559 -18
3466500 -18.1462 -18
3466600 -17.8887 -18
3466700 -17.5873 -18
3466800 -17.5675 -18
3466900 -17.5672 -18
3467000 -17.8461 -18
3467100 -18.0263 -18
3467200 -17.7364 -18
3467300 -17.5014 -18
3467400 -17.4545 -18
3467500 -17.664 -18
3467600 -17.975 -18
3467700 -18.1497 -18
3467800 -17.8339 -18
3467900 -17.168 -18
3468000 -16.8326 -18
3468100 -17.1337 -18
3468200 -17.7291 -18
3468300 -18.2721 -18
3468400 -18.4369 -18
3468500 -18.3398 -18
3468600 -17.9654 -18
3468700 -17.3675 -18
3468800 -17.116 -18
3468900 -17.1843 -18
3469000 -17.3768 -18
3469100 -17.6688 -18
3469200 -18.2793 -18
3469300 -18.4843 -18
3469400 -18.4492 -18
3469500 -18.2905 -18
3469600 -17.8813 -18
3469700 -17.4378 -18
3469800 -17.0815 -18
3469900 -16.9084 -18
3470000 -16.8674 -18
3470100 -17.0399 -18
3470200 -17.4352 -18
3470300 -18.114 -18
3470400 -18.5743 -18
3470500 -18.7695 -18
3470600 -18.9128 -18
3470700 -18.8785 -18
3470800 -18.7549 -18
3470900 -18.5876 -18
3471000 -18.3587 -18
3471100 -18.1094 -18
3471200 -17.9812 -18
3471300 -17.9998 -18
3471400 -18.0325 -18
3471500 -17.84 -18
3471600 -17.6601 -18
3471700 -17.9972 -18
3471800 -18.2451 -18
3471900 -18.2729 -18
3472000 -18.2648 -18
3472100 -18.3584 -18
3472200 -18.41 -18
3472300 -18.0797 -18
3472400 -17.6835 -18
3472500 -17.424 -18
3472600 -17.3241 -18
3472700 -17.5137 -18
3472800 -18.2221 -18
3472900 -19.0089 -18
3473000 -19.326 -18
3473100 -18.9764 -18
3473200 -18.4176 -18
3473300 -17.7614 -18
3473400 -17.3216 -18
3473500 -17.2067 -18
3473600 -17.1947 -18
3473700 -17.1932 -18
3473800 -17.7195 -18
3473900 -18.4026 -18
3474000 -18.8882 -18
3474100 -19.078 -18
3474200 -18.8595 -18
3474300 -18.2239 -18
3474400 -17.6435 -18
3474500 -17.3878 -18
3474600 -17.6235 -18
3474700 -17.9133 -18
3474800 -18.0794 -18
3474900 -18.1065 -18
3475000 -18.0667 -18
3475100 -18.0545 -18
3475200 -17.9948 -18
3475300 -17.8533 -18
3475400 -17.6994 -18
3475500 -17.7391 -18
3475600 -18.2144 -18
3475700 -18.6528 -18
3475800 -18.751 -18
3475900 -18.8525 -18
3476000 -18.9083 -18
3476100 -18.4198 -18
3476200 -17.6688 -18
3476300 -16.8553 -18
3476400 -16.3129 -18
3476500 -16.4739 -18
3476600 -17.2059 -18
3476700 -17.9982 -18
3476800 -18.3191 -18
3476900 -18.3082 -18
3477000 -18.3699 -18
3477100 -18.6137 -18
3477200 -18.7858 -18
3477300 -18.4541 -18
3477400 -17.8847 -18
3477500 -17.9294 -18
3477600 -17.983 -18
3477700 -18.1161 -18
3477800 -18.564 -18
3477900 -18.8731 -18
3478000 -18.7809 -18
3478100 -18.4833 -18
3478200 -18.0714 -18
3478300 -17.7539 -18
3478400 -17.5889 -18
3478500 -17.5906 -18
3478600 -17.9686 -18
3478700 -18.7714 -18
3478800 -19.2042 -18
3478900 -19.1426 -18
3479000 -18.8009 -18
3479100 -18.5033 -18
3479200 -18.1303 -18
3479300 -17.6403 -18
3479400 -17.1234 -18
3479500 -16.9632 -18
3479600 -17.2026 -18
3479700 -17.8414 -18
3479800 -18.5322 -18
3479900 -18.8819 -18
3480000 -18.5952 -18
3480100 -17.8662 -18
3480200 -17.5133 -18
3480300 -17.2983 -18
3480400 -17.3998 -18
3480500 -17.4786 -18
3480600 -17.5829 -18
3480700 -17.7298 -18
3480800 -17.9034 -18
3480900 -18.375 -18
3481000 -18.6279 -18
3481100 -18.4818 -18
3481200 -18.313 -18
3481300 -18.3281 -18
3481400 -18.1804 -18
3481500 -18.0164 -18
3481600 -17.8304 -18
3481700 -17.708 -18
3481800 -17.66 -18
3481900 -17.7404 -18
3482000 -17.7928 -18
3482100 -17.5818 -18
3482200 -17.4288 -18
3482300 -17.6435 -18
3482400 -17.7253 -18
3482500 -17.659 -18
3482600 -17.3946 -18
3482700 -17.2938 -18
3482800 -17.6194 -18
3482900 -18.0572 -18
3483000 -18.2509 -18
3483100 -18.3303 -18
3483200 -18.3426 -18
3483300 -18.4334 -18
3483400 -18.4249 -18
3483500 -18.4266 -18
3483600 -18.3772 -18
3483700 -18.4701 -18
3483800 -18.8165 -18
3483900 -18.761 -18
3484000 -18.5708 -18
3484100 -18.4354 -18
3484200 -18.0209 -18
3484300 -17.5764 -18
3484400 -17.4028 -18
3484500 -17.572 -18
3484600 -18.0824 -18
3484700 -18.6337 -18
3484800 -18.9848 -18
3484900 -18.992 -18
3485000 -18.7233 -18
3485100 -18.3873 -18
3485200 -18.3956 -18
3485300 -18.1871 -18
3485400 -17.6269 -18
3485500 -17.4658 -18
3485600 -17.7045 -18
3485700 -17.8246 -18
3485800 -17.8221 -18
3485900 -17.8763 -18
3486000 -17.951 -18
3486100 -17.8865 -18
3486200 -17.6543 -18
3486300 -17.4684 -18
3486400 -17.7861 -18
3486500 -17.8999 -18
3486600 -17.9974 -18
3486700 -17.9479 -18
3486800 -17.9603 -18
3486900 -18.2154 -18
3487000 -18.2649 -18
3487100 -18.1219 -18
3487200 -18.0096 -18
3487300 -17.9182 -18
3487400 -17.9246 -18
3487500 -17.7878 -18
3487600 -17.6674 -18
3487700 -17.6405 -18
3487800 -17.672 -18
3487900 -17.8437 -18
3488000 -18.062 -18
3488100 -18.2521 -18
3488200 -18.2627 -18
3488300 -18.0726 -18
3488400 -18.0529 -18
3488500 -18.2046 -18
3488600 -18.1273 -18
3488700 -17.9166 -18
3488800 -17.7058 -18
3488900 -17.4493 -18
3489000 -17.4707 -18
3489100 -17.6314 -18
3489200 -17.8094 -18
3489300 -18.1179 -18
3489400 -18.3772 -18
3489500 -18.3734 -18
3489600 -18.0507 -18
3489700 -17.7081 -18
3489800 -17.4845 -18
3489900 -17.5341 -18
3490000 -17.5997 -18
3490100 -17.7532 -18
3490200 -18.0451 -18
3490300 -18.4675 -18
3490400 -18.8221 -18
3490500 -18.9396 -18
3490600 -18.7222 -18
3490700 -18.6146 -18
3490800 -18.4876 -18
3490900 -18.4418 -18
3491000 -18.3318 -18
3491100 -18.1706 -18
3491200 -18.0886 -18
3491300 -17.8654 -18
3491400 -17.4529 -18
3491500 -17.6202 -18
3491600 -18.3603 -18
3491700 -18.8535 -18
3491800 -18.655 -18
3491900 -18.1331 -18
3492000 -17.5806 -18
3492100 -17.3543 -18
3492200 -17.4528 -18
3492300 -17.773 -18
3492400 -18.4148 -18
3492500 -19.0438 -18
3492600 -19.1663 -18
3492700 -18.7123 -18
3492800 -18.2897 -18
3492900 -17.8215 -18
3493000 -17.6189 -18
3493100 -17.6567 -18
3493200 -17.8526 -18
3493300 -18.1171 -18
3493400 -18.5346 -18
3493500 -18.8899 -18
3493600 -18.6328 -18
3493700 -18.3799 -18
3493800 -18.0129 -18
3493900 -17.5125 -18
3494000 -17.2439 -18
3494100 -17.415 -18
3494200 -17.5317 -18
3494300 -17.6969 -18
3494400 -17.8579 -18
3494500 -18.1327 -18
3494600 -18.3943 -18
3494700 -18.5143 -18
3494800 -18.2072 -18
3494900 -17.7609 -18
3495000 -17.6542 -18
3495100 -17.8955 -18
3495200 -17.9675 -18
3495300 -17.8749 -18
3495400 -17.9364 -18
3495500 -18.0442 -18
3495600 -18.1486 -18
3495700 -17.8898 -18
3495800 -17.456 -18
3495900 -17.4661 -18
3496000 -17.804 -18
3496100 -18.0916 -18
3496200 -18.1563 -18
3496300 -17.8403 -18
3496400 -17.8505 -18
3496500 -18.0475 -18
3496600 -18.4497 -18
3496700 -18.5807 -18
3496800 -18.6067 -18
3496900 -18.6206 -18
3497000 -18.7532 -18
3497100 -18.7975 -18
3497200 -18.8037 -18
3497300 -18.499 -18
3497400 -18.1158 -18
3497500 -17.8134 -18
3497600 -17.7809 -18
3497700 -17.9438 -18
3497800 -18.3181 -18
3497900 -18.5864 -18
3498000 -18.6724 -18
3498100 -18.4734 -18
3498200 -18.0238 -18
3498300 -17.9921 -18
3498400 -18.3612 -18
3498500 -18.5514 -18
3498600 -18.5224 -18
3498700 -18.5823 -18
3498800 -18.512 -18
3498900 -18.1214 -18
3499000 -17.7404 -18
3499100 -17.5994 -18
3499200 -17.5036 -18
3499300 -17.3878 -18
3499400 -17.7001 -18
3499500 -17.9195 -18
3499600 -17.9495 -18
3499700 -17.9898 -18
3499800 -18.0491 -18
3499900 -18.1362 -18
3500000 -18.0148 -18
3500100 -17.7063 -18
3500200 -17.6571 -18
3500300 -17.8625 -18
3500400 -18.0514 -18
3500500 -18.2622 -18
3500600 -18.1442 -18
3500700 -18.0262 -18
3500800 -17.9657 -18
3500900 -17.9571 -18
3501000 -18.0697 -18
3501100 -18.2183 -18
3501200 -18.2292 -18
3501300 -18.2781 -18
3501400 -18.3384 -18
3501500 -18.2732 -18
3501600 -18.1054 -18
3501700 -18.1321 -18
3501800 -18.1805 -18
3501900 -18.2024 -18
3502000 -18.1764 -18
3502100 -17.9465 -18
3502200 -17.9196 -18
3502300 -18.2424 -18
3502400 -18.5893 -18
3502500 -18.4679 -18
3502600 -18.1271 -18
3502700 -17.9161 -18
3502800 -17.9493 -18
3502900 -18.1326 -18
3503000 -18.1855 -18
3503100 -18.1203 -18
3503200 -17.859 -18
3503300 -17.894 -18
3503400 -18.2041 -18
3503500 -18.261 -18
3503600 -18.0363 -18
3503700 -17.6446 -18
3503800 -17.4286 -18
3503900 -17.6371 -18
3504000 -18.0082 -18
3504100 -18.1619 -18
3504200 -18.0884 -18
3504300 -18.2401 -18
3504400 -18.622 -18
3504500 -18.6471 -18
3504600 -18.4644 -18
3504700 -18.1635 -18
3504800 -17.8729 -18
3504900 -17.7195 -18
3505000 -17.9767 -18
3505100 -18.2168 -18
3505200 -18.2526 -18
3505300 -18.0449 -18
3505400 -17.5378 -18
3505500 -17.2574 -18
3505600 -17.2419 -18
3505700 -17.6217 -18
3505800 -18.205 -18
3505900 -18.4479 -18
3506000 -18.512 -18
3506100 -18.3596 -18
3506200 -17.9054 -18
3506300 -17.6194 -18
3506400 -17.5227 -18
3506500 -17.5605 -18
3506600 -17.6652 -18
3506700 -18.0009 -18
3506800 -18.2413 -18
3506900 -18.2417 -18
3507000 -18.4711 -18
3507100 -18.5147 -18
3507200 -18.2509 -18
3507300 -17.9713 -18
3507400 -17.8175 -18
3507500 -17.6856 -18
3507600 -17.8281 -18
3507700 -17.9698 -18
3507800 -17.9883 -18
3507900 -17.8956 -18
3508000 -17.6004 -18
3508100 -17.1942 -18
3508200 -17.1753 -18
3508300 -17.6923 -18
3508400 -18.5399 -18
3508500 -19.0953 -18
3508600 -19.4134 -18
3508700 -19.1364 -18
3508800 -18.4552 -18
3508900 -17.6225 -18
3509000 -17.0654 -18
3509100 -16.9495 -18
3509200 -17.2406 -18
3509300 -17.7434 -18
3509400 -18.1017 -18
3509500 -18.1078 -18
3509600 -18.2213 -18
3509700 -18.2597 -18
3509800 -18.3017 -18
3509900 -18.255 -18
3510000 -18.0833 -18
3510100 -17.8595 -18
3510200 -17.8695 -18
3510300 -17.8731 -18
3510400 -17.9356 -18
3510500 -18.1676 -18
3510600 -18.4298 -18
3510700 -18.3397 -18
3510800 -17.9841 -18
3510900 -17.87 -18
3511000 -17.8089 -18
3511100 -17.43 -18
3511200 -17.07 -18
3511300 -17.3244 -18
3511400 -17.9806 -18
3511500 -18.4379 -18
3511600 -18.5148 -18
3511700 -18.5379 -18
3511800 -18.525 -18
3511900 -18.4515 -18
3512000 -18.1054 -18
3512100 -17.6031 -18
3512200 -17.2313 -18
3512300 -17.097 -18
3512400 -17.2296 -18
3512500 -17.5726 -18
3512600 -17.7514 -18
3512700 -17.8673 -18
3512800 -17.9274 -18
3512900 -17.9196 -18
3513000 -17.8155 -18
3513100 -17.7931 -18
3513200 -17.6508 -18
3513300 -17.8992 -18
3513400 -18.2411 -18
3513500 -18.3648 -18
3513600 -18.0472 -18
3513700 -17.6122 -18
3513800 -17.1624 -18
3513900 -17.1804 -18
3514000 -17.6398 -18
3514100 -18.2662 -18
3514200 -18.5604 -18
3514300 -18.6827 -18
3514400 -18.655 -18
3514500 -18.5924 -18
3514600 -18.409 -18
3514700 -18.023 -18
3514800 -17.705 -18
3514900 -17.5316 -18
3515000 -17.3655 -18
3515100 -17.4221 -18
3515200 -17.579 -18
3515300 -17.6901 -18
3515400 -17.9952 -18
3515500 -18.2301 -18
3515600 -18.4373 -18
3515700 -18.8612 -18
3515800 -19.1888 -18
3515900 -19.1166 -18
3516000 -18.4593 -18
3516100 -17.7451 -18
3516200 -17.4667 -18
3516300 -17.2835 -18
3516400 -17.3303 -18
3516500 -17.4187 -18
3516600 -17.6306 -18
3516700 -17.8922 -18
3516800 -17.8763 -18
3516900 -17.626 -18
3517000 -17.4404 -18
3517100 -17.5672 -18
3517200 -17.7826 -18
3517300 -18.0422 -18
3517400 -18.1907 -18
3517500 -18.206 -18
3517600 -18.2119 -18
3517700 -18.2108 -18
3517800 -18.2921 -18
3517900 -18.3907 -18
3518000 -18.289 -18
3518100 -17.8725 -18
3518200 -17.6328 -18
3518300 -17.5804 -18
3518400 -17.7636 -18
3518500 -17.896 -18
3518600 -18.14 -18
3518700 -18.093 -18
3518800 -17.9336 -18
3518900 -17.8584 -18
3519000 -17.8477 -18
3519100 -17.776 -18
3519200 -17.9377 -18
3519300 -18.3227 -18
3519400 -18.7005 -18
3519500 -18.9612 -18
3519600 -18.9808 -18
3519700 -18.5306 -18
3519800 -17.9898 -18
3519900 -17.6773 -18
3520000 -17.338 -18
3520100 -17.0462 -18
3520200 -17.0233 -18
3520300 -17.3635 -18
3520400 -17.867 -18
3520500 -18.2142 -18
3520600 -18.5139 -18
3520700 -18.3272 -18
3520800 -18.1132 -18
3520900 -18.1005 -18
3521000 -17.9396 -18
3521100 -17.9474 -18
3521200 -18.0655 -18
3521300 -17.9473 -18
3521400 -17.7898 -18
3521500 -17.9095 -18
3521600 -18.0668 -18
3521700 -18.1265 -18
3521800 -18.0291 -18
3521900 -17.9436 -18
3522000 -18.4053 -18
3522100 -18.905 -18
3522200 -18.9117 -18
3522300 -18.5477 -18
3522400 -18.3965 -18
3522500 -18.24 -18
3522600 -17.9946 -18
3522700 -17.653 -18
3522800 -17.6801 -18
3522900 -17.962 -18
3523000 -18.0763 -18
3523100 -18.0308 -18
3523200 -18.1071 -18
3523300 -18.0498 -18
3523400 -17.8424 -18
3523500 -17.882 -18
3523600 -17.7805 -18
3523700 -17.4465 -18
3523800 -17.0509 -18
3523900 -16.7023 -18
3524000 -16.9243 -18
3524100 -17.4189 -18
3524200 -17.9965 -18
3524300 -18.3634 -18
3524400 -18.2736 -18
3524500 -18.2189 -18
3524600 -18.0302 -18
3524700 -17.7326 -18
3524800 -17.4403 -18
3524900 -17.4491 -18
3525000 -17.7722 -18
3525100 -18.3027 -18
3525200 -18.409 -18
3525300 -18.1641 -18
3525400 -17.7339 -18
3525500 -17.5036 -18
3525600 -17.7207 -18
3525700 -18.1775 -18
3525800 -18.3773 -18
3525900 -18.4414 -18
3526000 -18.3641 -18
3526100 -18.1605 -18
3526200 -17.799 -18
3526300 -17.584 -18
3526400 -17.8011 -18
3526500 -18.2675 -18
3526600 -18.5859 -18
3526700 -18.4148 -18
3526800 -17.9763 -18
3526900 -17.5614 -18
3527000 -17.2407 -18
3527100 -17.2531 -18
3527200 -17.6595 -18
3527300 -18.3478 -18
3527400 -19.1416 -18
3527500 -19.5238 -18
3527600 -19.3309 -18
3527700 -18.9174 -18
3527800 -18.0982 -18
3527900 -17.1838 -18
3528000 -16.7963 -18
3528100 -16.9829 -18
3528200 -17.4907 -18
3528300 -18.0593 -18
3528400 -18.6032 -18
3528500 -18.681 -18
3528600 -18.5084 -18
3528700 -18.5943 -18
3528800 -18.6158 -18
3528900 -18.0417 -18
3529000 -17.5326 -18
3529100 -17.1493 -18
3529200 -17.1774 -18
3529300 -17.423 -18
3529400 -17.721 -18
3529500 -18.0967 -18
3529600 -18.4943 -18
3529700 -18.8387 -18
3529800 -18.896 -18
3529900 -18.7209 -18
3530000 -18.193 -18
3530100 -17.6247 -18
3530200 -17.3205 -18
3530300 -17.0692 -18
3530400 -17.312 -18
3530500 -17.9597 -18
3530600 -18.5091 -18
3530700 -18.8444 -18
3530800 -19.0255 -18
3530900 -19.0383 -18
3531000 -19 -18
3531100 -18.8198 -18
3531200 -18.3425 -18
3531300 -17.8857 -18
3531400 -17.6817 -18
3531500 -17.5857 -18
3531600 -17.405 -18
3531700 -17.4752 -18
3531800 -17.9868 -18
3531900 -18.716 -18
3532000 -19.012 -18
3532100 -18.9311 -18
3532200 -18.7405 -18
3532300 -18.342 -18
3532400 -17.7872 -18
3532500 -17.5215 -18
3532600 -17.3433 -18
3532700 -17.3754 -18
3532800 -17.7048 -18
3532900 -17.9116 -18
3533000 -17.8025 -18
3533100 -17.6134 -18
3533200 -17.7722 -18
3533300 -18.0904 -18
3533400 -18.4783 -18
3533500 -18.7502 -18
3533600 -18.7638 -18
3533700 -18.5096 -18
3533800 -18.2247 -18
3533900 -18.1211 -18
3534000 -17.9994 -18
3534100 -17.9738 -18
3534200 -18.021 -18
3534300 -17.9752 -18
3534400 -17.9049 -18
3534500 -17.9376 -18
3534600 -18.0431 -18
3534700 -18.4581 -18
3534800 -18.6987 -18
3534900 -18.7637 -18
3535000 -18.538 -18
3535100 -18.1687 -18
3535200 -17.8884 -18
3535300 -17.8146 -18
3535400 -17.8157 -18
3535500 -17.925 -18
3535600 -17.9029 -18
3535700 -17.6644 -18
3535800 -17.5514 -18
3535900 -17.4687 -18
3536000 -17.3215 -18
3536100 -17.677 -18
3536200 -18.119 -18
3536300 -18.338 -18
3536400 -18.2758 -18
3536500 -17.9231 -18
3536600 -17.6126 -18
3536700 -17.686 -18
3536800 -18.0805 -18
3536900 -18.5731 -18
3537000 -18.8328 -18
3537100 -18.9222 -18
3537200 -18.6131 -18
3537300 -18.1148 -18
3537400 -17.1986 -18
3537500 -16.4786 -18
3537600 -16.4958 -18
3537700 -16.8864 -18
3537800 -17.5553 -18
3537900 -18.2001 -18
3538000 -18.4476 -18
3538100 -18.3002 -18
3538200 -18.4184 -18
3538300 -18.6641 -18
3538400 -18.7334 -18
3538500 -18.4457 -18
3538600 -18.1299 -18
3538700 -18.1747 -18
3538800 -18.1022 -18
3538900 -17.7646 -18
3539000 -17.5745 -18
3539100 -17.503 -18
3539200 -17.7382 -18
3539300 -18.0204 -18
3539400 -18.1179 -18
3539500 -17.805 -18
3539600 -17.3582 -18
3539700 -17.1362 -18
3539800 -17.1551 -18
3539900 -17.2199 -18
3540000 -17.4822 -18
3540100 -17.6264 -18
3540200 -17.7726 -18
3540300 -18.1082 -18
3540400 -18.5238 -18
3540500 -18.8137 -18
3540600 -18.929 -18
3540700 -18.8496 -18
3540800 -18.6373 -18
3540900 -18.2842 -18
3541000 -18.1271 -18
3541100 -18.2215 -18
3541200 -18.3586 -18
3541300 -18.5519 -18
3541400 -18.8376 -18
3541500 -18.9853 -18
3541600 -18.9217 -18
3541700 -18.633 -18
3541800 -18.0769 -18
3541900 -17.8444 -18
3542000 -17.9949 -18
3542100 -18.1336 -18
3542200 -18.3218 -18
3542300 -18.4417 -18
3542400 -18.5099 -18
3542500 -18.7845 -18
3542600 -18.9605 -18
3542700 -18.8483 -18
3542800 -18.5608 -18
3542900 -18.1402 -18
3543000 -17.93 -18
3543100 -18.0056 -18
3543200 -18.3151 -18
3543300 -18.3694 -18
3543400 -18.3555 -18
3543500 -18.2502 -18
3543600 -18.1818 -18
3543700 -18.0398 -18
3543800 -18.0574 -18
3543900 -18.3167 -18
3544000 -18.5412 -18
3544100 -18.3921 -18
3544200 -17.9646 -18
3544300 -17.5078 -18
3544400 -16.9973 -18
3544500 -16.9861 -18
3544600 -17.7374 -18
3544700 -18.2997 -18
3544800 -18.6207 -18
3544900 -18.845 -18
3545000 -18.7408 -18
3545100 -18.4778 -18
3545200 -18.0495 -18
3545300 -17.8222 -18
3545400 -17.7242 -18
3545500 -17.9229 -18
3545600 -18.1596 -18
3545700 -18.2232 -18
3545800 -18.1784 -18
3545900 -18.0279 -18
3546000 -17.905 -18
3546100 -17.9358 -18
3546200 -18.1594 -18
3546300 -18.3382 -18
3546400 -18.2097 -18
3546500 -17.5859 -18
3546600 -16.8263 -18
3546700 -16.3455 -18
3546800 -16.6163 -18
3546900 -17.0848 -18
3547000 -17.6621 -18
3547100 -18.1008 -18
3547200 -18.2679 -18
3547300 -18.3732 -18
3547400 -18.3588 -18
3547500 -18.1227 -18
3547600 -18.1314 -18
3547700 -18.2658 -18
3547800 -18.0089 -18
3547900 -17.6802 -18
3548000 -17.634 -18
3548100 -18.1013 -18
3548200 -18.605 -18
3548300 -18.6506 -18
3548400 -18.4308 -18
3548500 -18.2908 -18
3548600 -17.9607 -18
3548700 -17.8678 -18
3548800 -17.8277 -18
3548900 -17.7516 -18
3549000 -17.5548 -18
3549100 -17.5772 -18
3549200 -17.9044 -18
3549300 -18.3393 -18
3549400 -18.4689 -18
3549500 -18.3403 -18
3549600 -18.1118 -18
3549700 -17.748 -18
3549800 -17.1847 -18
3549900 -16.923 -18
3550000 -17.4507 -18
3550100 -18.1667 -18
3550200 -18.4789 -18
3550300 -18.5493 -18
3550400 -18.3392 -18
3550500 -17.7177 -18
3550600 -17.1154 -18
3550700 -16.7438 -18
3550800 -16.942 -18
3550900 -17.323 -18
3551000 -17.4973 -18
3551100 -17.4903 -18
3551200 -17.5144 -18
3551300 -17.8239 -18
3551400 -18.2309 -18
3551500 -18.5507 -18
3551600 -18.5991 -18
3551700 -18.2217 -18
3551800 -17.8639 -18
3551900 -17.7939 -18
3552000 -17.6742 -18
3552100 -17.6579 -18
3552200 -17.7546 -18
3552300 -18.0345 -18
3552400 -18.2582 -18
3552500 -18.495 -18
3552600 -18.6276 -18
3552700 -18.7597 -18
3552800 -18.7635 -18
3552900 -18.6508 -18
3553000 -18.3672 -18
3553100 -17.9152 -18
3553200 -17.3714 -18
3553300 -17.3814 -18
3553400 -17.661 -18
3553500 -17.8124 -18
3553600 -18.3907 -18
3553700 -18.8819 -18
3553800 -19.0704 -18
3553900 -19.11 -18
3554000 -18.6893 -18
3554100 -17.8018 -18
3554200 -17.2702 -18
3554300 -17.3836 -18
3554400 -17.6227 -18
3554500 -17.7425 -18
3554600 -17.8467 -18
3554700 -17.9899 -18
3554800 -18.1696 -18
3554900 -18.1915 -18
3555000 -17.9424 -18
3555100 -17.8505 -18
3555200 -18.0049 -18
3555300 -18.092 -18
3555400 -18.0557 -18
3555500 -17.8296 -18
3555600 -17.799 -18
3555700 -18.21 -18
3555800 -18.5429 -18
3555900 -18.6672 -18
3556000 -18.6851 -18
3556100 -18.4117 -18
3556200 -17.8048 -18
3556300 -17.4963 -18
3556400 -17.6788 -18
3556500 -17.6654 -18
3556600 -17.6023 -18
3556700 -17.5362 -18
3556800 -17.6088 -18
3556900 -17.7786 -18
3557000 -18.0138 -18
3557100 -18.4024 -18
3557200 -19.187 -18
3557300 -19.6826 -18
3557400 -19.5175 -18
3557500 -18.9615 -18
3557600 -18.4132 -18
3557700 -17.9422 -18
3557800 -17.6369 -18
3557900 -17.5853 -18
3558000 -17.7811 -18
3558100 -17.8877 -18
3558200 -17.968 -18
3558300 -18.0152 -18
3558400 -17.9573 -18
3558500 -18.0406 -18
3558600 -18.3485 -18
3558700 -18.706 -18
3558800 -18.9772 -18
3558900 -18.8959 -18
3559000 -18.5539 -18
3559100 -18.3287 -18
3559200 -18.4556 -18
3559300 -18.7302 -18
3559400 -18.8152 -18
3559500 -18.5356 -18
3559600 -18.2388 -18
3559700 -17.9055 -18
3559800 -17.5905 -18
3559900 -17.4278 -18
3560000 -17.5433 -18
3560100 -17.6349 -18
3560200 -17.8599 -18
3560300 -18.0421 -18
3560400 -18.1697 -18
3560500 -18.1562 -18
3560600 -18.2523 -18
3560700 -18.5779 -18
3560800 -18.5944 -18
3560900 -18.1546 -18
3561000 -17.6923 -18
3561100 -17.4437 -18
3561200 -17.3979 -18
3561300 -17.8029 -18
3561400 -18.5265 -18
3561500 -19.0927 -18
3561600 -19.4851 -18
3561700 -19.2329 -18
3561800 -18.5677 -18
3561900 -18.0057 -18
3562000 -17.5412 -18
3562100 -17.5458 -18
3562200 -17.8061 -18
3562300 -18.0455 -18
3562400 -18.1226 -18
3562500 -18.0323 -18
3562600 -18.2007 -18
3562700 -18.304 -18
3562800 -18.1745 -18
3562900 -18.1939 -18
3563000 -17.8985 -18
3563100 -17.7612 -18
3563200 -17.8721 -18
3563300 -18.0597 -18
3563400 -18.248 -18
3563500 -18.2231 -18
3563600 -18.0304 -18
3563700 -17.8178 -18
3563800 -17.7887 -18
3563900 -17.8624 -18
3564000 -18.0379 -18
3564100 -18.1754 -18
3564200 -18.2988 -18
3564300 -18.4141 -18
3564400 -18.2982 -18
3564500 -18.0732 -18
3564600 -17.6331 -18
3564700 -17.3853 -18
3564800 -17.1865 -18
3564900 -17.0716 -18
3565000 -17.322 -18
3565100 -18.0759 -18
3565200 -18.8877 -18
3565300 -19.3278 -18
3565400 -19.1771 -18
3565500 -18.7749 -18
3565600 -18.533 -18
3565700 -18.428 -18
3565800 -18.375 -18
3565900 -18.3311 -18
3566000 -18.0832 -18
3566100 -17.9382 -18
3566200 -18.0948 -18
3566300 -18.506 -18
3566400 -19.0116 -18
3566500 -19.0366 -18
3566600 -18.8662 -18
3566700 -18.3922 -18
3566800 -17.5166 -18
3566900 -16.7261 -18
3567000 -16.764 -18
3567100 -17.2986 -18
3567200 -17.9952 -18
3567300 -18.6186 -18
3567400 -18.9194 -18
3567500 -18.8836 -18
3567600 -18.5262 -18
3567700 -18.3325 -18
3567800 -18.3693 -18
3567900 -18.4297 -18
3568000 -18.2799 -18
3568100 -18.1806 -18
3568200 -18.1881 -18
3568300 -18.0758 -18
3568400 -17.8988 -18
3568500 -17.8306 -18
3568600 -17.6949 -18
3568700 -17.5254 -18
3568800 -17.5114 -18
3568900 -17.6789 -18
3569000 -18.2304 -18
3569100 -18.6551 -18
3569200 -18.8002 -18
3569300 -18.5742 -18
3569400 -18.0516 -18
3569500 -17.6219 -18
3569600 -17.4281 -18
3569700 -17.5293 -18
3569800 -17.3294 -18
3569900 -17.272 -18
3570000 -17.5704 -18
