# Time-averaged data for fix myat1
# TimeStep v_xave v_xdes
2710100 -4.32908 -4
2710200 -4.81217 -4
2710300 -4.87717 -4
2710400 -4.47019 -4
2710500 -3.82715 -4
2710600 -3.42434 -4
2710700 -3.4352 -4
2710800 -3.64103 -4
2710900 -3.93502 -4
2711000 -4.4154 -4
2711100 -4.62234 -4
2711200 -4.44498 -4
2711300 -4.11266 -4
2711400 -3.85225 -4
2711500 -3.73073 -4
2711600 -3.74326 -4
2711700 -3.70057 -4
2711800 -3.98388 -4
2711900 -4.34864 -4
2712000 -4.60092 -4
2712100 -4.37559 -4
2712200 -4.02017 -4
2712300 -3.55799 -4
2712400 -3.14944 -4
2712500 -3.19268 -4
2712600 -3.46044 -4
2712700 -3.91721 -4
2712800 -4.44532 -4
2712900 -4.57556 -4
2713000 -4.32622 -4
2713100 -3.97085 -4
2713200 -3.7061 -4
2713300 -3.76135 -4
2713400 -4.01406 -4
2713500 -4.38739 -4
2713600 -4.51576 -4
2713700 -4.29226 -4
2713800 -3.6902 -4
2713900 -3.21062 -4
2714000 -2.98953 -4
2714100 -3.25707 -4
2714200 -3.75507 -4
2714300 -4.33275 -4
2714400 -4.90861 -4
2714500 -4.9269 -4
2714600 -4.26918 -4
2714700 -3.56221 -4
2714800 -3.30678 -4
2714900 -3.52404 -4
2715000 -3.90315 -4
2715100 -4.33861 -4
2715200 -4.81274 -4
2715300 -5.24126 -4
2715400 -4.86403 -4
2715500 -4.11815 -4
2715600 -3.61941 -4
2715700 -3.86575 -4
2715800 -4.06538 -4
2715900 -4.39449 -4
2716000 -4.48801 -4
2716100 -4.08086 -4
2716200 -3.79188 -4
2716300 -3.67962 -4
2716400 -3.55597 -4
2716500 -3.63744 -4
2716600 -3.92286 -4
2716700 -4.4023 -4
2716800 -4.82254 -4
2716900 -4.90721 -4
2717000 -4.58336 -4
2717100 -4.26726 -4
2717200 -4.06689 -4
2717300 -3.80138 -4
2717400 -3.65654 -4
2717500 -3.70288 -4
2717600 -3.84028 -4
2717700 -4.11888 -4
2717800 -4.54496 -4
2717900 -4.80808 -4
2718000 -4.69977 -4
2718100 -4.41121 -4
2718200 -4.02213 -4
2718300 -3.55503 -4
2718400 -3.19764 -4
2718500 -3.27074 -4
2718600 -3.64249 -4
2718700 -4.18901 -4
2718800 -4.60667 -4
2718900 -4.83257 -4
2719000 -4.80295 -4
2719100 -4.37125 -4
2719200 -3.63647 -4
2719300 -3.24045 -4
2719400 -3.60353 -4
2719500 -4.05259 -4
2719600 -4.27842 -4
2719700 -4.06756 -4
2719800 -4.10209 -4
2719900 -4.23557 -4
2720000 -4.0918 -4
2720100 -4.12188 -4
2720200 -4.25598 -4
2720300 -4.0872 -4
2720400 -3.97769 -4
2720500 -4.03206 -4
2720600 -3.9191 -4
2720700 -3.62449 -4
2720800 -3.27068 -4
2720900 -3.40348 -4
2721000 -4.00058 -4
2721100 -4.31376 -4
2721200 -4.14879 -4
2721300 -4.00323 -4
2721400 -3.82957 -4
2721500 -3.55145 -4
2721600 -3.49721 -4
2721700 -3.5416 -4
2721800 -3.80423 -4
2721900 -4.1074 -4
2722000 -4.04356 -4
2722100 -3.77083 -4
2722200 -3.56505 -4
2722300 -3.46481 -4
2722400 -3.41144 -4
2722500 -3.53952 -4
2722600 -3.95681 -4
2722700 -4.49677 -4
2722800 -4.75178 -4
2722900 -4.76981 -4
2723000 -4.43926 -4
2723100 -4.00376 -4
2723200 -3.67132 -4
2723300 -3.53279 -4
2723400 -3.38874 -4
2723500 -3.17535 -4
2723600 -3.6603 -4
2723700 -4.58931 -4
2723800 -5.0044 -4
2723900 -4.9622 -4
2724000 -4.68376 -4
2724100 -4.22377 -4
2724200 -3.68593 -4
2724300 -3.08278 -4
2724400 -2.90304 -4
2724500 -3.13742 -4
2724600 -3.68135 -4
2724700 -4.07235 -4
2724800 -4.01245 -4
2724900 -3.82097 -4
2725000 -3.84105 -4
2725100 -3.83833 -4
2725200 -3.93709 -4
2725300 -4.19439 -4
2725400 -4.5725 -4
2725500 -4.79895 -4
2725600 -4.63525 -4
2725700 -4.13111 -4
2725800 -3.72522 -4
2725900 -3.62472 -4
2726000 -3.99329 -4
2726100 -4.19478 -4
2726200 -4.12901 -4
2726300 -3.9198 -4
2726400 -3.7011 -4
2726500 -3.59214 -4
2726600 -3.66586 -4
2726700 -3.86055 -4
2726800 -3.87661 -4
2726900 -3.86349 -4
2727000 -3.73556 -4
2727100 -3.65065 -4
2727200 -4.08161 -4
2727300 -4.73702 -4
2727400 -5.20638 -4
2727500 -5.02508 -4
2727600 -4.04809 -4
2727700 -2.92572 -4
2727800 -2.65981 -4
2727900 -3.28225 -4
2728000 -3.91246 -4
2728100 -4.20237 -4
2728200 -4.1482 -4
2728300 -3.70589 -4
2728400 -3.24063 -4
2728500 -3.37778 -4
2728600 -3.87145 -4
2728700 -4.29922 -4
2728800 -4.52782 -4
2728900 -4.73679 -4
2729000 -4.57236 -4
2729100 -4.06536 -4
2729200 -3.72842 -4
2729300 -3.66116 -4
2729400 -3.98546 -4
2729500 -4.29659 -4
2729600 -4.03678 -4
2729700 -3.63036 -4
2729800 -3.47754 -4
2729900 -3.42154 -4
2730000 -3.57196 -4
2730100 -3.9362 -4
2730200 -4.27291 -4
2730300 -4.46378 -4
2730400 -4.54884 -4
2730500 -4.52602 -4
2730600 -4.14704 -4
2730700 -4.04803 -4
2730800 -3.95372 -4
2730900 -4.14493 -4
2731000 -4.19632 -4
2731100 -4.26403 -4
2731200 -4.25715 -4
2731300 -3.98886 -4
2731400 -3.68428 -4
2731500 -3.50943 -4
2731600 -3.43832 -4
2731700 -3.68258 -4
2731800 -4.16979 -4
2731900 -4.47059 -4
2732000 -4.45632 -4
2732100 -4.37845 -4
2732200 -4.6393 -4
2732300 -4.86368 -4
2732400 -4.72084 -4
2732500 -4.35304 -4
2732600 -3.93196 -4
2732700 -3.87452 -4
2732800 -4.05187 -4
2732900 -4.3799 -4
2733000 -4.39619 -4
2733100 -4.26658 -4
2733200 -4.12155 -4
2733300 -3.94743 -4
2733400 -3.75835 -4
2733500 -3.86365 -4
2733600 -3.88775 -4
2733700 -3.88162 -4
2733800 -4.02749 -4
2733900 -4.14258 -4
2734000 -4.30938 -4
2734100 -4.42622 -4
2734200 -4.44139 -4
2734300 -4.3162 -4
2734400 -3.95657 -4
2734500 -3.70806 -4
2734600 -3.80594 -4
2734700 -3.86488 -4
2734800 -3.80352 -4
2734900 -4.01954 -4
2735000 -4.25577 -4
2735100 -4.48306 -4
2735200 -4.38707 -4
2735300 -4.19991 -4
2735400 -4.00838 -4
2735500 -3.84632 -4
2735600 -3.96399 -4
2735700 -4.28362 -4
2735800 -4.57191 -4
2735900 -4.39933 -4
2736000 -3.74022 -4
2736100 -3.05581 -4
2736200 -2.8926 -4
2736300 -3.32074 -4
2736400 -4.0578 -4
2736500 -4.4993 -4
2736600 -4.23977 -4
2736700 -4.07972 -4
2736800 -4.21403 -4
2736900 -4.07336 -4
2737000 -3.9325 -4
2737100 -3.84904 -4
2737200 -3.82399 -4
2737300 -4.10406 -4
2737400 -4.44695 -4
2737500 -4.42655 -4
2737600 -3.94816 -4
2737700 -3.63336 -4
2737800 -3.74646 -4
2737900 -3.9655 -4
2738000 -3.94553 -4
2738100 -3.81158 -4
2738200 -3.74391 -4
2738300 -3.92539 -4
2738400 -4.32467 -4
2738500 -4.70437 -4
2738600 -4.83612 -4
2738700 -4.93107 -4
2738800 -4.7647 -4
2738900 -4.36952 -4
2739000 -3.7715 -4
2739100 -3.26962 -4
2739200 -3.26159 -4
2739300 -3.67919 -4
2739400 -3.96902 -4
2739500 -4.10957 -4
2739600 -4.14824 -4
2739700 -4.18406 -4
2739800 -3.99622 -4
2739900 -3.81301 -4
2740000 -3.60882 -4
2740100 -3.46501 -4
2740200 -3.54484 -4
2740300 -3.9587 -4
2740400 -4.29886 -4
2740500 -4.17991 -4
2740600 -3.81415 -4
2740700 -3.46808 -4
2740800 -3.33057 -4
2740900 -3.35963 -4
2741000 -3.76243 -4
2741100 -4.30623 -4
2741200 -4.61322 -4
2741300 -4.81471 -4
2741400 -4.58124 -4
2741500 -4.13913 -4
2741600 -3.68051 -4
2741700 -3.69581 -4
2741800 -3.83844 -4
2741900 -4.00769 -4
2742000 -4.16738 -4
2742100 -4.11169 -4
2742200 -4.12824 -4
2742300 -4.27791 -4
2742400 -4.45007 -4
2742500 -4.35684 -4
2742600 -3.66422 -4
2742700 -3.12688 -4
2742800 -3.1484 -4
2742900 -3.50874 -4
2743000 -3.55234 -4
2743100 -3.65641 -4
2743200 -4.21743 -4
2743300 -4.85183 -4
2743400 -4.95156 -4
2743500 -4.54978 -4
2743600 -4.07426 -4
2743700 -3.5206 -4
2743800 -3.35712 -4
2743900 -3.7811 -4
2744000 -4.34725 -4
2744100 -4.75677 -4
2744200 -4.60091 -4
2744300 -4.36625 -4
2744400 -4.24736 -4
2744500 -4.25223 -4
2744600 -4.20074 -4
2744700 -4.48446 -4
2744800 -4.65441 -4
2744900 -4.32651 -4
2745000 -3.87805 -4
2745100 -3.6807 -4
2745200 -3.86679 -4
2745300 -4.0635 -4
2745400 -4.29815 -4
2745500 -4.37279 -4
2745600 -4.29054 -4
2745700 -4.1401 -4
2745800 -4.46098 -4
2745900 -4.55416 -4
2746000 -4.32445 -4
2746100 -3.76208 -4
2746200 -3.04307 -4
2746300 -3.03961 -4
2746400 -3.46861 -4
2746500 -4.11572 -4
2746600 -4.65137 -4
2746700 -4.78576 -4
2746800 -4.34762 -4
2746900 -3.81518 -4
2747000 -3.43117 -4
2747100 -3.61018 -4
2747200 -3.97777 -4
2747300 -4.28123 -4
2747400 -4.35815 -4
2747500 -4.24563 -4
2747600 -4.28787 -4
2747700 -4.15582 -4
2747800 -3.89664 -4
2747900 -3.68148 -4
2748000 -3.78222 -4
2748100 -3.81843 -4
2748200 -3.87376 -4
2748300 -4.14398 -4
2748400 -4.41892 -4
2748500 -4.64989 -4
2748600 -4.54679 -4
2748700 -4.17415 -4
2748800 -4.07132 -4
2748900 -4.0883 -4
2749000 -4.11837 -4
2749100 -4.06642 -4
2749200 -4.38544 -4
2749300 -4.61056 -4
2749400 -4.54219 -4
2749500 -3.98631 -4
2749600 -3.42456 -4
2749700 -3.28675 -4
2749800 -3.37513 -4
2749900 -3.72674 -4
2750000 -4.12309 -4
2750100 -4.26962 -4
2750200 -4.31827 -4
2750300 -4.08915 -4
2750400 -3.73996 -4
2750500 -3.73567 -4
2750600 -3.8456 -4
2750700 -3.9444 -4
2750800 -4.16359 -4
2750900 -4.02606 -4
2751000 -3.5947 -4
2751100 -3.48733 -4
2751200 -3.69931 -4
2751300 -3.93488 -4
2751400 -4.0531 -4
2751500 -3.94144 -4
2751600 -3.91246 -4
2751700 -3.91318 -4
2751800 -4.01886 -4
2751900 -4.34774 -4
2752000 -4.40224 -4
2752100 -4.18575 -4
2752200 -3.70832 -4
2752300 -3.63229 -4
2752400 -3.89841 -4
2752500 -3.97892 -4
2752600 -4.16187 -4
2752700 -4.47772 -4
2752800 -4.53375 -4
2752900 -4.19399 -4
2753000 -3.83465 -4
2753100 -3.51456 -4
2753200 -3.45184 -4
2753300 -3.7492 -4
2753400 -3.97851 -4
2753500 -4.20253 -4
2753600 -4.15946 -4
2753700 -4.09666 -4
2753800 -4.10801 -4
2753900 -4.24463 -4
2754000 -4.13342 -4
2754100 -3.7406 -4
2754200 -3.29525 -4
2754300 -3.43637 -4
2754400 -4.09225 -4
2754500 -4.42167 -4
2754600 -4.37072 -4
2754700 -4.10346 -4
2754800 -3.47713 -4
2754900 -3.10088 -4
2755000 -3.20398 -4
2755100 -3.46703 -4
2755200 -4.01598 -4
2755300 -4.5819 -4
2755400 -4.82427 -4
2755500 -4.83278 -4
2755600 -4.41214 -4
2755700 -3.75179 -4
2755800 -3.45643 -4
2755900 -3.7082 -4
2756000 -4.22365 -4
2756100 -4.63024 -4
2756200 -4.72838 -4
2756300 -4.72633 -4
2756400 -4.55569 -4
2756500 -3.93224 -4
2756600 -3.46047 -4
2756700 -3.28272 -4
2756800 -3.44355 -4
2756900 -3.8766 -4
2757000 -4.07013 -4
2757100 -4.2299 -4
2757200 -4.09902 -4
2757300 -3.96282 -4
2757400 -3.93367 -4
2757500 -4.00239 -4
2757600 -4.28077 -4
2757700 -4.47498 -4
2757800 -4.23696 -4
2757900 -3.88239 -4
2758000 -3.7937 -4
2758100 -3.79996 -4
2758200 -3.85787 -4
2758300 -3.88008 -4
2758400 -3.82927 -4
2758500 -3.61283 -4
2758600 -3.14352 -4
2758700 -3.02616 -4
2758800 -3.49759 -4
2758900 -4.05348 -4
2759000 -4.49395 -4
2759100 -4.41594 -4
2759200 -4.02305 -4
2759300 -3.53538 -4
2759400 -3.30452 -4
2759500 -3.37294 -4
2759600 -3.63402 -4
2759700 -3.794 -4
2759800 -4.31125 -4
2759900 -4.61372 -4
2760000 -4.38052 -4
2760100 -4.06684 -4
2760200 -3.96827 -4
2760300 -3.71032 -4
2760400 -3.28396 -4
2760500 -3.25401 -4
2760600 -3.68031 -4
2760700 -4.19645 -4
2760800 -4.48185 -4
2760900 -4.51303 -4
2761000 -4.23994 -4
2761100 -3.67008 -4
2761200 -3.27974 -4
2761300 -3.3924 -4
2761400 -3.67842 -4
2761500 -4.07898 -4
2761600 -4.60653 -4
2761700 -4.4745 -4
2761800 -3.93227 -4
2761900 -3.45737 -4
2762000 -3.46632 -4
2762100 -3.66861 -4
2762200 -4.05653 -4
2762300 -4.31377 -4
2762400 -3.96028 -4
2762500 -3.75552 -4
2762600 -3.98523 -4
2762700 -4.19018 -4
2762800 -3.94709 -4
2762900 -3.73396 -4
2763000 -3.67826 -4
2763100 -4.01847 -4
2763200 -4.20346 -4
2763300 -4.33578 -4
2763400 -4.32002 -4
2763500 -3.96138 -4
2763600 -3.44263 -4
2763700 -3.18085 -4
2763800 -3.59082 -4
2763900 -4.07892 -4
2764000 -4.133 -4
2764100 -4.22605 -4
2764200 -4.22869 -4
2764300 -3.70293 -4
2764400 -3.13585 -4
2764500 -3.19776 -4
2764600 -3.78064 -4
2764700 -4.04868 -4
2764800 -4.1472 -4
2764900 -4.14234 -4
2765000 -3.86766 -4
2765100 -3.45693 -4
2765200 -3.26185 -4
2765300 -3.77934 -4
2765400 -4.23693 -4
2765500 -4.52873 -4
2765600 -4.42764 -4
2765700 -4.1364 -4
2765800 -4.27434 -4
2765900 -4.34783 -4
2766000 -4.49391 -4
2766100 -4.55898 -4
2766200 -4.47281 -4
2766300 -4.41963 -4
2766400 -4.2896 -4
2766500 -3.93921 -4
2766600 -3.53762 -4
2766700 -3.24671 -4
2766800 -3.32141 -4
2766900 -3.77981 -4
2767000 -4.18817 -4
2767100 -4.4978 -4
2767200 -4.50175 -4
2767300 -4.05593 -4
2767400 -3.68546 -4
2767500 -3.67068 -4
2767600 -3.73069 -4
2767700 -3.89924 -4
2767800 -3.87459 -4
2767900 -4.00997 -4
2768000 -4.20576 -4
2768100 -4.12317 -4
2768200 -3.90345 -4
2768300 -3.87071 -4
2768400 -3.65586 -4
2768500 -3.57175 -4
2768600 -3.60352 -4
2768700 -3.75553 -4
2768800 -3.96686 -4
2768900 -4.17022 -4
2769000 -4.27902 -4
2769100 -4.24061 -4
2769200 -4.1596 -4
2769300 -3.96249 -4
2769400 -3.60119 -4
2769500 -3.63946 -4
2769600 -3.54327 -4
2769700 -3.52769 -4
2769800 -3.74087 -4
2769900 -4.00647 -4
2770000 -4.1109 -4
2770100 -4.15565 -4
2770200 -4.34586 -4
2770300 -4.48458 -4
2770400 -4.29282 -4
2770500 -3.93537 -4
2770600 -3.67235 -4
2770700 -3.64013 -4
2770800 -3.77161 -4
2770900 -4.13922 -4
2771000 -4.40134 -4
2771100 -4.31392 -4
2771200 -4.0601 -4
2771300 -3.93762 -4
2771400 -3.87739 -4
2771500 -3.83068 -4
2771600 -3.89678 -4
2771700 -4.13142 -4
2771800 -4.16034 -4
2771900 -4.11554 -4
2772000 -3.59648 -4
2772100 -3.13274 -4
2772200 -2.88877 -4
2772300 -3.17167 -4
2772400 -3.90887 -4
2772500 -4.7677 -4
2772600 -5.43349 -4
2772700 -5.61714 -4
2772800 -5.19066 -4
2772900 -4.60525 -4
2773000 -4.08221 -4
2773100 -3.56207 -4
2773200 -3.58825 -4
2773300 -4.0065 -4
2773400 -4.13201 -4
2773500 -3.84041 -4
2773600 -3.52361 -4
2773700 -3.43058 -4
2773800 -3.78109 -4
2773900 -4.21192 -4
2774000 -4.5324 -4
2774100 -4.73866 -4
2774200 -4.48925 -4
2774300 -4.13927 -4
2774400 -3.95798 -4
2774500 -3.93095 -4
2774600 -3.87387 -4
2774700 -3.91502 -4
2774800 -3.85436 -4
2774900 -3.76493 -4
2775000 -3.60689 -4
2775100 -3.40197 -4
2775200 -3.46162 -4
2775300 -3.97256 -4
2775400 -4.344 -4
2775500 -4.5401 -4
2775600 -4.296 -4
2775700 -3.82411 -4
2775800 -3.56775 -4
2775900 -3.95085 -4
2776000 -4.38028 -4
2776100 -4.53071 -4
2776200 -4.2327 -4
2776300 -3.88841 -4
2776400 -3.54883 -4
2776500 -3.47643 -4
2776600 -3.70701 -4
2776700 -3.84297 -4
2776800 -4.00888 -4
2776900 -4.06022 -4
2777000 -3.90872 -4
2777100 -3.93804 -4
2777200 -4.08604 -4
2777300 -4.25998 -4
2777400 -4.44422 -4
2777500 -4.36124 -4
2777600 -4.07164 -4
2777700 -3.88627 -4
2777800 -3.83057 -4
2777900 -4.31492 -4
2778000 -4.96673 -4
2778100 -5.0863 -4
2778200 -4.69137 -4
2778300 -3.83867 -4
2778400 -3.33808 -4
2778500 -3.55098 -4
2778600 -3.84831 -4
2778700 -4.05932 -4
2778800 -4.3232 -4
2778900 -4.32387 -4
2779000 -4.22607 -4
2779100 -4.02217 -4
2779200 -3.7541 -4
2779300 -3.53655 -4
2779400 -3.56558 -4
2779500 -3.77705 -4
2779600 -4.20966 -4
2779700 -4.25635 -4
2779800 -4.14365 -4
2779900 -3.94107 -4
2780000 -3.88232 -4
2780100 -3.85296 -4
2780200 -3.74201 -4
2780300 -3.77815 -4
2780400 -4.13971 -4
2780500 -4.25973 -4
2780600 -3.97158 -4
2780700 -3.71208 -4
2780800 -3.7154 -4
2780900 -3.78999 -4
2781000 -3.84126 -4
2781100 -3.8237 -4
2781200 -3.943 -4
2781300 -4.0865 -4
2781400 -4.1407 -4
2781500 -4.05833 -4
2781600 -4.10914 -4
2781700 -4.58157 -4
2781800 -4.78536 -4
2781900 -4.62271 -4
2782000 -3.95235 -4
2782100 -3.55147 -4
2782200 -3.4846 -4
2782300 -3.50186 -4
2782400 -3.6412 -4
2782500 -3.78756 -4
2782600 -4.06568 -4
2782700 -4.4559 -4
2782800 -4.62368 -4
2782900 -4.29635 -4
2783000 -3.82499 -4
2783100 -3.44416 -4
2783200 -3.40122 -4
2783300 -3.68128 -4
2783400 -4.04332 -4
2783500 -4.58775 -4
2783600 -4.63288 -4
2783700 -4.31344 -4
2783800 -4.00446 -4
2783900 -3.98694 -4
2784000 -3.92957 -4
2784100 -3.68266 -4
2784200 -3.56141 -4
2784300 -3.49401 -4
2784400 -3.50432 -4
2784500 -3.97764 -4
2784600 -4.66313 -4
2784700 -4.82866 -4
2784800 -4.72016 -4
2784900 -4.2634 -4
2785000 -3.90429 -4
2785100 -3.86753 -4
2785200 -3.80885 -4
2785300 -3.76316 -4
2785400 -3.99803 -4
2785500 -4.17906 -4
2785600 -4.1419 -4
2785700 -3.85122 -4
2785800 -3.55453 -4
2785900 -3.76584 -4
2786000 -4.11409 -4
2786100 -4.57514 -4
2786200 -4.74658 -4
2786300 -4.61982 -4
2786400 -4.18506 -4
2786500 -4.07411 -4
2786600 -4.04414 -4
2786700 -3.93726 -4
2786800 -3.65672 -4
2786900 -3.17668 -4
2787000 -3.0296 -4
2787100 -3.22026 -4
2787200 -3.73965 -4
2787300 -4.25762 -4
2787400 -4.48025 -4
2787500 -4.28614 -4
2787600 -4.04883 -4
2787700 -3.79527 -4
2787800 -3.54595 -4
2787900 -3.57042 -4
2788000 -3.95332 -4
2788100 -4.19235 -4
2788200 -4.38829 -4
2788300 -4.5222 -4
2788400 -4.51631 -4
2788500 -4.24068 -4
2788600 -4.12976 -4
2788700 -3.85217 -4
2788800 -3.69174 -4
2788900 -3.78691 -4
2789000 -4.23538 -4
2789100 -4.59472 -4
2789200 -4.60535 -4
2789300 -4.52547 -4
2789400 -4.36952 -4
2789500 -4.0123 -4
2789600 -3.42316 -4
2789700 -3.54969 -4
2789800 -3.96426 -4
2789900 -4.31616 -4
2790000 -4.33671 -4
2790100 -4.07442 -4
2790200 -3.71346 -4
2790300 -3.47158 -4
2790400 -3.66954 -4
2790500 -4.05027 -4
2790600 -4.1586 -4
2790700 -4.05585 -4
2790800 -3.84422 -4
2790900 -3.66974 -4
2791000 -3.62649 -4
2791100 -3.99081 -4
2791200 -4.36552 -4
2791300 -4.34115 -4
2791400 -4.22911 -4
2791500 -4.31883 -4
2791600 -4.36106 -4
2791700 -4.29662 -4
2791800 -4.15229 -4
2791900 -3.86337 -4
2792000 -3.47672 -4
2792100 -3.45484 -4
2792200 -3.93661 -4
2792300 -4.61428 -4
2792400 -4.87941 -4
2792500 -4.39926 -4
2792600 -3.78738 -4
2792700 -3.26229 -4
2792800 -3.20198 -4
2792900 -3.66941 -4
2793000 -4.24702 -4
2793100 -4.58268 -4
2793200 -4.30433 -4
2793300 -3.96514 -4
2793400 -3.93767 -4
2793500 -3.74746 -4
2793600 -3.84228 -4
2793700 -3.84587 -4
2793800 -3.89019 -4
2793900 -4.09856 -4
2794000 -4.48718 -4
2794100 -4.66694 -4
2794200 -4.58103 -4
2794300 -4.39485 -4
2794400 -4.08484 -4
2794500 -3.90473 -4
2794600 -3.87311 -4
2794700 -3.75349 -4
2794800 -3.72683 -4
2794900 -3.84191 -4
2795000 -4.06891 -4
2795100 -4.30057 -4
2795200 -4.32041 -4
2795300 -4.28462 -4
2795400 -4.18894 -4
2795500 -4.08644 -4
2795600 -3.78352 -4
2795700 -3.28254 -4
2795800 -3.24829 -4
2795900 -3.67534 -4
2796000 -4.10076 -4
2796100 -4.28599 -4
2796200 -4.26034 -4
2796300 -4.39565 -4
2796400 -4.34314 -4
2796500 -3.98519 -4
2796600 -3.51147 -4
2796700 -3.13633 -4
2796800 -3.40281 -4
2796900 -3.93503 -4
2797000 -4.41552 -4
2797100 -4.58076 -4
2797200 -4.39117 -4
2797300 -4.2912 -4
2797400 -4.32436 -4
2797500 -4.27907 -4
2797600 -3.74656 -4
2797700 -3.40878 -4
2797800 -3.50388 -4
2797900 -3.89377 -4
2798000 -4.16751 -4
2798100 -4.05841 -4
2798200 -3.95852 -4
2798300 -3.8324 -4
2798400 -3.72533 -4
2798500 -3.6304 -4
2798600 -3.57948 -4
2798700 -3.60759 -4
2798800 -3.77461 -4
2798900 -3.97798 -4
2799000 -3.97293 -4
2799100 -4.07962 -4
2799200 -4.17074 -4
2799300 -3.76817 -4
2799400 -3.44334 -4
2799500 -3.45444 -4
2799600 -3.79478 -4
2799700 -3.92881 -4
2799800 -4.14122 -4
2799900 -4.25865 -4
2800000 -4.17262 -4
2800100 -4.125 -4
2800200 -4.00537 -4
2800300 -4.09311 -4
2800400 -4.33011 -4
2800500 -4.16179 -4
2800600 -3.8244 -4
2800700 -3.55756 -4
2800800 -3.57137 -4
2800900 -3.86795 -4
2801000 -4.31603 -4
2801100 -4.54659 -4
2801200 -4.77315 -4
2801300 -4.60127 -4
2801400 -4.36904 -4
2801500 -4.23754 -4
2801600 -4.07831 -4
2801700 -3.71896 -4
2801800 -3.34307 -4
2801900 -3.29179 -4
2802000 -3.40689 -4
2802100 -3.6929 -4
2802200 -4.04359 -4
2802300 -4.27072 -4
2802400 -4.38887 -4
2802500 -4.45738 -4
2802600 -4.29035 -4
2802700 -4.26914 -4
2802800 -4.43023 -4
2802900 -4.40037 -4
2803000 -4.40701 -4
2803100 -4.25025 -4
2803200 -3.9708 -4
2803300 -3.75491 -4
2803400 -3.4945 -4
2803500 -3.3676 -4
2803600 -3.53759 -4
2803700 -3.83418 -4
2803800 -4.19083 -4
2803900 -4.13823 -4
2804000 -4.02771 -4
2804100 -3.84246 -4
2804200 -3.78174 -4
2804300 -4.01797 -4
2804400 -4.13407 -4
2804500 -4.05898 -4
2804600 -4.11672 -4
2804700 -4.12016 -4
2804800 -3.85048 -4
2804900 -3.78423 -4
2805000 -4.18375 -4
2805100 -4.58253 -4
2805200 -4.7873 -4
2805300 -4.62927 -4
2805400 -4.28308 -4
2805500 -3.84747 -4
2805600 -3.70204 -4
2805700 -4.23037 -4
2805800 -4.58828 -4
2805900 -4.38808 -4
2806000 -3.91308 -4
2806100 -3.55377 -4
2806200 -3.59167 -4
2806300 -3.99658 -4
2806400 -4.48632 -4
2806500 -4.70057 -4
2806600 -4.39191 -4
2806700 -3.83798 -4
2806800 -3.46397 -4
2806900 -3.26863 -4
2807000 -3.73999 -4
2807100 -4.5276 -4
2807200 -4.95529 -4
2807300 -4.88628 -4
2807400 -4.25046 -4
2807500 -3.52957 -4
2807600 -3.07569 -4
2807700 -3.27197 -4
2807800 -3.85803 -4
2807900 -4.20652 -4
2808000 -4.11369 -4
2808100 -4.24298 -4
2808200 -4.00175 -4
2808300 -3.61133 -4
2808400 -3.25379 -4
2808500 -3.46053 -4
2808600 -3.77662 -4
2808700 -3.81976 -4
2808800 -3.84156 -4
2808900 -3.73686 -4
2809000 -3.59019 -4
2809100 -3.99567 -4
2809200 -4.40893 -4
2809300 -4.6257 -4
2809400 -4.30097 -4
2809500 -4.03474 -4
2809600 -3.94439 -4
2809700 -3.95301 -4
2809800 -4.11284 -4
2809900 -4.07323 -4
2810000 -3.80144 -4
