# Time-averaged data for fix myat1
# TimeStep v_xave v_xdes
10410100 46.1873 46
10410200 46.0858 46
10410300 45.9848 46
10410400 45.9129 46
10410500 46.1764 46
10410600 46.4385 46
10410700 46.588 46
10410800 46.5998 46
10410900 46.4142 46
10411000 45.7808 46
10411100 45.3206 46
10411200 45.1073 46
10411300 44.8185 46
10411400 45.0083 46
10411500 45.6719 46
10411600 46.0732 46
10411700 46.1223 46
10411800 46.2286 46
10411900 46.2916 46
10412000 46.2873 46
10412100 46.0449 46
10412200 45.9466 46
10412300 45.9101 46
10412400 45.9699 46
10412500 46.1511 46
10412600 46.4744 46
10412700 46.5288 46
10412800 46.5523 46
10412900 46.4681 46
10413000 46.325 46
10413100 46.0412 46
10413200 45.8338 46
10413300 45.7154 46
10413400 45.8153 46
10413500 46.1267 46
10413600 46.327 46
10413700 46.204 46
10413800 46.0494 46
10413900 46.0617 46
10414000 46.0436 46
10414100 45.9915 46
10414200 45.8614 46
10414300 45.931 46
10414400 46.015 46
10414500 46.0269 46
10414600 45.9378 46
10414700 45.8988 46
10414800 45.9826 46
10414900 45.9861 46
10415000 46.3086 46
10415100 46.806 46
10415200 46.943 46
10415300 46.7267 46
10415400 46.122 46
10415500 45.3621 46
10415600 45.0348 46
10415700 45.0533 46
10415800 45.4489 46
10415900 46.0735 46
10416000 46.4561 46
10416100 46.4388 46
10416200 46.4333 46
10416300 46.3522 46
10416400 46.1493 46
10416500 46.1159 46
10416600 45.8876 46
10416700 45.7376 46
10416800 45.7485 46
10416900 46.0178 46
10417000 46.2186 46
10417100 46.252 46
10417200 46.3223 46
10417300 46.1587 46
10417400 45.8951 46
10417500 45.5829 46
10417600 45.3714 46
10417700 45.1649 46
10417800 45.0154 46
10417900 45.3661 46
10418000 45.8939 46
10418100 46.3069 46
10418200 46.6965 46
10418300 46.9344 46
10418400 47.0548 46
10418500 47.1449 46
10418600 46.9124 46
10418700 46.2611 46
10418800 45.541 46
10418900 45.1878 46
10419000 45.0049 46
10419100 45.1161 46
10419200 45.5459 46
10419300 46.0229 46
10419400 46.4529 46
10419500 46.6319 46
10419600 46.2122 46
10419700 45.7995 46
10419800 45.5886 46
10419900 45.4452 46
10420000 45.1871 46
10420100 45.35 46
10420200 45.5781 46
10420300 45.6172 46
10420400 45.723 46
10420500 45.7521 46
10420600 45.8461 46
10420700 45.589 46
10420800 45.3466 46
10420900 45.4119 46
10421000 45.7821 46
10421100 46.5178 46
10421200 47.0013 46
10421300 46.9247 46
10421400 46.563 46
10421500 46.1344 46
10421600 45.8763 46
10421700 45.7203 46
10421800 45.7524 46
10421900 45.8175 46
10422000 45.8448 46
10422100 45.9532 46
10422200 46.0318 46
10422300 45.8187 46
10422400 45.536 46
10422500 45.5292 46
10422600 45.7994 46
10422700 46.0088 46
10422800 46.2685 46
10422900 46.0465 46
10423000 45.5855 46
10423100 45.4113 46
10423200 45.6722 46
10423300 46.0512 46
10423400 46.5051 46
10423500 46.9686 46
10423600 47.0748 46
10423700 46.998 46
10423800 46.5881 46
10423900 45.6251 46
10424000 44.7596 46
10424100 44.4927 46
10424200 44.6458 46
10424300 45.1805 46
10424400 45.8294 46
10424500 46.5947 46
10424600 47.1893 46
10424700 47.5061 46
10424800 47.1688 46
10424900 46.5062 46
10425000 45.8977 46
10425100 45.4005 46
10425200 45.193 46
10425300 45.2117 46
10425400 45.5268 46
10425500 45.9675 46
10425600 46.2143 46
10425700 46.3215 46
10425800 46.151 46
10425900 45.7915 46
10426000 45.4126 46
10426100 45.1302 46
10426200 45.1125 46
10426300 45.4935 46
10426400 45.7944 46
10426500 46.0844 46
10426600 46.517 46
10426700 46.7593 46
10426800 46.9577 46
10426900 46.6679 46
10427000 45.9446 46
10427100 45.546 46
10427200 45.2547 46
10427300 45.2046 46
10427400 45.3137 46
10427500 45.6458 46
10427600 46.1033 46
10427700 46.4274 46
10427800 46.3957 46
10427900 46.6133 46
10428000 46.6373 46
10428100 46.523 46
10428200 46.27 46
10428300 45.8878 46
10428400 45.528 46
10428500 45.3855 46
10428600 45.5721 46
10428700 45.8907 46
10428800 46.088 46
10428900 46.1312 46
10429000 46.0967 46
10429100 46.017 46
10429200 45.9081 46
10429300 45.9936 46
10429400 46.1652 46
10429500 46.036 46
10429600 46.0592 46
10429700 46.0035 46
10429800 45.8263 46
10429900 45.6129 46
10430000 45.5564 46
10430100 45.5401 46
10430200 45.5714 46
10430300 45.595 46
10430400 45.6038 46
10430500 45.8043 46
10430600 46.0479 46
10430700 46.0089 46
10430800 45.9085 46
10430900 45.8543 46
10431000 45.8976 46
10431100 45.9268 46
10431200 45.7992 46
10431300 45.8237 46
10431400 45.7045 46
10431500 45.4197 46
10431600 45.4355 46
10431700 45.7558 46
10431800 46.1617 46
10431900 46.4235 46
10432000 46.7394 46
10432100 46.9459 46
10432200 46.907 46
10432300 46.6976 46
10432400 46.568 46
10432500 46.3358 46
10432600 45.8733 46
10432700 45.6008 46
10432800 45.4317 46
10432900 45.1167 46
10433000 45.0353 46
10433100 45.1964 46
10433200 45.6516 46
10433300 46.3121 46
10433400 46.9851 46
10433500 47.0607 46
10433600 46.463 46
10433700 45.8276 46
10433800 45.5467 46
10433900 45.5196 46
10434000 45.5866 46
10434100 45.8251 46
10434200 45.8155 46
10434300 45.753 46
10434400 45.5407 46
10434500 45.4624 46
10434600 45.7334 46
10434700 46.095 46
10434800 46.365 46
10434900 46.5664 46
10435000 46.7844 46
10435100 46.4848 46
10435200 45.8914 46
10435300 45.753 46
10435400 46.1118 46
10435500 46.6404 46
10435600 46.9238 46
10435700 46.7877 46
10435800 46.1808 46
10435900 45.6798 46
10436000 45.2378 46
10436100 45.0933 46
10436200 45.2403 46
10436300 45.5043 46
10436400 45.9205 46
10436500 46.1614 46
10436600 46.0655 46
10436700 45.8437 46
10436800 45.7511 46
10436900 45.6322 46
10437000 45.3523 46
10437100 45.3739 46
10437200 45.897 46
10437300 46.2963 46
10437400 46.2721 46
10437500 46.3553 46
10437600 46.6715 46
10437700 47.1449 46
10437800 47.0144 46
10437900 46.4478 46
10438000 45.7568 46
10438100 45.2843 46
10438200 44.9968 46
10438300 45.0766 46
10438400 45.5511 46
10438500 46.2687 46
10438600 46.6051 46
10438700 46.5502 46
10438800 46.3137 46
10438900 46.2748 46
10439000 46.3763 46
10439100 46.4529 46
10439200 46.607 46
10439300 46.4302 46
10439400 46.1121 46
10439500 46.0656 46
10439600 46.2792 46
10439700 46.4622 46
10439800 46.4707 46
10439900 46.4511 46
10440000 46.3442 46
10440100 45.9931 46
10440200 45.508 46
10440300 45.1576 46
10440400 45.2468 46
10440500 45.2792 46
10440600 45.4641 46
10440700 45.9905 46
10440800 46.2525 46
10440900 46.3463 46
10441000 46.1408 46
10441100 45.7354 46
10441200 45.4142 46
10441300 45.6057 46
10441400 45.9713 46
10441500 46.124 46
10441600 46.2469 46
10441700 46.3784 46
10441800 46.6704 46
10441900 46.9186 46
10442000 46.8443 46
10442100 46.3192 46
10442200 45.7697 46
10442300 45.1722 46
10442400 44.7703 46
10442500 44.7283 46
10442600 45.1131 46
10442700 45.762 46
10442800 46.3409 46
10442900 46.822 46
10443000 47.0254 46
10443100 46.9635 46
10443200 46.7285 46
10443300 46.5028 46
10443400 46.0501 46
10443500 45.6696 46
10443600 45.5834 46
10443700 45.5032 46
10443800 45.8832 46
10443900 46.3561 46
10444000 46.6024 46
10444100 46.6395 46
10444200 46.4503 46
10444300 46.0307 46
10444400 45.7576 46
10444500 45.6058 46
10444600 45.4655 46
10444700 45.7192 46
10444800 46.336 46
10444900 46.6508 46
10445000 46.4043 46
10445100 45.8182 46
10445200 45.3521 46
10445300 45.177 46
10445400 45.5967 46
10445500 45.6454 46
10445600 45.7286 46
10445700 45.7233 46
10445800 45.6186 46
10445900 45.4861 46
10446000 45.4466 46
10446100 45.583 46
10446200 45.8855 46
10446300 45.8383 46
10446400 45.8031 46
10446500 45.8115 46
10446600 45.9449 46
10446700 46.2561 46
10446800 46.1549 46
10446900 46.0967 46
10447000 46.007 46
10447100 45.666 46
10447200 45.4668 46
10447300 45.2561 46
10447400 44.8638 46
10447500 44.7089 46
10447600 44.9717 46
10447700 45.6391 46
10447800 46.3422 46
10447900 46.8184 46
10448000 47.0427 46
10448100 46.8772 46
10448200 46.6519 46
10448300 46.4446 46
10448400 46.0432 46
10448500 45.8064 46
10448600 45.6283 46
10448700 45.5545 46
10448800 45.9381 46
10448900 46.3117 46
10449000 46.6203 46
10449100 46.7567 46
10449200 46.6974 46
10449300 46.2672 46
10449400 45.7528 46
10449500 45.4659 46
10449600 45.3334 46
10449700 45.369 46
10449800 45.3312 46
10449900 45.4398 46
10450000 45.6097 46
10450100 45.9305 46
10450200 46.1151 46
10450300 45.981 46
10450400 45.71 46
10450500 45.7415 46
10450600 45.7994 46
10450700 45.9384 46
10450800 45.9572 46
10450900 46.1607 46
10451000 46.5091 46
10451100 46.6355 46
10451200 46.8996 46
10451300 47.1876 46
10451400 47.0385 46
10451500 46.5591 46
10451600 45.9159 46
10451700 45.1327 46
10451800 44.8562 46
10451900 45.1635 46
10452000 45.3666 46
10452100 45.4473 46
10452200 45.7644 46
10452300 46.1713 46
10452400 46.3428 46
10452500 46.4599 46
10452600 46.2033 46
10452700 45.9132 46
10452800 45.8272 46
10452900 45.755 46
10453000 45.6165 46
10453100 45.7809 46
10453200 46.1395 46
10453300 46.2926 46
10453400 46.3978 46
10453500 46.5917 46
10453600 46.5778 46
10453700 46.4831 46
10453800 46.3602 46
10453900 46.3473 46
10454000 46.2303 46
10454100 46.2692 46
10454200 46.4922 46
10454300 46.6094 46
10454400 46.466 46
10454500 46.2402 46
10454600 46.0405 46
10454700 46.1224 46
10454800 46.1747 46
10454900 46.0262 46
10455000 45.835 46
10455100 45.7005 46
10455200 45.7101 46
10455300 45.6827 46
10455400 45.788 46
10455500 45.9614 46
10455600 46.1002 46
10455700 46.3742 46
10455800 46.3341 46
10455900 46.0563 46
10456000 45.616 46
10456100 45.28 46
10456200 45.2555 46
10456300 45.4931 46
10456400 45.5962 46
10456500 45.6835 46
10456600 46.125 46
10456700 46.4549 46
10456800 46.7101 46
10456900 46.9242 46
10457000 47.0272 46
10457100 47.0033 46
10457200 46.7633 46
10457300 46.1436 46
10457400 45.763 46
10457500 45.7722 46
10457600 45.8674 46
10457700 46.2735 46
10457800 46.6118 46
10457900 46.7078 46
10458000 46.598 46
10458100 46.2855 46
10458200 45.9163 46
10458300 45.5719 46
10458400 45.7187 46
10458500 46.0397 46
10458600 46.281 46
10458700 46.3351 46
10458800 46.2792 46
10458900 46.2203 46
10459000 46.1744 46
10459100 46.2351 46
10459200 46.1141 46
10459300 45.7203 46
10459400 45.784 46
10459500 45.9928 46
10459600 45.9066 46
10459700 45.6786 46
10459800 45.6303 46
10459900 45.7054 46
10460000 45.8921 46
10460100 46.0185 46
10460200 46.0981 46
10460300 45.8675 46
10460400 45.8436 46
10460500 45.7751 46
10460600 46.0099 46
10460700 46.4568 46
10460800 46.5898 46
10460900 46.1477 46
10461000 45.7518 46
10461100 45.6213 46
10461200 45.9667 46
10461300 46.2977 46
10461400 46.356 46
10461500 46.3255 46
10461600 46.229 46
10461700 46.1885 46
10461800 46.2608 46
10461900 46.3235 46
10462000 46.2007 46
10462100 45.9416 46
10462200 45.6717 46
10462300 45.8195 46
10462400 46.116 46
10462500 46.2489 46
10462600 46.1902 46
10462700 46.082 46
10462800 46.036 46
10462900 46.0536 46
10463000 45.949 46
10463100 45.6305 46
10463200 45.6774 46
10463300 46.0419 46
10463400 46.2088 46
10463500 46.1717 46
10463600 45.7559 46
10463700 45.5061 46
10463800 45.7114 46
10463900 45.9413 46
10464000 46.2425 46
10464100 46.418 46
10464200 46.4615 46
10464300 46.3543 46
10464400 45.859 46
10464500 45.2995 46
10464600 44.8028 46
10464700 44.6732 46
10464800 44.9666 46
10464900 45.4257 46
10465000 45.9045 46
10465100 46.1374 46
10465200 46.3611 46
10465300 46.3095 46
10465400 45.9725 46
10465500 45.7574 46
10465600 45.5494 46
10465700 45.6466 46
10465800 46.1155 46
10465900 46.4148 46
10466000 46.2828 46
10466100 46.0427 46
10466200 45.7292 46
10466300 45.6835 46
10466400 45.7324 46
10466500 45.9954 46
10466600 46.3422 46
10466700 46.5857 46
10466800 46.5845 46
10466900 46.3287 46
10467000 45.9292 46
10467100 45.7347 46
10467200 45.6937 46
10467300 45.5693 46
10467400 45.5049 46
10467500 45.4694 46
10467600 45.7206 46
10467700 46.0599 46
10467800 46.127 46
10467900 46.1061 46
10468000 46.1788 46
10468100 46.2788 46
10468200 46.219 46
10468300 45.9414 46
10468400 45.4966 46
10468500 45.2768 46
10468600 45.5228 46
10468700 45.7492 46
10468800 46.0102 46
10468900 46.2949 46
10469000 46.2084 46
10469100 45.7947 46
10469200 45.5483 46
10469300 45.5081 46
10469400 45.7418 46
10469500 45.998 46
10469600 46.0309 46
10469700 45.9536 46
10469800 46.1018 46
10469900 45.9683 46
10470000 45.8666 46
10470100 45.7247 46
10470200 45.7212 46
10470300 45.5794 46
10470400 45.5945 46
10470500 45.7033 46
10470600 45.7182 46
10470700 45.8732 46
10470800 46.5757 46
10470900 47.2595 46
10471000 47.508 46
10471100 47.2517 46
10471200 46.8121 46
10471300 46.2829 46
10471400 45.771 46
10471500 45.5347 46
10471600 45.5651 46
10471700 45.5259 46
10471800 45.6455 46
10471900 45.9485 46
10472000 46.116 46
10472100 46.0007 46
10472200 45.9349 46
10472300 45.8384 46
10472400 45.9134 46
10472500 45.7494 46
10472600 45.2316 46
10472700 44.9423 46
10472800 44.8685 46
10472900 45.2907 46
10473000 45.8219 46
10473100 45.9616 46
10473200 46.1896 46
10473300 46.3376 46
10473400 46.3564 46
10473500 46.2217 46
10473600 46.0136 46
10473700 46.1486 46
10473800 46.3786 46
10473900 46.7587 46
10474000 46.955 46
10474100 46.9003 46
10474200 46.715 46
10474300 46.308 46
10474400 45.9981 46
10474500 45.7358 46
10474600 45.6312 46
10474700 45.7488 46
10474800 45.4841 46
10474900 45.3316 46
10475000 45.4426 46
10475100 45.7587 46
10475200 46.2846 46
10475300 46.4575 46
10475400 46.0653 46
10475500 45.8489 46
10475600 45.8173 46
10475700 45.5419 46
10475800 45.5074 46
10475900 45.6588 46
10476000 45.8857 46
10476100 46.3902 46
10476200 46.7088 46
10476300 46.4295 46
10476400 45.9315 46
10476500 45.5899 46
10476600 45.5336 46
10476700 45.5707 46
10476800 45.6192 46
10476900 45.7367 46
10477000 45.8771 46
10477100 46.0837 46
10477200 46.2454 46
10477300 46.1312 46
10477400 46.1897 46
10477500 46.3791 46
10477600 46.5127 46
10477700 46.7004 46
10477800 46.5949 46
10477900 46.3318 46
10478000 45.9186 46
10478100 45.404 46
10478200 44.8667 46
10478300 44.695 46
10478400 45.1674 46
10478500 45.801 46
10478600 46.1918 46
10478700 46.1409 46
10478800 45.8812 46
10478900 45.6012 46
10479000 45.305 46
10479100 44.9758 46
10479200 44.8982 46
10479300 45.4556 46
10479400 46.5364 46
10479500 47.3582 46
10479600 47.5973 46
10479700 46.9775 46
10479800 46.3056 46
10479900 45.6623 46
10480000 45.4113 46
10480100 45.5856 46
10480200 46.0347 46
10480300 46.4274 46
10480400 46.5041 46
10480500 46.5206 46
10480600 46.608 46
10480700 46.5509 46
10480800 46.2468 46
10480900 45.8938 46
10481000 45.4475 46
10481100 45.1935 46
10481200 45.2854 46
10481300 45.492 46
10481400 45.9863 46
10481500 46.3082 46
10481600 46.2952 46
10481700 45.8848 46
10481800 45.2661 46
10481900 44.9498 46
10482000 44.9429 46
10482100 45.3007 46
10482200 45.747 46
10482300 46.2348 46
10482400 46.4957 46
10482500 46.3157 46
10482600 45.862 46
10482700 45.3491 46
10482800 45.42 46
10482900 46.0335 46
10483000 46.7325 46
10483100 47.1253 46
10483200 47.0161 46
10483300 46.6268 46
10483400 46.1983 46
10483500 45.8888 46
10483600 45.7454 46
10483700 45.9338 46
10483800 46.3997 46
10483900 46.6156 46
10484000 46.4659 46
10484100 46.2128 46
10484200 46.1034 46
10484300 45.995 46
10484400 45.9443 46
10484500 45.7455 46
10484600 45.7468 46
10484700 45.8475 46
10484800 45.9265 46
10484900 46.3648 46
10485000 46.7693 46
10485100 46.7714 46
10485200 46.5482 46
10485300 46.3073 46
10485400 46.2277 46
10485500 46.3159 46
10485600 46.2234 46
10485700 45.911 46
10485800 45.4562 46
10485900 44.8809 46
10486000 44.7517 46
10486100 45.0936 46
10486200 45.5033 46
10486300 45.8127 46
10486400 45.9543 46
10486500 46.1287 46
10486600 46.2583 46
10486700 46.1733 46
10486800 46.0799 46
10486900 45.8496 46
10487000 45.5792 46
10487100 45.4223 46
10487200 45.5277 46
10487300 45.6094 46
10487400 45.8233 46
10487500 46.2539 46
10487600 46.5855 46
10487700 46.8005 46
10487800 46.6011 46
10487900 46.1125 46
10488000 45.6998 46
10488100 45.4736 46
10488200 45.5212 46
10488300 45.7951 46
10488400 46.2033 46
10488500 46.5117 46
10488600 46.4918 46
10488700 46.1723 46
10488800 45.909 46
10488900 45.503 46
10489000 45.3 46
10489100 45.4419 46
10489200 45.9911 46
10489300 46.3436 46
10489400 46.3921 46
10489500 46.3786 46
10489600 46.3932 46
10489700 46.1268 46
10489800 45.7671 46
10489900 45.5755 46
10490000 45.8863 46
10490100 46.0969 46
10490200 46.194 46
10490300 46.332 46
10490400 46.3731 46
10490500 46.1963 46
10490600 45.9975 46
10490700 45.8002 46
10490800 45.4575 46
10490900 45.1882 46
10491000 45.4072 46
10491100 45.8175 46
10491200 46.0652 46
10491300 45.9105 46
10491400 45.8694 46
10491500 46.0185 46
10491600 46.1185 46
10491700 46.1627 46
10491800 45.9615 46
10491900 45.8939 46
10492000 45.9852 46
10492100 45.9973 46
10492200 46.0909 46
10492300 46.0134 46
10492400 45.9459 46
10492500 45.7787 46
10492600 45.7976 46
10492700 46.0683 46
10492800 46.5177 46
10492900 46.6818 46
10493000 46.7099 46
10493100 46.671 46
10493200 46.6154 46
10493300 46.4357 46
10493400 46.2491 46
10493500 46.2439 46
10493600 46.39 46
10493700 46.5157 46
10493800 46.5308 46
10493900 46.178 46
10494000 45.8834 46
10494100 45.7725 46
10494200 45.8525 46
10494300 45.9229 46
10494400 46.0032 46
10494500 46.1053 46
10494600 46.2781 46
10494700 46.5553 46
10494800 46.7686 46
10494900 46.6381 46
10495000 46.412 46
10495100 46.116 46
10495200 46.0069 46
10495300 46.1561 46
10495400 46.2881 46
10495500 46.2646 46
10495600 46.2854 46
10495700 46.3035 46
10495800 45.8834 46
10495900 45.2666 46
10496000 45.2557 46
10496100 45.4134 46
10496200 45.5196 46
10496300 45.7369 46
10496400 46.416 46
10496500 47.1634 46
10496600 47.5507 46
10496700 47.0329 46
10496800 46.0172 46
10496900 45.3723 46
10497000 45.3406 46
10497100 45.3547 46
10497200 45.4899 46
10497300 45.6248 46
10497400 45.8362 46
10497500 45.9946 46
10497600 45.8857 46
10497700 45.5725 46
10497800 45.2723 46
10497900 45.029 46
10498000 44.9543 46
10498100 45.3265 46
10498200 45.9128 46
10498300 46.4744 46
10498400 46.7363 46
10498500 46.3911 46
10498600 45.9745 46
10498700 45.7613 46
10498800 45.9329 46
10498900 46.1151 46
10499000 46.4174 46
10499100 46.5269 46
10499200 46.3403 46
10499300 46.0445 46
10499400 46.0855 46
10499500 46.5961 46
10499600 46.912 46
10499700 46.9999 46
10499800 46.5574 46
10499900 46.0568 46
10500000 45.8024 46
10500100 45.8621 46
10500200 46.1143 46
10500300 46.2615 46
10500400 46.2242 46
10500500 46.1061 46
10500600 45.821 46
10500700 45.5749 46
10500800 45.5482 46
10500900 45.77 46
10501000 46.1726 46
10501100 46.5179 46
10501200 46.5218 46
10501300 46.5873 46
10501400 46.4544 46
10501500 46.2008 46
10501600 46.3157 46
10501700 46.6108 46
10501800 46.691 46
10501900 46.5828 46
10502000 46.5684 46
10502100 46.7867 46
10502200 46.8037 46
10502300 46.4776 46
10502400 45.9341 46
10502500 45.5302 46
10502600 45.3532 46
10502700 45.373 46
10502800 45.4815 46
10502900 45.602 46
10503000 45.6836 46
10503100 45.8314 46
10503200 46.153 46
10503300 46.5416 46
10503400 46.5425 46
10503500 46.3989 46
10503600 46.0537 46
10503700 45.7541 46
10503800 45.8436 46
10503900 46.0908 46
10504000 46.1367 46
10504100 45.6656 46
10504200 45.0903 46
10504300 45.1093 46
10504400 45.3955 46
10504500 45.6588 46
10504600 46.0354 46
10504700 46.2743 46
10504800 46.2421 46
10504900 46.0894 46
10505000 46.1701 46
10505100 46.0482 46
10505200 46.0593 46
10505300 46.0773 46
10505400 46.0661 46
10505500 46.0116 46
10505600 45.733 46
10505700 45.5911 46
10505800 45.7097 46
10505900 45.8863 46
10506000 46.0669 46
10506100 46.2921 46
10506200 46.4857 46
10506300 46.3433 46
10506400 46.1806 46
10506500 46.2832 46
10506600 46.1499 46
10506700 45.6928 46
10506800 45.7093 46
10506900 46.0122 46
10507000 46.3338 46
10507100 46.5778 46
10507200 46.486 46
10507300 46.27 46
10507400 45.7184 46
10507500 45.6013 46
10507600 45.6837 46
10507700 46.0973 46
10507800 46.4379 46
10507900 46.6121 46
10508000 46.4251 46
10508100 46.0857 46
10508200 45.5266 46
10508300 45.1864 46
10508400 45.2243 46
10508500 45.6985 46
10508600 45.9396 46
10508700 46.0765 46
10508800 46.0011 46
10508900 45.7046 46
10509000 45.6925 46
10509100 46.1535 46
10509200 46.5439 46
10509300 46.617 46
10509400 46.5717 46
10509500 46.2905 46
10509600 45.9608 46
10509700 45.709 46
10509800 45.6692 46
10509900 45.7696 46
10510000 45.9055 46
10510100 45.9831 46
10510200 46.0065 46
10510300 45.7313 46
10510400 45.4685 46
10510500 45.5668 46
10510600 46.0098 46
10510700 46.4843 46
10510800 46.5732 46
10510900 46.5884 46
10511000 46.6126 46
10511100 46.361 46
10511200 45.9777 46
10511300 45.8382 46
10511400 45.8483 46
10511500 45.5264 46
10511600 45.3616 46
10511700 45.5921 46
10511800 45.9463 46
10511900 45.9862 46
10512000 45.7817 46
10512100 45.7804 46
10512200 45.8776 46
10512300 46.0131 46
10512400 46.1266 46
10512500 46.0708 46
10512600 45.8075 46
10512700 45.6995 46
10512800 45.7491 46
10512900 45.8184 46
10513000 46.1685 46
10513100 46.3082 46
10513200 46.0953 46
10513300 46.0158 46
10513400 45.9231 46
10513500 46.1649 46
10513600 46.4074 46
10513700 46.3534 46
10513800 46.3095 46
10513900 46.5238 46
10514000 46.7214 46
10514100 46.7623 46
10514200 46.3509 46
10514300 46.0196 46
10514400 46.1271 46
10514500 46.2538 46
10514600 46.5206 46
10514700 46.9514 46
10514800 46.9557 46
10514900 46.7292 46
10515000 46.445 46
10515100 46.2466 46
10515200 46.2704 46
10515300 46.1054 46
10515400 45.9341 46
10515500 46.2069 46
10515600 46.2393 46
10515700 46.267 46
10515800 46.0835 46
10515900 45.9562 46
10516000 45.9969 46
10516100 45.9714 46
10516200 46.0021 46
10516300 46.0306 46
10516400 46.2454 46
10516500 46.647 46
10516600 46.9132 46
10516700 46.7292 46
10516800 46.2352 46
10516900 45.6704 46
10517000 45.4135 46
10517100 45.4744 46
10517200 45.6701 46
10517300 46.1813 46
10517400 46.746 46
10517500 47.0012 46
10517600 46.7602 46
10517700 46.2169 46
10517800 45.7318 46
10517900 45.1705 46
10518000 44.7704 46
10518100 44.6692 46
10518200 44.9805 46
10518300 45.268 46
10518400 45.5013 46
10518500 45.5196 46
10518600 45.6717 46
10518700 45.8061 46
10518800 45.8269 46
10518900 45.9893 46
10519000 46.0893 46
10519100 46.1432 46
10519200 46.3017 46
10519300 46.6839 46
10519400 46.5636 46
10519500 46.2017 46
10519600 46.1621 46
10519700 46.3355 46
10519800 46.4019 46
10519900 46.4724 46
10520000 46.1804 46
10520100 45.7162 46
10520200 45.5357 46
10520300 45.7955 46
10520400 46.1539 46
10520500 46.3298 46
10520600 46.5927 46
10520700 46.8375 46
10520800 46.6124 46
10520900 46.1688 46
10521000 45.9508 46
10521100 45.8389 46
10521200 45.8377 46
10521300 46.06 46
10521400 46.6132 46
10521500 46.6286 46
10521600 46.3493 46
10521700 45.8573 46
10521800 45.4633 46
10521900 45.1939 46
10522000 45.2454 46
10522100 45.3478 46
10522200 45.6546 46
10522300 45.8826 46
10522400 46.0759 46
10522500 46.1512 46
10522600 46.1246 46
10522700 46.0669 46
10522800 45.9636 46
10522900 46.0344 46
10523000 45.8356 46
10523100 45.5345 46
10523200 45.5429 46
10523300 45.8292 46
10523400 46.0974 46
10523500 45.903 46
10523600 45.5358 46
10523700 45.6112 46
10523800 46.1577 46
10523900 46.145 46
10524000 45.6187 46
10524100 45.2474 46
10524200 45.4144 46
10524300 45.7751 46
10524400 46.2467 46
10524500 46.5402 46
10524600 46.6235 46
10524700 46.5487 46
10524800 46.3135 46
10524900 45.7737 46
10525000 45.0894 46
10525100 44.704 46
10525200 44.8 46
10525300 45.1499 46
10525400 45.6437 46
10525500 46.1929 46
10525600 46.8018 46
10525700 46.8499 46
10525800 46.5623 46
10525900 46.2119 46
10526000 45.8411 46
10526100 45.8751 46
10526200 46.065 46
10526300 46.0063 46
10526400 45.6014 46
10526500 45.5078 46
10526600 46.0743 46
10526700 46.5847 46
10526800 46.8592 46
10526900 46.7999 46
10527000 46.246 46
10527100 45.6983 46
10527200 45.5114 46
10527300 45.5667 46
10527400 45.5813 46
10527500 45.7614 46
10527600 46.1584 46
10527700 46.279 46
10527800 46.027 46
10527900 46.0049 46
10528000 45.9007 46
10528100 45.5495 46
10528200 45.4239 46
10528300 45.6455 46
10528400 45.922 46
10528500 46.0237 46
10528600 46.0219 46
10528700 45.8462 46
10528800 45.5862 46
10528900 45.3995 46
10529000 45.4266 46
10529100 45.5435 46
10529200 45.7552 46
10529300 45.7696 46
10529400 45.7427 46
10529500 45.7259 46
10529600 45.8019 46
10529700 46.1052 46
10529800 46.1802 46
10529900 46.211 46
10530000 46.3157 46
10530100 46.3592 46
10530200 46.4734 46
10530300 46.5761 46
10530400 46.6711 46
10530500 46.4579 46
10530600 46.3004 46
10530700 46.2813 46
10530800 46.1781 46
10530900 45.8576 46
10531000 45.4463 46
10531100 45.2581 46
10531200 45.1988 46
10531300 45.2438 46
10531400 45.5213 46
10531500 45.7975 46
10531600 45.8307 46
10531700 45.8213 46
10531800 45.9508 46
10531900 45.7231 46
10532000 45.5032 46
10532100 45.7143 46
10532200 46.1108 46
10532300 46.411 46
10532400 46.6754 46
10532500 46.6742 46
10532600 46.5533 46
10532700 46.4262 46
10532800 46.3039 46
10532900 46.3648 46
10533000 46.4629 46
10533100 46.4113 46
10533200 46.3767 46
10533300 46.2363 46
10533400 45.9788 46
10533500 45.6679 46
10533600 45.4307 46
10533700 45.4726 46
10533800 45.8206 46
10533900 45.9788 46
10534000 45.8112 46
10534100 45.7476 46
10534200 45.5842 46
10534300 45.5426 46
10534400 45.6308 46
10534500 45.8466 46
10534600 46.0227 46
10534700 46.2587 46
10534800 46.2276 46
10534900 45.9689 46
10535000 45.6119 46
10535100 45.3792 46
10535200 45.2578 46
10535300 45.4465 46
10535400 45.7012 46
10535500 46.0335 46
10535600 46.1864 46
10535700 45.8692 46
10535800 45.6483 46
10535900 45.6735 46
10536000 45.9729 46
10536100 46.3506 46
10536200 46.3779 46
10536300 45.9394 46
10536400 45.8694 46
10536500 46.0732 46
10536600 45.9474 46
10536700 45.6743 46
10536800 45.7331 46
10536900 45.871 46
10537000 45.7592 46
10537100 45.7844 46
10537200 45.9831 46
10537300 46.3119 46
10537400 46.3796 46
10537500 46.3095 46
10537600 46.6219 46
10537700 46.6257 46
10537800 46.4221 46
10537900 45.8637 46
10538000 45.2553 46
10538100 45.1977 46
10538200 45.688 46
10538300 46.1861 46
10538400 46.6039 46
10538500 46.8552 46
10538600 46.6472 46
10538700 46.2089 46
10538800 45.8771 46
10538900 45.8192 46
10539000 46.1583 46
10539100 46.5252 46
10539200 46.6928 46
10539300 46.6073 46
10539400 46.3969 46
10539500 46.0569 46
10539600 45.8699 46
10539700 45.6508 46
10539800 45.2222 46
10539900 45.0588 46
10540000 45.6793 46
10540100 46.2165 46
10540200 46.3854 46
10540300 46.3922 46
10540400 46.3637 46
10540500 46.3315 46
10540600 46.11 46
10540700 46.0684 46
10540800 46.3929 46
10540900 46.2597 46
10541000 46.1082 46
10541100 46.0941 46
10541200 45.9727 46
10541300 45.991 46
10541400 46.0206 46
10541500 45.7942 46
10541600 45.7899 46
10541700 45.85 46
10541800 45.8886 46
10541900 45.6493 46
10542000 45.2609 46
10542100 45.2498 46
10542200 45.6692 46
10542300 45.6651 46
10542400 45.4337 46
10542500 45.6718 46
10542600 46.0183 46
10542700 46.3059 46
10542800 46.3524 46
10542900 46.1769 46
10543000 45.758 46
10543100 45.5456 46
10543200 45.61 46
10543300 45.8214 46
10543400 45.8794 46
10543500 46.0162 46
10543600 46.2109 46
10543700 46.1902 46
10543800 45.9053 46
10543900 45.7654 46
10544000 45.7262 46
10544100 45.6043 46
10544200 45.5093 46
10544300 45.7101 46
10544400 45.9332 46
10544500 46.0336 46
10544600 46.2451 46
10544700 46.1599 46
10544800 45.9924 46
10544900 45.7022 46
10545000 45.6345 46
10545100 45.8158 46
10545200 46.0422 46
10545300 45.9711 46
10545400 45.6813 46
10545500 45.4873 46
10545600 45.3198 46
10545700 45.4069 46
10545800 45.6222 46
10545900 45.6149 46
10546000 45.6982 46
10546100 46.0166 46
10546200 46.3646 46
10546300 46.7829 46
10546400 46.8027 46
10546500 46.4762 46
10546600 45.986 46
10546700 45.6041 46
10546800 45.6213 46
10546900 45.8307 46
10547000 46.0832 46
10547100 46.0364 46
10547200 45.9627 46
10547300 46.2772 46
10547400 46.5556 46
10547500 46.6332 46
10547600 46.3444 46
10547700 45.7533 46
10547800 45.2866 46
10547900 45.0539 46
10548000 44.8076 46
10548100 44.6965 46
10548200 45.0027 46
10548300 45.7584 46
10548400 46.613 46
10548500 47.1083 46
10548600 47.0504 46
10548700 46.5841 46
10548800 45.9895 46
10548900 45.589 46
10549000 45.4941 46
10549100 45.4306 46
10549200 45.67 46
10549300 46.081 46
10549400 46.2502 46
10549500 46.2318 46
10549600 45.8476 46
10549700 45.4722 46
10549800 45.5398 46
10549900 45.9132 46
10550000 46.3555 46
10550100 46.1407 46
10550200 45.6315 46
10550300 45.4529 46
10550400 45.3254 46
10550500 45.3401 46
10550600 45.6266 46
10550700 45.6991 46
10550800 46.0013 46
10550900 46.377 46
10551000 46.298 46
10551100 46.0689 46
10551200 45.9319 46
10551300 45.9027 46
10551400 46.057 46
10551500 46.1652 46
10551600 46.3016 46
10551700 46.3761 46
10551800 46.3968 46
10551900 46.1002 46
10552000 45.7896 46
10552100 45.3144 46
10552200 45.0381 46
10552300 44.9249 46
10552400 44.9447 46
10552500 45.0582 46
10552600 45.1478 46
10552700 45.7838 46
10552800 46.5926 46
10552900 47.0851 46
10553000 47.224 46
10553100 47.0049 46
10553200 46.6755 46
10553300 46.1082 46
10553400 45.8566 46
10553500 45.8197 46
10553600 45.9169 46
10553700 46.2813 46
10553800 46.4928 46
10553900 46.2831 46
10554000 45.9025 46
10554100 45.3519 46
10554200 45.0189 46
10554300 45.0935 46
10554400 45.471 46
10554500 46.0774 46
10554600 46.6888 46
10554700 46.6618 46
10554800 46.4057 46
10554900 46.2072 46
10555000 46.0684 46
10555100 46.0523 46
10555200 45.8702 46
10555300 45.7215 46
10555400 45.9286 46
10555500 46.2785 46
10555600 46.4608 46
10555700 46.4595 46
10555800 46.4785 46
10555900 46.7326 46
10556000 46.9706 46
10556100 46.8611 46
10556200 46.2495 46
10556300 45.8232 46
10556400 45.731 46
10556500 45.6853 46
10556600 45.6932 46
10556700 45.8076 46
10556800 45.9537 46
10556900 46.0433 46
10557000 46.1085 46
10557100 46.4966 46
10557200 46.8226 46
10557300 46.684 46
10557400 46.1177 46
10557500 45.5304 46
10557600 44.8064 46
10557700 44.5092 46
10557800 44.6886 46
10557900 45.0179 46
10558000 45.4532 46
10558100 45.8623 46
10558200 46.3511 46
10558300 46.3707 46
10558400 46.0102 46
10558500 45.5638 46
10558600 45.2815 46
10558700 45.2358 46
10558800 45.4198 46
10558900 45.8563 46
10559000 46.2684 46
10559100 46.3951 46
10559200 46.2998 46
10559300 46.1527 46
10559400 45.7401 46
10559500 45.048 46
10559600 44.8782 46
10559700 45.4605 46
10559800 45.877 46
10559900 46.265 46
10560000 46.3573 46
10560100 46.1552 46
10560200 45.8266 46
10560300 45.5897 46
10560400 45.4958 46
10560500 45.432 46
10560600 45.546 46
10560700 45.6688 46
10560800 45.8779 46
10560900 46.5528 46
10561000 47.1542 46
10561100 47.2506 46
10561200 46.6159 46
10561300 45.7559 46
10561400 45.3357 46
10561500 45.5031 46
10561600 45.7142 46
10561700 46.013 46
10561800 46.1236 46
10561900 46.0539 46
10562000 46.1522 46
10562100 46.304 46
10562200 46.3259 46
10562300 46.3361 46
10562400 46.2709 46
10562500 45.973 46
10562600 45.6663 46
10562700 45.6162 46
10562800 45.9909 46
10562900 46.4037 46
10563000 46.5568 46
10563100 46.4868 46
10563200 46.4715 46
10563300 46.4823 46
10563400 46.263 46
10563500 45.881 46
10563600 45.6197 46
10563700 45.4499 46
10563800 45.6839 46
10563900 45.9442 46
10564000 46.1456 46
10564100 46.5349 46
10564200 46.6573 46
10564300 46.4733 46
10564400 46.3401 46
10564500 46.3997 46
10564600 46.4408 46
10564700 46.2594 46
10564800 46.04 46
10564900 45.822 46
10565000 45.5458 46
10565100 45.5447 46
10565200 45.6351 46
10565300 45.7738 46
10565400 45.8133 46
10565500 45.7088 46
10565600 45.6127 46
10565700 45.7339 46
10565800 46.0071 46
10565900 46.0958 46
10566000 45.7774 46
10566100 45.3309 46
10566200 45.2354 46
10566300 45.5586 46
10566400 45.7679 46
10566500 45.7074 46
10566600 45.6333 46
10566700 45.6432 46
10566800 45.7617 46
10566900 45.77 46
10567000 45.9823 46
10567100 46.2253 46
10567200 46.1465 46
10567300 45.5559 46
10567400 44.9663 46
10567500 44.6779 46
10567600 44.7208 46
10567700 45.449 46
10567800 46.19 46
10567900 46.5483 46
10568000 46.7371 46
10568100 46.8772 46
10568200 46.9852 46
10568300 46.8598 46
10568400 46.8542 46
10568500 47.0088 46
10568600 46.9775 46
10568700 46.5598 46
10568800 45.9388 46
10568900 45.463 46
10569000 45.0054 46
10569100 44.9911 46
10569200 45.2142 46
10569300 45.4477 46
10569400 45.9912 46
10569500 46.4864 46
10569600 46.786 46
10569700 46.6413 46
10569800 46.5257 46
10569900 46.4174 46
10570000 46.3413 46
10570100 46.3416 46
10570200 46.3337 46
10570300 46.3111 46
10570400 46.0154 46
10570500 45.7928 46
10570600 45.7319 46
10570700 45.929 46
10570800 46.157 46
10570900 46.4051 46
10571000 46.1353 46
10571100 45.7872 46
10571200 45.8204 46
10571300 46.3059 46
10571400 46.6871 46
10571500 46.7928 46
10571600 46.6438 46
10571700 46.2721 46
10571800 45.9749 46
10571900 45.9722 46
10572000 45.895 46
10572100 46.125 46
10572200 46.1792 46
10572300 46.1184 46
10572400 46.1553 46
10572500 46.4925 46
10572600 46.8216 46
10572700 46.803 46
10572800 46.4046 46
10572900 46.0562 46
10573000 46.0813 46
10573100 46.328 46
10573200 46.5825 46
10573300 46.6375 46
10573400 46.3003 46
10573500 46.0794 46
10573600 45.9729 46
10573700 45.9079 46
10573800 46.1419 46
10573900 46.228 46
10574000 46.4097 46
10574100 46.757 46
10574200 46.9618 46
10574300 46.7151 46
10574400 46.4141 46
10574500 46.3638 46
10574600 46.2795 46
10574700 46.138 46
10574800 46.0485 46
10574900 45.7007 46
10575000 45.2728 46
10575100 45.2221 46
10575200 45.6194 46
10575300 46.3252 46
10575400 47.1137 46
10575500 47.4815 46
10575600 47.3191 46
10575700 46.8527 46
10575800 46.5616 46
10575900 46.4217 46
10576000 46.2923 46
10576100 46.3109 46
10576200 46.3396 46
10576300 46.2927 46
10576400 46.4001 46
10576500 46.3352 46
10576600 45.9675 46
10576700 45.6036 46
10576800 45.5209 46
10576900 45.809 46
10577000 45.8521 46
10577100 45.5611 46
10577200 45.2666 46
10577300 45.0358 46
10577400 45.2101 46
10577500 45.5744 46
10577600 45.748 46
10577700 45.9083 46
10577800 46.1281 46
10577900 46.0705 46
10578000 45.9718 46
10578100 46.0947 46
10578200 45.9759 46
10578300 45.7367 46
10578400 45.9257 46
10578500 46.1811 46
10578600 46.4726 46
10578700 46.5941 46
10578800 46.3809 46
10578900 46.2312 46
10579000 46.0283 46
10579100 45.8914 46
10579200 45.8345 46
10579300 45.9198 46
10579400 45.6784 46
10579500 45.5199 46
10579600 45.4832 46
10579700 45.7711 46
10579800 45.889 46
10579900 46.0392 46
10580000 46.3737 46
10580100 46.4606 46
10580200 46.2156 46
10580300 46.0027 46
10580400 45.9128 46
10580500 45.8225 46
10580600 45.6944 46
10580700 45.7205 46
10580800 46.088 46
10580900 46.4582 46
10581000 46.5706 46
10581100 46.3582 46
10581200 46.0089 46
10581300 45.5451 46
10581400 45.4058 46
10581500 45.4575 46
10581600 45.3307 46
10581700 45.4791 46
10581800 45.7939 46
10581900 46.0244 46
10582000 46.2926 46
10582100 46.4379 46
10582200 46.5244 46
10582300 46.3928 46
10582400 46.1933 46
10582500 45.9821 46
10582600 45.8494 46
10582700 45.433 46
10582800 44.8413 46
10582900 44.5237 46
10583000 44.6582 46
10583100 45.2822 46
10583200 45.8893 46
10583300 46.1721 46
10583400 46.3121 46
10583500 46.2457 46
10583600 45.9024 46
10583700 45.6274 46
10583800 45.5221 46
10583900 45.4327 46
10584000 45.5165 46
10584100 45.9298 46
10584200 46.5421 46
10584300 46.9653 46
10584400 46.9571 46
10584500 46.6705 46
10584600 46.1776 46
10584700 45.8113 46
10584800 45.7221 46
10584900 45.6817 46
10585000 45.7204 46
10585100 45.8989 46
10585200 45.9748 46
10585300 46.0446 46
10585400 46.1567 46
10585500 46.2975 46
10585600 46.3897 46
10585700 46.4201 46
10585800 46.1945 46
10585900 46.1793 46
10586000 46.2668 46
10586100 46.0286 46
10586200 45.8933 46
10586300 45.7114 46
10586400 45.5807 46
10586500 45.6771 46
10586600 45.8609 46
10586700 46.0374 46
10586800 46.1529 46
10586900 46.2792 46
10587000 46.3026 46
10587100 46.0977 46
10587200 46.0256 46
10587300 46.1602 46
10587400 46.1162 46
10587500 45.8097 46
10587600 45.5028 46
10587700 45.417 46
10587800 45.6058 46
10587900 45.7474 46
10588000 45.8499 46
10588100 45.8474 46
10588200 45.6919 46
10588300 45.694 46
10588400 45.9325 46
10588500 45.8703 46
10588600 45.85 46
10588700 45.9297 46
10588800 45.9397 46
10588900 45.7311 46
10589000 45.3091 46
10589100 45.3012 46
10589200 45.4153 46
10589300 45.2501 46
10589400 45.1904 46
10589500 45.3454 46
10589600 45.2867 46
10589700 45.0162 46
10589800 44.9515 46
10589900 45.3864 46
10590000 45.8175 46
10590100 46.1185 46
10590200 46.1189 46
10590300 46.1848 46
10590400 46.1903 46
10590500 46.1516 46
10590600 46.1115 46
10590700 45.9404 46
10590800 45.7578 46
10590900 45.5012 46
10591000 45.3885 46
10591100 45.3433 46
10591200 45.6045 46
10591300 45.9824 46
10591400 46.0932 46
10591500 45.8476 46
10591600 45.7124 46
10591700 45.9282 46
10591800 46.369 46
10591900 46.6564 46
10592000 46.8314 46
10592100 47.0272 46
10592200 46.9486 46
10592300 46.4935 46
10592400 45.8745 46
10592500 45.4108 46
10592600 45.226 46
10592700 45.2517 46
10592800 45.4475 46
10592900 45.7101 46
10593000 46.1993 46
10593100 46.7368 46
10593200 46.7352 46
10593300 46.2147 46
10593400 45.6891 46
10593500 45.507 46
10593600 45.6427 46
10593700 45.887 46
10593800 45.9435 46
10593900 46.092 46
10594000 46.4343 46
10594100 46.5574 46
10594200 46.4673 46
10594300 46.441 46
10594400 46.1568 46
10594500 45.746 46
10594600 45.61 46
10594700 45.5806 46
10594800 45.5476 46
10594900 45.6998 46
10595000 45.9078 46
10595100 46.1724 46
10595200 46.3911 46
10595300 46.5168 46
10595400 46.6138 46
10595500 46.4351 46
10595600 46.047 46
10595700 45.5842 46
10595800 45.4906 46
10595900 45.937 46
10596000 46.2168 46
10596100 46.1403 46
10596200 45.9798 46
10596300 45.7273 46
10596400 45.625 46
10596500 45.6396 46
10596600 45.8001 46
10596700 46.0437 46
10596800 46.3525 46
10596900 46.5762 46
10597000 46.5704 46
10597100 46.5784 46
10597200 46.0236 46
10597300 45.3848 46
10597400 45.2036 46
10597500 45.2343 46
10597600 45.2566 46
10597700 45.544 46
10597800 46.0428 46
10597900 46.5416 46
10598000 46.6228 46
10598100 46.2762 46
10598200 46.0381 46
10598300 45.9635 46
10598400 46.0827 46
10598500 46.1733 46
10598600 46.3753 46
10598700 46.3644 46
10598800 46.1777 46
10598900 45.8453 46
10599000 45.6811 46
10599100 45.3954 46
10599200 45.4361 46
10599300 45.5224 46
10599400 45.7183 46
10599500 45.9422 46
10599600 45.8511 46
10599700 45.6013 46
10599800 45.224 46
10599900 44.9461 46
10600000 45.2112 46
10600100 45.8743 46
10600200 46.4623 46
10600300 46.6913 46
10600400 46.8026 46
10600500 46.7379 46
10600600 46.4731 46
10600700 46.2163 46
10600800 46.1222 46
10600900 46.0304 46
10601000 46.0314 46
10601100 46.1324 46
10601200 46.1607 46
10601300 46.34 46
10601400 46.2538 46
10601500 45.9196 46
10601600 45.5268 46
10601700 45.2033 46
10601800 45.2888 46
10601900 45.7134 46
10602000 46.0366 46
10602100 45.9236 46
10602200 45.7437 46
10602300 45.7565 46
10602400 45.871 46
10602500 46.1397 46
10602600 46.3552 46
10602700 46.341 46
10602800 46.0471 46
10602900 45.6184 46
10603000 45.3363 46
10603100 45.6511 46
10603200 46.0343 46
10603300 46.275 46
10603400 46.3238 46
10603500 46.7256 46
10603600 47.126 46
10603700 46.9973 46
10603800 46.7269 46
10603900 46.5431 46
10604000 46.2295 46
10604100 45.8212 46
10604200 45.6895 46
10604300 45.9395 46
10604400 46.0807 46
10604500 46.0741 46
10604600 46.0919 46
10604700 46.2479 46
10604800 46.3722 46
10604900 46.4889 46
10605000 46.5227 46
10605100 46.7514 46
10605200 46.8753 46
10605300 46.8833 46
10605400 46.7229 46
10605500 46.6534 46
10605600 46.5194 46
10605700 46.0323 46
10605800 45.4096 46
10605900 44.9741 46
10606000 45.1115 46
10606100 45.5404 46
10606200 45.9638 46
10606300 46.3079 46
10606400 46.3722 46
10606500 46.0494 46
10606600 45.6681 46
10606700 45.4529 46
10606800 45.4581 46
10606900 45.4044 46
10607000 45.3433 46
10607100 45.6088 46
10607200 45.9074 46
10607300 46.1943 46
10607400 46.2517 46
10607500 45.935 46
10607600 45.7321 46
10607700 45.7544 46
10607800 45.9653 46
10607900 46.1287 46
10608000 46.3981 46
10608100 46.6519 46
10608200 46.6605 46
10608300 46.1592 46
10608400 45.7711 46
10608500 45.7551 46
10608600 45.9348 46
10608700 46.1712 46
10608800 46.1639 46
10608900 46.3751 46
10609000 46.3387 46
10609100 46.1517 46
10609200 45.9633 46
10609300 46.1837 46
10609400 46.2795 46
10609500 46.1838 46
10609600 46.187 46
10609700 46.207 46
10609800 46.0954 46
10609900 45.838 46
10610000 45.742 46
