# Time-averaged data for fix myat1
# TimeStep v_xave v_xdes
4030100 -11.8253 -12
4030200 -11.7503 -12
4030300 -11.7956 -12
4030400 -11.9013 -12
4030500 -12.3137 -12
4030600 -12.7568 -12
4030700 -12.994 -12
4030800 -12.9806 -12
4030900 -12.4952 -12
4031000 -11.9606 -12
4031100 -11.6619 -12
4031200 -11.6307 -12
4031300 -11.738 -12
4031400 -12.0056 -12
4031500 -12.4447 -12
4031600 -12.5335 -12
4031700 -12.3345 -12
4031800 -12.3539 -12
4031900 -12.6597 -12
4032000 -12.947 -12
4032100 -13.0393 -12
4032200 -12.7996 -12
4032300 -12.3606 -12
4032400 -12.044 -12
4032500 -12.1765 -12
4032600 -12.4892 -12
4032700 -12.7491 -12
4032800 -12.5132 -12
4032900 -12.2601 -12
4033000 -12.2155 -12
4033100 -12.1336 -12
4033200 -12.4708 -12
4033300 -12.6876 -12
4033400 -12.6631 -12
4033500 -12.6424 -12
4033600 -12.758 -12
4033700 -12.9994 -12
4033800 -12.9797 -12
4033900 -12.6629 -12
4034000 -12.1067 -12
4034100 -11.8152 -12
4034200 -11.7685 -12
4034300 -11.998 -12
4034400 -12.4207 -12
4034500 -12.5197 -12
4034600 -12.5079 -12
4034700 -12.5146 -12
4034800 -12.2181 -12
4034900 -11.9018 -12
4035000 -11.7336 -12
4035100 -12.0267 -12
4035200 -12.4349 -12
4035300 -12.3662 -12
4035400 -12.2151 -12
4035500 -12.3536 -12
4035600 -12.8331 -12
4035700 -12.9444 -12
4035800 -12.9462 -12
4035900 -12.7577 -12
4036000 -12.4203 -12
4036100 -12.0456 -12
4036200 -11.8075 -12
4036300 -11.9105 -12
4036400 -12.1485 -12
4036500 -12.704 -12
4036600 -13.0883 -12
4036700 -12.9052 -12
4036800 -12.3612 -12
4036900 -11.8954 -12
4037000 -11.8938 -12
4037100 -12.1411 -12
4037200 -12.5596 -12
4037300 -12.8949 -12
4037400 -13.0285 -12
4037500 -13.0066 -12
4037600 -12.6616 -12
4037700 -12.208 -12
4037800 -12.0732 -12
4037900 -12.1489 -12
4038000 -12.3058 -12
4038100 -12.37 -12
4038200 -12.2518 -12
4038300 -12.225 -12
4038400 -12.4633 -12
4038500 -12.7572 -12
4038600 -12.774 -12
4038700 -12.7821 -12
4038800 -12.4882 -12
4038900 -12.3245 -12
4039000 -12.1687 -12
4039100 -12.003 -12
4039200 -12.1446 -12
4039300 -12.4249 -12
4039400 -12.4998 -12
4039500 -12.3475 -12
4039600 -12.0621 -12
4039700 -11.9301 -12
4039800 -12.1264 -12
4039900 -12.2422 -12
4040000 -11.9503 -12
4040100 -11.7588 -12
4040200 -11.7804 -12
4040300 -11.9202 -12
4040400 -11.9228 -12
4040500 -12.1946 -12
4040600 -12.5618 -12
4040700 -12.7344 -12
4040800 -13.0094 -12
4040900 -12.9533 -12
4041000 -12.5281 -12
4041100 -12.2572 -12
4041200 -11.9688 -12
4041300 -12.0342 -12
4041400 -12.3999 -12
4041500 -12.573 -12
4041600 -12.4242 -12
4041700 -12.1487 -12
4041800 -11.7436 -12
4041900 -11.5818 -12
4042000 -11.7568 -12
4042100 -11.9513 -12
4042200 -12.2414 -12
4042300 -12.5387 -12
4042400 -12.5984 -12
4042500 -12.6763 -12
4042600 -12.6088 -12
4042700 -12.4239 -12
4042800 -11.8825 -12
4042900 -11.5693 -12
4043000 -11.7605 -12
4043100 -11.985 -12
4043200 -12.3904 -12
4043300 -12.7165 -12
4043400 -12.9119 -12
4043500 -12.7223 -12
4043600 -12.1833 -12
4043700 -12.0611 -12
4043800 -12.3116 -12
4043900 -12.6079 -12
4044000 -12.9016 -12
4044100 -12.9418 -12
4044200 -12.9709 -12
4044300 -12.7225 -12
4044400 -12.2608 -12
4044500 -11.8168 -12
4044600 -11.771 -12
4044700 -12.2982 -12
4044800 -12.6183 -12
4044900 -12.7047 -12
4045000 -12.8843 -12
4045100 -12.6745 -12
4045200 -12.5511 -12
4045300 -12.4708 -12
4045400 -12.4908 -12
4045500 -12.6879 -12
4045600 -12.7456 -12
4045700 -12.5627 -12
4045800 -12.3949 -12
4045900 -12.6374 -12
4046000 -12.8793 -12
4046100 -12.7015 -12
4046200 -12.2775 -12
4046300 -12.1809 -12
4046400 -12.4309 -12
4046500 -12.5426 -12
4046600 -12.5127 -12
4046700 -12.4465 -12
4046800 -12.4407 -12
4046900 -12.4293 -12
4047000 -12.4668 -12
4047100 -12.5426 -12
4047200 -12.2551 -12
4047300 -11.7246 -12
4047400 -11.471 -12
4047500 -11.754 -12
4047600 -12.1726 -12
4047700 -12.7863 -12
4047800 -13.0663 -12
4047900 -12.7888 -12
4048000 -12.2693 -12
4048100 -11.6475 -12
4048200 -11.6306 -12
4048300 -11.7101 -12
4048400 -11.843 -12
4048500 -12.1421 -12
4048600 -12.1595 -12
4048700 -12.0244 -12
4048800 -12.2355 -12
4048900 -12.3435 -12
4049000 -12.2607 -12
4049100 -12.07 -12
4049200 -11.8774 -12
4049300 -12.0873 -12
4049400 -12.3199 -12
4049500 -12.6188 -12
4049600 -12.6156 -12
4049700 -12.4914 -12
4049800 -12.5032 -12
4049900 -12.6639 -12
4050000 -12.8055 -12
4050100 -12.8218 -12
4050200 -12.8053 -12
4050300 -12.7956 -12
4050400 -12.6507 -12
4050500 -12.5727 -12
4050600 -12.6907 -12
4050700 -12.7208 -12
4050800 -12.7907 -12
4050900 -12.9768 -12
4051000 -13.2151 -12
4051100 -13.0698 -12
4051200 -12.656 -12
4051300 -12.0119 -12
4051400 -11.5202 -12
4051500 -11.6752 -12
4051600 -11.8791 -12
4051700 -12.3338 -12
4051800 -12.7063 -12
4051900 -12.8176 -12
4052000 -12.5473 -12
4052100 -11.9535 -12
4052200 -11.4713 -12
4052300 -11.4118 -12
4052400 -11.8502 -12
4052500 -12.4365 -12
4052600 -12.8347 -12
4052700 -12.8512 -12
4052800 -12.6146 -12
4052900 -12.5994 -12
4053000 -12.6691 -12
4053100 -12.4825 -12
4053200 -12.1446 -12
4053300 -12.132 -12
4053400 -12.3018 -12
4053500 -12.3022 -12
4053600 -12.3491 -12
4053700 -12.5104 -12
4053800 -12.2748 -12
4053900 -11.8229 -12
4054000 -11.557 -12
4054100 -11.8508 -12
4054200 -12.498 -12
4054300 -12.9203 -12
4054400 -12.7997 -12
4054500 -12.4163 -12
4054600 -12.0148 -12
4054700 -11.6954 -12
4054800 -11.793 -12
4054900 -12.2513 -12
4055000 -12.9981 -12
4055100 -13.2849 -12
4055200 -12.9211 -12
4055300 -12.3727 -12
4055400 -12.0087 -12
4055500 -11.7475 -12
4055600 -11.7449 -12
4055700 -12.1337 -12
4055800 -12.6446 -12
4055900 -13.018 -12
4056000 -13.2056 -12
4056100 -12.9781 -12
4056200 -12.6398 -12
4056300 -12.5764 -12
4056400 -12.5292 -12
4056500 -12.3948 -12
4056600 -12.3856 -12
4056700 -12.561 -12
4056800 -12.6049 -12
4056900 -12.6528 -12
4057000 -12.6232 -12
4057100 -12.562 -12
4057200 -12.2189 -12
4057300 -11.9051 -12
4057400 -11.6344 -12
4057500 -11.7563 -12
4057600 -12.1327 -12
4057700 -12.4278 -12
4057800 -12.59 -12
4057900 -12.8371 -12
4058000 -12.7468 -12
4058100 -12.4397 -12
4058200 -12.0522 -12
4058300 -11.8649 -12
4058400 -12.2538 -12
4058500 -12.7885 -12
4058600 -13.0096 -12
4058700 -12.5369 -12
4058800 -11.7927 -12
4058900 -11.6549 -12
4059000 -12.0588 -12
4059100 -12.2788 -12
4059200 -12.222 -12
4059300 -12.2027 -12
4059400 -12.2713 -12
4059500 -12.0658 -12
4059600 -12.1557 -12
4059700 -12.2743 -12
4059800 -12.0966 -12
4059900 -11.9233 -12
4060000 -11.7024 -12
4060100 -11.8132 -12
4060200 -11.9807 -12
4060300 -12.22 -12
4060400 -12.5787 -12
4060500 -12.5672 -12
4060600 -12.3518 -12
4060700 -12.4349 -12
4060800 -12.3689 -12
4060900 -12.0396 -12
4061000 -11.9336 -12
4061100 -12.0434 -12
4061200 -12.1985 -12
4061300 -12.233 -12
4061400 -12.2627 -12
4061500 -12.3292 -12
4061600 -12.4812 -12
4061700 -12.6318 -12
4061800 -12.7206 -12
4061900 -12.7175 -12
4062000 -12.8494 -12
4062100 -12.7521 -12
4062200 -12.4774 -12
4062300 -12.2987 -12
4062400 -12.3167 -12
4062500 -12.287 -12
4062600 -12.4021 -12
4062700 -12.3948 -12
4062800 -12.4434 -12
4062900 -12.2988 -12
4063000 -12.3041 -12
4063100 -12.4183 -12
4063200 -12.3899 -12
4063300 -12.2823 -12
4063400 -12.2698 -12
4063500 -12.3168 -12
4063600 -12.4301 -12
4063700 -12.5144 -12
4063800 -12.4916 -12
4063900 -12.28 -12
4064000 -12.2906 -12
4064100 -12.3151 -12
4064200 -12.2491 -12
4064300 -11.9722 -12
4064400 -11.7196 -12
4064500 -11.6589 -12
4064600 -11.8118 -12
4064700 -12.1271 -12
4064800 -12.3488 -12
4064900 -12.2366 -12
4065000 -12.1578 -12
4065100 -12.1565 -12
4065200 -12.2128 -12
4065300 -12.524 -12
4065400 -12.7356 -12
4065500 -12.7478 -12
4065600 -12.478 -12
4065700 -12.1473 -12
4065800 -11.9384 -12
4065900 -12.077 -12
4066000 -12.1216 -12
4066100 -12.1427 -12
4066200 -12.506 -12
4066300 -12.6705 -12
4066400 -12.5608 -12
4066500 -12.6526 -12
4066600 -12.7795 -12
4066700 -12.8705 -12
4066800 -12.9395 -12
4066900 -12.6908 -12
4067000 -12.3045 -12
4067100 -11.9985 -12
4067200 -11.7683 -12
4067300 -11.7662 -12
4067400 -11.9544 -12
4067500 -12.2645 -12
4067600 -12.4178 -12
4067700 -12.2482 -12
4067800 -12.0464 -12
4067900 -11.8084 -12
4068000 -11.8186 -12
4068100 -12.0481 -12
4068200 -12.1629 -12
4068300 -12.1381 -12
4068400 -12.3086 -12
4068500 -12.4935 -12
4068600 -12.7254 -12
4068700 -12.5087 -12
4068800 -12.1357 -12
4068900 -12.0954 -12
4069000 -12.2074 -12
4069100 -12.3937 -12
4069200 -12.5809 -12
4069300 -12.8333 -12
4069400 -13.1353 -12
4069500 -12.9898 -12
4069600 -12.5752 -12
4069700 -12.1342 -12
4069800 -11.7883 -12
4069900 -11.6493 -12
4070000 -11.94 -12
4070100 -12.2499 -12
4070200 -12.2723 -12
4070300 -12.3734 -12
4070400 -12.3304 -12
4070500 -12.4476 -12
4070600 -12.7592 -12
4070700 -13.1684 -12
4070800 -13.1251 -12
4070900 -12.7796 -12
4071000 -12.2955 -12
4071100 -12.1487 -12
4071200 -11.8806 -12
4071300 -11.7852 -12
4071400 -12.0477 -12
4071500 -12.3755 -12
4071600 -12.4077 -12
4071700 -12.1448 -12
4071800 -12.0003 -12
4071900 -12.3501 -12
4072000 -12.656 -12
4072100 -12.7859 -12
4072200 -12.8747 -12
4072300 -12.8971 -12
4072400 -12.6465 -12
4072500 -12.1545 -12
4072600 -12.0422 -12
4072700 -12.2784 -12
4072800 -12.4847 -12
4072900 -12.5467 -12
4073000 -12.2403 -12
4073100 -11.8514 -12
4073200 -11.8286 -12
4073300 -12.1076 -12
4073400 -12.4842 -12
4073500 -12.607 -12
4073600 -12.4904 -12
4073700 -12.3551 -12
4073800 -12.558 -12
4073900 -12.7371 -12
4074000 -12.813 -12
4074100 -12.812 -12
4074200 -12.6656 -12
4074300 -12.2719 -12
4074400 -11.9764 -12
4074500 -12.3269 -12
4074600 -12.937 -12
4074700 -13.0658 -12
4074800 -12.8867 -12
4074900 -12.6006 -12
4075000 -12.375 -12
4075100 -12.3472 -12
4075200 -12.6779 -12
4075300 -12.5504 -12
4075400 -12.1514 -12
4075500 -12.0292 -12
4075600 -12.5237 -12
4075700 -13.006 -12
4075800 -13.0614 -12
4075900 -12.8982 -12
4076000 -12.2934 -12
4076100 -12.0263 -12
4076200 -12.3168 -12
4076300 -12.6341 -12
4076400 -12.7916 -12
4076500 -12.8262 -12
4076600 -12.6045 -12
4076700 -12.0906 -12
4076800 -11.8314 -12
4076900 -12.1494 -12
4077000 -12.4302 -12
4077100 -12.1891 -12
4077200 -11.9081 -12
4077300 -11.903 -12
4077400 -12.045 -12
4077500 -12.1724 -12
4077600 -12.1764 -12
4077700 -12.157 -12
4077800 -12.0749 -12
4077900 -12.1054 -12
4078000 -12.2838 -12
4078100 -12.4889 -12
4078200 -12.5925 -12
4078300 -12.5306 -12
4078400 -12.2477 -12
4078500 -11.7918 -12
4078600 -11.7213 -12
4078700 -12.1952 -12
4078800 -12.7003 -12
4078900 -12.9788 -12
4079000 -13.5521 -12
4079100 -13.6745 -12
4079200 -13.1703 -12
4079300 -12.3695 -12
4079400 -11.8411 -12
4079500 -11.6278 -12
4079600 -11.896 -12
4079700 -12.2061 -12
4079800 -12.7265 -12
4079900 -12.9781 -12
4080000 -12.6722 -12
4080100 -12.3563 -12
4080200 -12.268 -12
4080300 -12.2705 -12
4080400 -12.3369 -12
4080500 -12.5728 -12
4080600 -12.6846 -12
4080700 -12.6438 -12
4080800 -12.5774 -12
4080900 -12.3817 -12
4081000 -12.1602 -12
4081100 -12.3033 -12
4081200 -12.4356 -12
4081300 -12.2024 -12
4081400 -12.0634 -12
4081500 -11.9791 -12
4081600 -12.0562 -12
4081700 -12.3046 -12
4081800 -12.6885 -12
4081900 -13.0279 -12
4082000 -13.0302 -12
4082100 -12.9305 -12
4082200 -12.7409 -12
4082300 -12.3006 -12
4082400 -12.1003 -12
4082500 -12.3635 -12
4082600 -12.4644 -12
4082700 -12.0574 -12
4082800 -11.7333 -12
4082900 -11.5548 -12
4083000 -11.8045 -12
4083100 -12.1846 -12
4083200 -12.7171 -12
4083300 -13.0727 -12
4083400 -12.9129 -12
4083500 -12.491 -12
4083600 -12.3359 -12
4083700 -12.0843 -12
4083800 -11.8154 -12
4083900 -11.943 -12
4084000 -12.3399 -12
4084100 -12.7063 -12
4084200 -12.8166 -12
4084300 -12.7429 -12
4084400 -12.6077 -12
4084500 -12.2573 -12
4084600 -11.9158 -12
4084700 -12.0927 -12
4084800 -12.496 -12
4084900 -12.9177 -12
4085000 -13.1507 -12
4085100 -12.893 -12
4085200 -12.6062 -12
4085300 -12.2893 -12
4085400 -12.0077 -12
4085500 -11.676 -12
4085600 -11.4247 -12
4085700 -11.5571 -12
4085800 -12.0072 -12
4085900 -12.3669 -12
4086000 -12.6503 -12
4086100 -12.7013 -12
4086200 -12.6179 -12
4086300 -12.4106 -12
4086400 -12.1696 -12
4086500 -11.9782 -12
4086600 -12.2676 -12
4086700 -12.5375 -12
4086800 -12.6771 -12
4086900 -12.7647 -12
4087000 -12.6412 -12
4087100 -12.4877 -12
4087200 -12.5223 -12
4087300 -12.52 -12
4087400 -12.3271 -12
4087500 -12.0984 -12
4087600 -12.12 -12
4087700 -12.4231 -12
4087800 -12.6411 -12
4087900 -12.8528 -12
4088000 -12.8857 -12
4088100 -12.4937 -12
4088200 -12.2608 -12
4088300 -12.0985 -12
4088400 -12.015 -12
4088500 -12.1398 -12
4088600 -12.5951 -12
4088700 -12.5995 -12
4088800 -12.3335 -12
4088900 -12.2616 -12
4089000 -12.291 -12
4089100 -12.1339 -12
4089200 -11.8082 -12
4089300 -11.5756 -12
4089400 -11.8577 -12
4089500 -12.3576 -12
4089600 -12.5145 -12
4089700 -12.322 -12
4089800 -12.1787 -12
4089900 -11.9352 -12
4090000 -12.077 -12
4090100 -12.3149 -12
4090200 -12.3904 -12
4090300 -12.3367 -12
4090400 -12.252 -12
4090500 -12.2925 -12
4090600 -12.4566 -12
4090700 -12.3719 -12
4090800 -12.1538 -12
4090900 -11.8412 -12
4091000 -11.5691 -12
4091100 -11.8125 -12
4091200 -12.0728 -12
4091300 -12.313 -12
4091400 -12.5811 -12
4091500 -12.7022 -12
4091600 -12.663 -12
4091700 -12.4862 -12
4091800 -12.4792 -12
4091900 -12.8074 -12
4092000 -13.1903 -12
4092100 -13.263 -12
4092200 -12.8876 -12
4092300 -12.6473 -12
4092400 -12.3063 -12
4092500 -11.9332 -12
4092600 -11.735 -12
4092700 -11.7616 -12
4092800 -11.8351 -12
4092900 -11.9888 -12
4093000 -11.844 -12
4093100 -11.5588 -12
4093200 -11.8074 -12
4093300 -12.155 -12
4093400 -12.5547 -12
4093500 -12.6994 -12
4093600 -12.8687 -12
4093700 -13.1071 -12
4093800 -12.983 -12
4093900 -12.3969 -12
4094000 -11.7467 -12
4094100 -11.6043 -12
4094200 -11.8032 -12
4094300 -12.3927 -12
4094400 -12.9341 -12
4094500 -12.9862 -12
4094600 -12.614 -12
4094700 -11.9943 -12
4094800 -11.3956 -12
4094900 -11.5387 -12
4095000 -11.8609 -12
4095100 -12.2257 -12
4095200 -12.4219 -12
4095300 -12.5353 -12
4095400 -12.6487 -12
4095500 -12.6254 -12
4095600 -12.5031 -12
4095700 -12.1823 -12
4095800 -11.6599 -12
4095900 -11.3678 -12
4096000 -11.6526 -12
4096100 -11.9162 -12
4096200 -12.0533 -12
4096300 -12.3545 -12
4096400 -12.7874 -12
4096500 -13.009 -12
4096600 -12.8141 -12
4096700 -12.6656 -12
4096800 -12.6729 -12
4096900 -12.988 -12
4097000 -13.0553 -12
4097100 -13.1096 -12
4097200 -13.2905 -12
4097300 -13.2604 -12
4097400 -12.7968 -12
4097500 -12.354 -12
4097600 -11.9054 -12
4097700 -11.4202 -12
4097800 -11.4691 -12
4097900 -11.7851 -12
4098000 -12.2503 -12
4098100 -12.6716 -12
4098200 -13.1705 -12
4098300 -13.4761 -12
4098400 -13.441 -12
4098500 -12.962 -12
4098600 -12.2323 -12
4098700 -11.7625 -12
4098800 -11.5931 -12
4098900 -11.7782 -12
4099000 -12.1749 -12
4099100 -12.5214 -12
4099200 -12.6278 -12
4099300 -12.4929 -12
4099400 -12.2427 -12
4099500 -12.1242 -12
4099600 -12.2268 -12
4099700 -12.56 -12
4099800 -12.7946 -12
4099900 -12.7025 -12
4100000 -12.7574 -12
4100100 -12.7745 -12
4100200 -12.7171 -12
4100300 -12.6742 -12
4100400 -12.3907 -12
4100500 -12.1286 -12
4100600 -12.0772 -12
4100700 -12.1665 -12
4100800 -12.3089 -12
4100900 -12.4697 -12
4101000 -12.4536 -12
4101100 -12.2072 -12
4101200 -11.9869 -12
4101300 -11.8774 -12
4101400 -11.9053 -12
4101500 -12.1356 -12
4101600 -12.376 -12
4101700 -12.5433 -12
4101800 -12.7678 -12
4101900 -12.8311 -12
4102000 -12.6023 -12
4102100 -12.2819 -12
4102200 -11.8687 -12
4102300 -11.8203 -12
4102400 -12.1147 -12
4102500 -12.4344 -12
4102600 -12.5338 -12
4102700 -12.1575 -12
4102800 -11.815 -12
4102900 -11.9308 -12
4103000 -12.3145 -12
4103100 -12.7421 -12
4103200 -13.0053 -12
4103300 -13.0552 -12
4103400 -12.9966 -12
4103500 -12.6739 -12
4103600 -12.3542 -12
4103700 -12.3121 -12
4103800 -12.0605 -12
4103900 -11.996 -12
4104000 -12.2184 -12
4104100 -12.5445 -12
4104200 -12.8839 -12
4104300 -12.8501 -12
4104400 -12.4181 -12
4104500 -11.9419 -12
4104600 -11.8016 -12
4104700 -12.0522 -12
4104800 -12.3225 -12
4104900 -12.3037 -12
4105000 -12.1716 -12
4105100 -11.8363 -12
4105200 -11.6861 -12
4105300 -11.5045 -12
4105400 -11.6901 -12
4105500 -11.9471 -12
4105600 -12.3729 -12
4105700 -12.6751 -12
4105800 -12.793 -12
4105900 -12.8625 -12
4106000 -12.6091 -12
4106100 -12.2464 -12
4106200 -11.8169 -12
4106300 -11.6132 -12
4106400 -11.7218 -12
4106500 -12.42 -12
4106600 -12.9769 -12
4106700 -13.1097 -12
4106800 -13.0066 -12
4106900 -12.6827 -12
4107000 -12.1785 -12
4107100 -11.7621 -12
4107200 -11.796 -12
4107300 -12.2395 -12
4107400 -12.4966 -12
4107500 -12.577 -12
4107600 -12.6469 -12
4107700 -12.5241 -12
4107800 -12.402 -12
4107900 -12.4077 -12
4108000 -12.2539 -12
4108100 -12.093 -12
4108200 -12.1751 -12
4108300 -12.2293 -12
4108400 -12.2903 -12
4108500 -12.4288 -12
4108600 -12.6049 -12
4108700 -12.546 -12
4108800 -12.4352 -12
4108900 -12.2563 -12
4109000 -12.2299 -12
4109100 -12.5567 -12
4109200 -12.5363 -12
4109300 -12.3581 -12
4109400 -12.3008 -12
4109500 -12.0608 -12
4109600 -12.0237 -12
4109700 -12.2963 -12
4109800 -12.4393 -12
4109900 -12.3719 -12
4110000 -12.3995 -12
4110100 -12.4459 -12
4110200 -12.4248 -12
4110300 -12.6887 -12
4110400 -12.8953 -12
4110500 -12.4408 -12
4110600 -12.0131 -12
4110700 -11.9257 -12
4110800 -12.2083 -12
4110900 -12.6834 -12
4111000 -12.9584 -12
4111100 -12.6313 -12
4111200 -12.2968 -12
4111300 -12.2242 -12
4111400 -12.3273 -12
4111500 -12.2944 -12
4111600 -12.1938 -12
4111700 -11.9321 -12
4111800 -11.8796 -12
4111900 -12.1163 -12
4112000 -12.4498 -12
4112100 -12.7089 -12
4112200 -12.8818 -12
4112300 -13.1229 -12
4112400 -13.0304 -12
4112500 -12.6519 -12
4112600 -12.1193 -12
4112700 -11.9021 -12
4112800 -11.8734 -12
4112900 -12.1503 -12
4113000 -12.4474 -12
4113100 -12.516 -12
4113200 -12.5098 -12
4113300 -12.2404 -12
4113400 -11.7426 -12
4113500 -11.4858 -12
4113600 -11.721 -12
4113700 -12.2953 -12
4113800 -12.8134 -12
4113900 -13.1212 -12
4114000 -12.8957 -12
4114100 -12.4614 -12
4114200 -12.1712 -12
4114300 -11.8937 -12
4114400 -11.7903 -12
4114500 -12.0962 -12
4114600 -12.295 -12
4114700 -12.2973 -12
4114800 -12.4177 -12
4114900 -12.3989 -12
4115000 -12.4186 -12
4115100 -12.3873 -12
4115200 -12.1813 -12
4115300 -12.0744 -12
4115400 -12.0981 -12
4115500 -11.9514 -12
4115600 -12.0232 -12
4115700 -12.1839 -12
4115800 -12.5302 -12
4115900 -12.7918 -12
4116000 -12.9873 -12
4116100 -13.0241 -12
4116200 -13.0431 -12
4116300 -13.1419 -12
4116400 -12.8759 -12
4116500 -12.1781 -12
4116600 -11.7119 -12
4116700 -11.7987 -12
4116800 -11.9998 -12
4116900 -12.0888 -12
4117000 -12.2496 -12
4117100 -12.365 -12
4117200 -12.3699 -12
4117300 -12.2707 -12
4117400 -12.0504 -12
4117500 -11.8538 -12
4117600 -11.8117 -12
4117700 -11.9589 -12
4117800 -12.4783 -12
4117900 -13.1636 -12
4118000 -13.2425 -12
4118100 -12.8335 -12
4118200 -12.4552 -12
4118300 -12.3773 -12
4118400 -12.292 -12
4118500 -12.0136 -12
4118600 -11.9455 -12
4118700 -11.9828 -12
4118800 -12.0895 -12
4118900 -12.0647 -12
4119000 -12.1719 -12
4119100 -12.2545 -12
4119200 -12.3276 -12
4119300 -12.5756 -12
4119400 -12.7601 -12
4119500 -12.7877 -12
4119600 -12.6476 -12
4119700 -12.544 -12
4119800 -12.4122 -12
4119900 -12.5392 -12
4120000 -12.4985 -12
4120100 -12.3415 -12
4120200 -12.3198 -12
4120300 -12.3449 -12
4120400 -12.4382 -12
4120500 -12.6116 -12
4120600 -12.6661 -12
4120700 -12.5028 -12
4120800 -12.1979 -12
4120900 -12.1963 -12
4121000 -12.2576 -12
4121100 -12.4088 -12
4121200 -12.4419 -12
4121300 -12.3931 -12
4121400 -12.4623 -12
4121500 -12.3685 -12
4121600 -12.4401 -12
4121700 -12.2763 -12
4121800 -12.0961 -12
4121900 -12.1742 -12
4122000 -12.2635 -12
4122100 -12.3155 -12
4122200 -12.4451 -12
4122300 -12.6232 -12
4122400 -12.695 -12
4122500 -12.7658 -12
4122600 -12.4474 -12
4122700 -12.3269 -12
4122800 -12.4658 -12
4122900 -12.3138 -12
4123000 -12.3532 -12
4123100 -12.566 -12
4123200 -12.7057 -12
4123300 -12.9275 -12
4123400 -13.0371 -12
4123500 -12.6372 -12
4123600 -11.9844 -12
4123700 -11.6861 -12
4123800 -11.695 -12
4123900 -11.8212 -12
4124000 -12.0092 -12
4124100 -12.0762 -12
4124200 -11.9125 -12
4124300 -11.7941 -12
4124400 -11.9086 -12
4124500 -12.452 -12
4124600 -12.7727 -12
4124700 -12.5848 -12
4124800 -12.3049 -12
4124900 -12.0262 -12
4125000 -12.2225 -12
4125100 -12.4798 -12
4125200 -12.685 -12
4125300 -12.532 -12
4125400 -12.4048 -12
4125500 -12.5283 -12
4125600 -12.7127 -12
4125700 -12.6025 -12
4125800 -12.4157 -12
4125900 -12.1813 -12
4126000 -12.0355 -12
4126100 -12.2022 -12
4126200 -12.0922 -12
4126300 -11.8476 -12
4126400 -11.8643 -12
4126500 -12.0082 -12
4126600 -12.0826 -12
4126700 -12.0218 -12
4126800 -12.0987 -12
4126900 -12.3341 -12
4127000 -12.4073 -12
4127100 -12.1504 -12
4127200 -11.8659 -12
4127300 -11.9982 -12
4127400 -12.113 -12
4127500 -12.3014 -12
4127600 -12.3633 -12
4127700 -12.3585 -12
4127800 -12.3228 -12
4127900 -12.3197 -12
4128000 -12.3711 -12
4128100 -12.2958 -12
4128200 -12.2767 -12
4128300 -12.4368 -12
4128400 -12.1988 -12
4128500 -12.1314 -12
4128600 -12.5618 -12
4128700 -12.9642 -12
4128800 -13.0683 -12
4128900 -12.602 -12
4129000 -12.0935 -12
4129100 -12.0026 -12
4129200 -12.1472 -12
4129300 -12.1471 -12
4129400 -12.0976 -12
4129500 -12.0529 -12
4129600 -12.1234 -12
4129700 -12.0909 -12
4129800 -11.9279 -12
4129900 -11.9692 -12
4130000 -12.3272 -12
4130100 -12.879 -12
4130200 -13.2443 -12
4130300 -13.1323 -12
4130400 -12.9025 -12
4130500 -12.7727 -12
4130600 -12.685 -12
4130700 -12.2719 -12
4130800 -11.7531 -12
4130900 -11.4972 -12
4131000 -11.5801 -12
4131100 -11.8701 -12
4131200 -12.3575 -12
4131300 -12.5026 -12
4131400 -12.3897 -12
4131500 -12.2099 -12
4131600 -12.2806 -12
4131700 -12.3744 -12
4131800 -12.2205 -12
4131900 -11.9866 -12
4132000 -11.9857 -12
4132100 -12.3915 -12
4132200 -12.6538 -12
4132300 -12.8864 -12
4132400 -12.8908 -12
4132500 -12.677 -12
4132600 -12.6756 -12
4132700 -12.7046 -12
4132800 -12.7945 -12
4132900 -12.9234 -12
4133000 -12.8187 -12
4133100 -12.3357 -12
4133200 -12.1093 -12
4133300 -12.1445 -12
4133400 -12.184 -12
4133500 -12.5093 -12
4133600 -12.9202 -12
4133700 -13.3422 -12
4133800 -13.2908 -12
4133900 -12.3366 -12
4134000 -11.5667 -12
4134100 -11.4376 -12
4134200 -11.8492 -12
4134300 -12.2964 -12
4134400 -12.6442 -12
4134500 -12.9649 -12
4134600 -13.121 -12
4134700 -12.8314 -12
4134800 -12.1572 -12
4134900 -11.7362 -12
4135000 -11.7585 -12
4135100 -12.0009 -12
4135200 -12.4645 -12
4135300 -12.7115 -12
4135400 -12.8771 -12
4135500 -12.8426 -12
4135600 -12.5926 -12
4135700 -12.2444 -12
4135800 -11.8533 -12
4135900 -11.6855 -12
4136000 -11.8203 -12
4136100 -11.8651 -12
4136200 -11.8215 -12
4136300 -12.1183 -12
4136400 -12.609 -12
4136500 -12.7775 -12
4136600 -12.5794 -12
4136700 -12.407 -12
4136800 -12.2264 -12
4136900 -11.994 -12
4137000 -11.9313 -12
4137100 -12.2159 -12
4137200 -12.7933 -12
4137300 -13.1203 -12
4137400 -13.1208 -12
4137500 -12.8957 -12
4137600 -12.5358 -12
4137700 -12.0204 -12
4137800 -11.7898 -12
4137900 -12.0222 -12
4138000 -12.51 -12
4138100 -12.6789 -12
4138200 -12.5459 -12
4138300 -12.4856 -12
4138400 -12.3008 -12
4138500 -11.9879 -12
4138600 -11.8506 -12
4138700 -12.1182 -12
4138800 -12.4271 -12
4138900 -12.4199 -12
4139000 -12.1222 -12
4139100 -12.1528 -12
4139200 -12.2984 -12
4139300 -12.1977 -12
4139400 -12.0862 -12
4139500 -12.0401 -12
4139600 -12.0187 -12
4139700 -12.1994 -12
4139800 -12.5795 -12
4139900 -12.7315 -12
4140000 -12.8072 -12
4140100 -12.9551 -12
4140200 -12.7852 -12
4140300 -12.4042 -12
4140400 -12.1568 -12
4140500 -12.1103 -12
4140600 -12.3021 -12
4140700 -12.6084 -12
4140800 -12.7004 -12
4140900 -12.7741 -12
4141000 -12.6072 -12
4141100 -12.2186 -12
4141200 -11.9269 -12
4141300 -11.853 -12
4141400 -12.0641 -12
4141500 -12.3284 -12
4141600 -12.4995 -12
4141700 -12.5145 -12
4141800 -12.2176 -12
4141900 -11.9226 -12
4142000 -11.9599 -12
4142100 -12.4984 -12
4142200 -13.2242 -12
4142300 -13.4663 -12
4142400 -13.3425 -12
4142500 -12.7616 -12
4142600 -12.1519 -12
4142700 -11.8295 -12
4142800 -11.8509 -12
4142900 -12.1718 -12
4143000 -12.4591 -12
4143100 -12.5361 -12
4143200 -12.3471 -12
4143300 -12.236 -12
4143400 -12.4382 -12
4143500 -12.8016 -12
4143600 -12.8285 -12
4143700 -12.8174 -12
4143800 -12.6031 -12
4143900 -12.3189 -12
4144000 -12.1949 -12
4144100 -12.3314 -12
4144200 -12.5449 -12
4144300 -12.398 -12
4144400 -12.0724 -12
4144500 -12.1266 -12
4144600 -12.2055 -12
4144700 -12.4645 -12
4144800 -12.6853 -12
4144900 -12.5906 -12
4145000 -12.2784 -12
4145100 -11.9497 -12
4145200 -11.9271 -12
4145300 -11.9595 -12
4145400 -11.9346 -12
4145500 -11.9532 -12
4145600 -12.2074 -12
4145700 -12.6478 -12
4145800 -12.8735 -12
4145900 -12.8002 -12
4146000 -12.3794 -12
4146100 -12.0838 -12
4146200 -11.7372 -12
4146300 -11.5021 -12
4146400 -11.6218 -12
4146500 -11.9843 -12
4146600 -12.7383 -12
4146700 -13.3521 -12
4146800 -13.2952 -12
4146900 -12.9374 -12
4147000 -12.5503 -12
4147100 -11.9109 -12
4147200 -11.7401 -12
4147300 -12.142 -12
4147400 -12.6627 -12
4147500 -13.2388 -12
4147600 -13.2323 -12
4147700 -12.7586 -12
4147800 -12.1348 -12
4147900 -11.5723 -12
4148000 -11.6547 -12
4148100 -12.1003 -12
4148200 -12.1616 -12
4148300 -12.109 -12
4148400 -12.3975 -12
4148500 -12.9082 -12
4148600 -13.2592 -12
4148700 -13.2212 -12
4148800 -12.6986 -12
4148900 -12.2243 -12
4149000 -11.8082 -12
4149100 -11.6398 -12
4149200 -11.7789 -12
4149300 -12.3584 -12
4149400 -12.6141 -12
4149500 -12.5791 -12
4149600 -12.5272 -12
4149700 -12.5045 -12
4149800 -12.478 -12
4149900 -12.3369 -12
4150000 -12.304 -12
4150100 -12.3419 -12
4150200 -12.3097 -12
4150300 -12.3285 -12
4150400 -12.279 -12
4150500 -12.2795 -12
4150600 -12.64 -12
4150700 -13.1527 -12
4150800 -13.4257 -12
4150900 -13.1551 -12
4151000 -12.6007 -12
4151100 -12.1247 -12
4151200 -11.6169 -12
4151300 -11.7245 -12
4151400 -12.1761 -12
4151500 -12.3974 -12
4151600 -12.301 -12
4151700 -12.3773 -12
4151800 -12.6186 -12
4151900 -12.8447 -12
4152000 -12.97 -12
4152100 -12.7466 -12
4152200 -12.618 -12
4152300 -12.4925 -12
4152400 -12.1567 -12
4152500 -11.7915 -12
4152600 -11.4608 -12
4152700 -11.5974 -12
4152800 -12.0341 -12
4152900 -12.599 -12
4153000 -13.0316 -12
4153100 -13.1079 -12
4153200 -12.8925 -12
4153300 -12.606 -12
4153400 -12.2467 -12
4153500 -11.9879 -12
4153600 -11.9873 -12
4153700 -12.0868 -12
4153800 -12.4164 -12
4153900 -12.7757 -12
4154000 -12.7598 -12
4154100 -12.6158 -12
4154200 -12.3664 -12
4154300 -12.0453 -12
4154400 -12.1617 -12
4154500 -12.3419 -12
4154600 -12.3745 -12
4154700 -12.3844 -12
4154800 -12.3376 -12
4154900 -12.347 -12
4155000 -12.1574 -12
4155100 -12.0433 -12
4155200 -11.9907 -12
4155300 -11.8909 -12
4155400 -12.1853 -12
4155500 -12.878 -12
4155600 -13.2935 -12
4155700 -13.3999 -12
4155800 -12.9135 -12
4155900 -11.9363 -12
4156000 -11.3964 -12
4156100 -11.7872 -12
4156200 -12.5439 -12
4156300 -13.1715 -12
4156400 -13.3642 -12
4156500 -13.0711 -12
4156600 -12.5588 -12
4156700 -12.4196 -12
4156800 -12.6856 -12
4156900 -13.0509 -12
4157000 -13.0387 -12
4157100 -12.7066 -12
4157200 -12.4516 -12
4157300 -12.3296 -12
4157400 -12.1303 -12
4157500 -11.873 -12
4157600 -12.0843 -12
4157700 -12.293 -12
4157800 -12.4173 -12
4157900 -12.5341 -12
4158000 -12.1262 -12
4158100 -11.8944 -12
4158200 -11.7832 -12
4158300 -11.7727 -12
4158400 -11.6193 -12
4158500 -11.4735 -12
4158600 -11.2939 -12
4158700 -11.1571 -12
4158800 -11.5517 -12
4158900 -12.1519 -12
4159000 -12.5816 -12
4159100 -12.9796 -12
4159200 -12.9502 -12
4159300 -12.5742 -12
4159400 -12.3365 -12
4159500 -12.2402 -12
4159600 -11.8477 -12
4159700 -11.8044 -12
4159800 -12.0268 -12
4159900 -12.4845 -12
4160000 -12.7251 -12
4160100 -12.7469 -12
4160200 -12.6639 -12
4160300 -12.6763 -12
4160400 -12.6723 -12
4160500 -12.5394 -12
4160600 -12.449 -12
4160700 -12.3656 -12
4160800 -12.2976 -12
4160900 -12.2507 -12
4161000 -12.3913 -12
4161100 -12.4428 -12
4161200 -12.433 -12
4161300 -12.5693 -12
4161400 -12.5534 -12
4161500 -12.3843 -12
4161600 -12.205 -12
4161700 -11.9921 -12
4161800 -11.7527 -12
4161900 -11.6308 -12
4162000 -12.0771 -12
4162100 -12.5336 -12
4162200 -12.8942 -12
4162300 -13.0305 -12
4162400 -13.1 -12
4162500 -13.0476 -12
4162600 -12.8631 -12
4162700 -12.4228 -12
4162800 -11.9326 -12
4162900 -11.6491 -12
4163000 -11.8903 -12
4163100 -12.2231 -12
4163200 -12.3702 -12
4163300 -12.4025 -12
4163400 -12.3501 -12
4163500 -12.2772 -12
4163600 -11.9905 -12
4163700 -11.9025 -12
4163800 -12.0755 -12
4163900 -12.2531 -12
4164000 -12.2859 -12
4164100 -12.4287 -12
4164200 -12.4531 -12
4164300 -12.4397 -12
4164400 -12.5871 -12
4164500 -12.3577 -12
4164600 -11.8628 -12
4164700 -11.5324 -12
4164800 -11.7036 -12
4164900 -11.9808 -12
4165000 -12.2123 -12
4165100 -12.2833 -12
4165200 -12.1774 -12
4165300 -12.3542 -12
4165400 -12.271 -12
4165500 -12.2851 -12
4165600 -12.1484 -12
4165700 -12.2286 -12
4165800 -12.3119 -12
4165900 -12.3205 -12
4166000 -12.3862 -12
4166100 -12.2096 -12
4166200 -11.8454 -12
4166300 -11.7395 -12
4166400 -11.7754 -12
4166500 -11.9769 -12
4166600 -12.4034 -12
4166700 -12.8172 -12
4166800 -12.92 -12
4166900 -12.7607 -12
4167000 -12.6239 -12
4167100 -12.5852 -12
4167200 -12.4191 -12
4167300 -12.3907 -12
4167400 -12.0929 -12
4167500 -11.808 -12
4167600 -11.8817 -12
4167700 -12.2094 -12
4167800 -12.4648 -12
4167900 -12.4996 -12
4168000 -12.7459 -12
4168100 -12.8715 -12
4168200 -12.796 -12
4168300 -12.2396 -12
4168400 -11.7683 -12
4168500 -11.5214 -12
4168600 -11.7356 -12
4168700 -11.8828 -12
4168800 -12.0223 -12
4168900 -12.2279 -12
4169000 -12.6265 -12
4169100 -12.8848 -12
4169200 -12.7936 -12
4169300 -12.241 -12
4169400 -11.7796 -12
4169500 -11.6447 -12
4169600 -11.6532 -12
4169700 -12.1637 -12
4169800 -12.7269 -12
4169900 -13.1606 -12
4170000 -13.3873 -12
4170100 -13.3036 -12
4170200 -12.7034 -12
4170300 -12.0647 -12
4170400 -11.3997 -12
4170500 -11.305 -12
4170600 -11.7225 -12
4170700 -12.1345 -12
4170800 -12.3933 -12
4170900 -12.7033 -12
4171000 -12.8488 -12
4171100 -12.5163 -12
4171200 -11.9853 -12
4171300 -11.7151 -12
4171400 -11.7533 -12
4171500 -11.9722 -12
4171600 -12.1517 -12
4171700 -12.3486 -12
4171800 -12.4264 -12
4171900 -12.5637 -12
4172000 -12.7122 -12
4172100 -12.8885 -12
4172200 -12.9978 -12
4172300 -13.14 -12
4172400 -13.0485 -12
4172500 -12.8142 -12
4172600 -12.4854 -12
4172700 -12.2155 -12
4172800 -12.034 -12
4172900 -11.8803 -12
4173000 -11.784 -12
4173100 -11.913 -12
4173200 -12.2035 -12
4173300 -12.7405 -12
4173400 -13.1454 -12
4173500 -12.9139 -12
4173600 -12.4416 -12
4173700 -12.2053 -12
4173800 -12.1475 -12
4173900 -12.3203 -12
4174000 -12.2596 -12
4174100 -12.2067 -12
4174200 -11.9525 -12
4174300 -11.4249 -12
4174400 -11.519 -12
4174500 -12.1018 -12
4174600 -12.8705 -12
4174700 -13.4626 -12
4174800 -13.4291 -12
4174900 -13.0801 -12
4175000 -12.6102 -12
4175100 -12.0449 -12
4175200 -11.5761 -12
4175300 -11.6404 -12
4175400 -12.0412 -12
4175500 -12.3167 -12
4175600 -12.35 -12
4175700 -12.3055 -12
4175800 -12.3276 -12
4175900 -12.4653 -12
4176000 -12.5657 -12
4176100 -12.7907 -12
4176200 -12.78 -12
4176300 -12.671 -12
4176400 -12.4974 -12
4176500 -12.4032 -12
4176600 -12.3946 -12
4176700 -12.2388 -12
4176800 -12.1159 -12
4176900 -12.0954 -12
4177000 -11.9483 -12
4177100 -11.814 -12
4177200 -12.0434 -12
4177300 -12.346 -12
4177400 -12.6785 -12
4177500 -12.7383 -12
4177600 -12.9082 -12
4177700 -13.0716 -12
4177800 -12.9635 -12
4177900 -12.565 -12
4178000 -12.0884 -12
4178100 -11.9775 -12
4178200 -12.3583 -12
4178300 -12.6466 -12
4178400 -13.0502 -12
4178500 -13.0957 -12
4178600 -12.7771 -12
4178700 -12.4344 -12
4178800 -12.5442 -12
4178900 -12.7152 -12
4179000 -12.546 -12
4179100 -12.3137 -12
4179200 -12.0587 -12
4179300 -11.7393 -12
4179400 -11.6388 -12
4179500 -11.7571 -12
4179600 -12.0152 -12
4179700 -12.4369 -12
4179800 -12.6224 -12
4179900 -12.4014 -12
4180000 -12.3011 -12
4180100 -12.4442 -12
4180200 -12.6219 -12
4180300 -12.7842 -12
4180400 -12.5747 -12
4180500 -12.2521 -12
4180600 -12.1703 -12
4180700 -12.2203 -12
4180800 -12.3379 -12
4180900 -12.3065 -12
4181000 -12.133 -12
4181100 -12.0775 -12
4181200 -12.2624 -12
4181300 -12.6062 -12
4181400 -12.8566 -12
4181500 -12.7389 -12
4181600 -12.3437 -12
4181700 -12.1716 -12
4181800 -12.0398 -12
4181900 -12.2234 -12
4182000 -12.4605 -12
4182100 -12.8774 -12
4182200 -13.2008 -12
4182300 -12.8315 -12
4182400 -12.264 -12
4182500 -12.0957 -12
4182600 -11.9878 -12
4182700 -12.0994 -12
4182800 -12.3865 -12
4182900 -12.4507 -12
4183000 -12.3272 -12
4183100 -12.2077 -12
4183200 -12.0855 -12
4183300 -11.9852 -12
4183400 -11.7298 -12
4183500 -11.7342 -12
4183600 -11.8682 -12
4183700 -11.9523 -12
4183800 -12.3189 -12
4183900 -12.9045 -12
4184000 -13.1265 -12
4184100 -12.7584 -12
4184200 -12.1454 -12
4184300 -11.6499 -12
4184400 -11.648 -12
4184500 -11.8509 -12
4184600 -12.1521 -12
4184700 -12.442 -12
4184800 -12.5102 -12
4184900 -12.4658 -12
4185000 -12.5427 -12
4185100 -12.6192 -12
4185200 -12.4257 -12
4185300 -12.3065 -12
4185400 -12.1548 -12
4185500 -12.0414 -12
4185600 -12.0952 -12
4185700 -12.2409 -12
4185800 -12.3124 -12
4185900 -12.072 -12
4186000 -11.9537 -12
4186100 -12.023 -12
4186200 -12.0657 -12
4186300 -12.0778 -12
4186400 -12.2123 -12
4186500 -12.4258 -12
4186600 -12.5047 -12
4186700 -12.5707 -12
4186800 -12.5849 -12
4186900 -12.5668 -12
4187000 -12.4246 -12
4187100 -12.0916 -12
4187200 -11.7999 -12
4187300 -11.6532 -12
4187400 -11.6205 -12
4187500 -11.8505 -12
4187600 -12.3255 -12
4187700 -12.5496 -12
4187800 -12.6605 -12
4187900 -12.5533 -12
4188000 -12.4358 -12
4188100 -12.289 -12
4188200 -12.1785 -12
4188300 -12.0064 -12
4188400 -12.0446 -12
4188500 -12.4128 -12
4188600 -12.7344 -12
4188700 -12.6993 -12
4188800 -12.5855 -12
4188900 -12.5081 -12
4189000 -12.5275 -12
4189100 -12.3788 -12
4189200 -12.3978 -12
4189300 -12.6051 -12
4189400 -12.7178 -12
4189500 -12.4218 -12
4189600 -12.1771 -12
4189700 -11.9754 -12
4189800 -11.9725 -12
4189900 -11.9753 -12
4190000 -11.8851 -12
4190100 -11.9541 -12
4190200 -12.0456 -12
4190300 -12.0059 -12
4190400 -11.9802 -12
4190500 -12.0355 -12
4190600 -12.055 -12
4190700 -12.1783 -12
4190800 -12.4096 -12
4190900 -12.7486 -12
4191000 -12.8941 -12
4191100 -13.0901 -12
4191200 -12.937 -12
4191300 -12.4497 -12
4191400 -12.0975 -12
4191500 -11.9399 -12
4191600 -11.9249 -12
4191700 -12.2292 -12
4191800 -12.6578 -12
4191900 -12.761 -12
4192000 -12.6599 -12
4192100 -12.3238 -12
4192200 -11.9448 -12
4192300 -11.9187 -12
4192400 -12.1707 -12
4192500 -12.5347 -12
4192600 -12.7834 -12
4192700 -12.4874 -12
4192800 -11.8662 -12
4192900 -11.8088 -12
4193000 -12.0006 -12
4193100 -12.4501 -12
4193200 -12.7936 -12
4193300 -12.7655 -12
4193400 -12.5183 -12
4193500 -12.1391 -12
4193600 -11.8803 -12
4193700 -11.5487 -12
4193800 -11.5713 -12
4193900 -11.7893 -12
4194000 -12.1641 -12
4194100 -12.5997 -12
4194200 -12.6835 -12
4194300 -12.4293 -12
4194400 -12.2771 -12
4194500 -12.1339 -12
4194600 -11.9448 -12
4194700 -12.0154 -12
4194800 -12.4887 -12
4194900 -12.7234 -12
4195000 -12.5653 -12
4195100 -12.5678 -12
4195200 -12.7213 -12
4195300 -12.69 -12
4195400 -12.483 -12
4195500 -12.3589 -12
4195600 -12.5247 -12
4195700 -12.4117 -12
4195800 -12.381 -12
4195900 -12.3022 -12
4196000 -12.1529 -12
4196100 -12.1758 -12
4196200 -12.0799 -12
4196300 -12.3096 -12
4196400 -12.9395 -12
4196500 -13.4323 -12
4196600 -13.4604 -12
4196700 -12.9218 -12
4196800 -12.3594 -12
4196900 -12.0606 -12
4197000 -12.1476 -12
4197100 -12.2666 -12
4197200 -12.3113 -12
4197300 -12.3223 -12
4197400 -12.1675 -12
4197500 -12.3351 -12
4197600 -12.6168 -12
4197700 -12.5141 -12
4197800 -12.1908 -12
4197900 -11.512 -12
4198000 -11.199 -12
4198100 -11.3405 -12
4198200 -11.8839 -12
4198300 -12.4005 -12
4198400 -12.6392 -12
4198500 -12.5728 -12
4198600 -12.5058 -12
4198700 -12.4944 -12
4198800 -12.471 -12
4198900 -12.2359 -12
4199000 -12.1851 -12
4199100 -12.4096 -12
4199200 -12.4288 -12
4199300 -12.1097 -12
4199400 -11.738 -12
4199500 -11.7421 -12
4199600 -12.0593 -12
4199700 -12.2151 -12
4199800 -12.0119 -12
4199900 -12.0796 -12
4200000 -12.2516 -12
4200100 -12.1917 -12
4200200 -12.0835 -12
4200300 -12.0829 -12
4200400 -12.2516 -12
4200500 -12.6579 -12
4200600 -13.052 -12
4200700 -13.0829 -12
4200800 -12.9486 -12
4200900 -12.5287 -12
4201000 -12.0593 -12
4201100 -11.8877 -12
4201200 -12.0252 -12
4201300 -12.1962 -12
4201400 -12.2508 -12
4201500 -12.3859 -12
4201600 -12.5185 -12
4201700 -12.5754 -12
4201800 -12.5403 -12
4201900 -12.4084 -12
4202000 -12.198 -12
4202100 -12.0505 -12
4202200 -12.1823 -12
4202300 -12.4761 -12
4202400 -12.6969 -12
4202500 -12.863 -12
4202600 -12.703 -12
4202700 -12.3006 -12
4202800 -11.883 -12
4202900 -11.7665 -12
4203000 -11.8091 -12
4203100 -11.9027 -12
4203200 -11.8847 -12
4203300 -11.8037 -12
4203400 -11.9727 -12
4203500 -12.207 -12
4203600 -12.4052 -12
4203700 -12.0484 -12
4203800 -11.8024 -12
4203900 -11.8294 -12
4204000 -11.8172 -12
4204100 -11.7837 -12
4204200 -11.8244 -12
4204300 -12.1065 -12
4204400 -12.3564 -12
4204500 -12.5636 -12
4204600 -12.3917 -12
4204700 -11.9269 -12
4204800 -11.4833 -12
4204900 -11.2736 -12
4205000 -11.4324 -12
4205100 -11.87 -12
4205200 -12.3756 -12
4205300 -12.7617 -12
4205400 -13.0167 -12
4205500 -13.1052 -12
4205600 -12.7295 -12
4205700 -12.0851 -12
4205800 -11.8922 -12
4205900 -12.0113 -12
4206000 -12.0495 -12
4206100 -12.1377 -12
4206200 -12.3046 -12
4206300 -12.3623 -12
4206400 -12.4239 -12
4206500 -12.4651 -12
4206600 -12.4802 -12
4206700 -12.4538 -12
4206800 -12.0672 -12
4206900 -12.0503 -12
4207000 -12.5523 -12
4207100 -13.0926 -12
4207200 -13.2284 -12
4207300 -13.1106 -12
4207400 -12.54 -12
4207500 -11.7617 -12
4207600 -11.2828 -12
4207700 -11.4815 -12
4207800 -11.8984 -12
4207900 -12.4583 -12
4208000 -12.9093 -12
4208100 -12.9306 -12
4208200 -12.7319 -12
4208300 -12.3457 -12
4208400 -12.2271 -12
4208500 -12.3133 -12
4208600 -12.2748 -12
4208700 -12.3245 -12
4208800 -12.5941 -12
4208900 -12.7285 -12
4209000 -12.6667 -12
4209100 -12.3282 -12
4209200 -11.9366 -12
4209300 -11.7592 -12
4209400 -11.8363 -12
4209500 -12.1413 -12
4209600 -12.4409 -12
4209700 -12.4443 -12
4209800 -12.3011 -12
4209900 -12.2228 -12
4210000 -12.4647 -12
4210100 -12.8145 -12
4210200 -12.8781 -12
4210300 -12.6648 -12
4210400 -12.3258 -12
4210500 -11.9704 -12
4210600 -11.8712 -12
4210700 -12.0493 -12
4210800 -12.2305 -12
4210900 -12.1233 -12
4211000 -12.1672 -12
4211100 -12.2938 -12
4211200 -12.4224 -12
4211300 -12.5252 -12
4211400 -12.4612 -12
4211500 -12.3664 -12
4211600 -11.9678 -12
4211700 -11.6497 -12
4211800 -12.001 -12
4211900 -12.4123 -12
4212000 -12.6591 -12
4212100 -12.785 -12
4212200 -12.8603 -12
4212300 -12.5041 -12
4212400 -12.0282 -12
4212500 -11.7171 -12
4212600 -11.7788 -12
4212700 -11.8198 -12
4212800 -11.9012 -12
4212900 -11.8795 -12
4213000 -11.84 -12
4213100 -11.9182 -12
4213200 -11.9896 -12
4213300 -12.2475 -12
4213400 -12.6195 -12
4213500 -12.8921 -12
4213600 -12.8382 -12
4213700 -12.5166 -12
4213800 -12.3443 -12
4213900 -12.3356 -12
4214000 -12.1958 -12
4214100 -12.3415 -12
4214200 -12.7871 -12
4214300 -13.1678 -12
4214400 -13.3528 -12
4214500 -13.3502 -12
4214600 -12.9271 -12
4214700 -12.1923 -12
4214800 -11.7453 -12
4214900 -11.875 -12
4215000 -12.1159 -12
4215100 -12.3832 -12
4215200 -12.7969 -12
4215300 -13.1348 -12
4215400 -13.0539 -12
4215500 -12.7396 -12
4215600 -12.183 -12
4215700 -11.7045 -12
4215800 -11.3269 -12
4215900 -11.5835 -12
4216000 -12.2341 -12
4216100 -12.9193 -12
4216200 -13.2697 -12
4216300 -13.1275 -12
4216400 -12.7354 -12
4216500 -12.3912 -12
4216600 -12.1013 -12
4216700 -11.9355 -12
4216800 -11.9512 -12
4216900 -12.2177 -12
4217000 -12.3049 -12
4217100 -12.201 -12
4217200 -12.2876 -12
4217300 -12.6791 -12
4217400 -12.801 -12
4217500 -12.9716 -12
4217600 -13.1509 -12
4217700 -12.9488 -12
4217800 -12.5826 -12
4217900 -12.1655 -12
4218000 -11.8552 -12
4218100 -12.0282 -12
4218200 -12.3559 -12
4218300 -12.6506 -12
4218400 -12.9472 -12
4218500 -13.2292 -12
4218600 -13.4523 -12
4218700 -13.5058 -12
4218800 -13.0675 -12
4218900 -12.3022 -12
4219000 -11.6456 -12
4219100 -11.7305 -12
4219200 -12.1031 -12
4219300 -12.3059 -12
4219400 -12.2744 -12
4219500 -12.3691 -12
4219600 -12.38 -12
4219700 -12.1751 -12
4219800 -12.2094 -12
4219900 -12.7521 -12
4220000 -13.1417 -12
4220100 -13.0088 -12
4220200 -12.7042 -12
4220300 -12.534 -12
4220400 -12.4536 -12
4220500 -12.4296 -12
4220600 -12.5451 -12
4220700 -12.7968 -12
4220800 -13.0809 -12
4220900 -12.9766 -12
4221000 -12.7394 -12
4221100 -12.51 -12
4221200 -11.9956 -12
4221300 -11.6683 -12
4221400 -11.7215 -12
4221500 -11.9002 -12
4221600 -12.0675 -12
4221700 -12.3106 -12
4221800 -12.357 -12
4221900 -12.2602 -12
4222000 -12.098 -12
4222100 -12.1024 -12
4222200 -12.3476 -12
4222300 -12.584 -12
4222400 -12.5897 -12
4222500 -12.3668 -12
4222600 -11.9741 -12
4222700 -11.9661 -12
4222800 -12.0941 -12
4222900 -12.3328 -12
4223000 -12.8221 -12
4223100 -13.0037 -12
4223200 -12.8855 -12
4223300 -12.78 -12
4223400 -12.523 -12
4223500 -12.3993 -12
4223600 -12.4128 -12
4223700 -12.3823 -12
4223800 -12.2936 -12
4223900 -12.3252 -12
4224000 -12.5845 -12
4224100 -12.446 -12
4224200 -12.1199 -12
4224300 -12.0748 -12
4224400 -11.8535 -12
4224500 -11.5701 -12
4224600 -11.8268 -12
4224700 -12.3713 -12
4224800 -12.9232 -12
4224900 -13.0409 -12
4225000 -13.024 -12
4225100 -12.9263 -12
4225200 -12.6007 -12
4225300 -12.2051 -12
4225400 -12.1173 -12
4225500 -12.4009 -12
4225600 -12.9407 -12
4225700 -13.3089 -12
4225800 -13.302 -12
4225900 -12.939 -12
4226000 -12.4567 -12
4226100 -12.2769 -12
4226200 -12.3183 -12
4226300 -12.6114 -12
4226400 -12.8077 -12
4226500 -12.7897 -12
4226600 -12.3752 -12
4226700 -12.0116 -12
4226800 -11.8654 -12
4226900 -12.2902 -12
4227000 -12.9408 -12
4227100 -13.4338 -12
4227200 -13.3895 -12
4227300 -12.8171 -12
4227400 -12.3048 -12
4227500 -12.0873 -12
4227600 -12.3193 -12
4227700 -12.3639 -12
4227800 -12.1804 -12
4227900 -12.1807 -12
4228000 -12.2979 -12
4228100 -12.3358 -12
4228200 -12.553 -12
4228300 -12.9232 -12
4228400 -12.9713 -12
4228500 -12.8918 -12
4228600 -12.6111 -12
4228700 -12.1241 -12
4228800 -11.7732 -12
4228900 -11.7064 -12
4229000 -12.0171 -12
4229100 -12.6241 -12
4229200 -12.8684 -12
4229300 -12.7461 -12
4229400 -12.5834 -12
4229500 -12.415 -12
4229600 -12.1306 -12
4229700 -12.0284 -12
4229800 -12.0591 -12
4229900 -12.1184 -12
4230000 -12.7026 -12
