# Time-averaged data for fix myat1
# TimeStep v_xave v_xdes
1150100 -30.3029 -30
1150200 -30.6057 -30
1150300 -30.8106 -30
1150400 -30.7482 -30
1150500 -30.2856 -30
1150600 -29.3837 -30
1150700 -29.02 -30
1150800 -29.1153 -30
1150900 -29.7367 -30
1151000 -30.3906 -30
1151100 -30.5598 -30
1151200 -30.4414 -30
1151300 -30.1858 -30
1151400 -29.7752 -30
1151500 -29.2763 -30
1151600 -28.9209 -30
1151700 -29.1926 -30
1151800 -29.646 -30
1151900 -30.0631 -30
1152000 -30.472 -30
1152100 -30.3596 -30
1152200 -30.0499 -30
1152300 -29.8112 -30
1152400 -29.9764 -30
1152500 -30.1976 -30
1152600 -30.1057 -30
1152700 -29.9992 -30
1152800 -29.8419 -30
1152900 -29.7632 -30
1153000 -29.6283 -30
1153100 -29.5333 -30
1153200 -29.8635 -30
1153300 -30.3161 -30
1153400 -30.4583 -30
1153500 -30.4288 -30
1153600 -30.0583 -30
1153700 -29.8009 -30
1153800 -29.8187 -30
1153900 -29.887 -30
1154000 -30.1947 -30
1154100 -30.3471 -30
1154200 -30.4909 -30
1154300 -30.5337 -30
1154400 -30.2234 -30
1154500 -29.6895 -30
1154600 -29.465 -30
1154700 -29.6656 -30
1154800 -30.0945 -30
1154900 -30.3943 -30
1155000 -30.5978 -30
1155100 -30.4943 -30
1155200 -30.459 -30
1155300 -30.0005 -30
1155400 -29.4185 -30
1155500 -29.4935 -30
1155600 -30.0589 -30
1155700 -30.5093 -30
1155800 -30.7302 -30
1155900 -30.3016 -30
1156000 -29.6549 -30
1156100 -29.3356 -30
1156200 -29.6226 -30
1156300 -30.1771 -30
1156400 -30.4301 -30
1156500 -30.3386 -30
1156600 -29.9975 -30
1156700 -29.804 -30
1156800 -29.8222 -30
1156900 -30.0184 -30
1157000 -30.3456 -30
1157100 -30.344 -30
1157200 -29.9607 -30
1157300 -29.6276 -30
1157400 -29.6424 -30
1157500 -29.9511 -30
1157600 -29.9802 -30
1157700 -29.8387 -30
1157800 -29.8065 -30
1157900 -29.8242 -30
1158000 -29.8619 -30
1158100 -30.2411 -30
1158200 -30.6508 -30
1158300 -30.6235 -30
1158400 -30.3803 -30
1158500 -30.2181 -30
1158600 -30.015 -30
1158700 -29.7837 -30
1158800 -29.676 -30
1158900 -29.63 -30
1159000 -29.6365 -30
1159100 -29.4772 -30
1159200 -29.7865 -30
1159300 -30.2239 -30
1159400 -30.27 -30
1159500 -30.0498 -30
1159600 -29.4836 -30
1159700 -29.0076 -30
1159800 -29.1573 -30
1159900 -29.6361 -30
1160000 -30.2564 -30
1160100 -30.606 -30
1160200 -30.4595 -30
1160300 -30.1283 -30
1160400 -30.0121 -30
1160500 -29.6539 -30
1160600 -29.3913 -30
1160700 -29.2293 -30
1160800 -29.5285 -30
1160900 -29.7994 -30
1161000 -30.005 -30
1161100 -29.926 -30
1161200 -29.6876 -30
1161300 -29.669 -30
1161400 -29.5987 -30
1161500 -29.7154 -30
1161600 -29.9839 -30
1161700 -30.6145 -30
1161800 -30.9531 -30
1161900 -30.8625 -30
1162000 -30.4293 -30
1162100 -29.8883 -30
1162200 -29.6274 -30
1162300 -29.4678 -30
1162400 -29.5703 -30
1162500 -29.5977 -30
1162600 -29.9084 -30
1162700 -30.4776 -30
1162800 -30.6684 -30
1162900 -30.4903 -30
1163000 -30.3478 -30
1163100 -30.1445 -30
1163200 -30.107 -30
1163300 -29.9424 -30
1163400 -29.7306 -30
1163500 -29.8319 -30
1163600 -30.0733 -30
1163700 -30.1618 -30
1163800 -30.0146 -30
1163900 -29.8636 -30
1164000 -29.9827 -30
1164100 -30.0976 -30
1164200 -30.2766 -30
1164300 -30.2031 -30
1164400 -30.3071 -30
1164500 -30.1965 -30
1164600 -30.1767 -30
1164700 -30.0926 -30
1164800 -29.7942 -30
1164900 -29.4898 -30
1165000 -29.5424 -30
1165100 -29.8008 -30
1165200 -29.9794 -30
1165300 -30.3949 -30
1165400 -30.6804 -30
1165500 -30.3905 -30
1165600 -29.6588 -30
1165700 -29.0811 -30
1165800 -29.0695 -30
1165900 -29.5051 -30
1166000 -29.7704 -30
1166100 -30.0441 -30
1166200 -30.2101 -30
1166300 -30.2456 -30
1166400 -30.1949 -30
1166500 -30.0976 -30
1166600 -30.023 -30
1166700 -29.7854 -30
1166800 -29.6569 -30
1166900 -29.6274 -30
1167000 -29.832 -30
1167100 -29.9694 -30
1167200 -29.8892 -30
1167300 -29.889 -30
1167400 -29.8144 -30
1167500 -29.829 -30
1167600 -29.5072 -30
1167700 -29.6009 -30
1167800 -29.6737 -30
1167900 -29.7912 -30
1168000 -30.0708 -30
1168100 -30.4358 -30
1168200 -30.598 -30
1168300 -30.2532 -30
1168400 -29.8522 -30
1168500 -29.8445 -30
1168600 -30.2435 -30
1168700 -30.5913 -30
1168800 -30.6091 -30
1168900 -30.3705 -30
1169000 -29.9826 -30
1169100 -29.5896 -30
1169200 -29.2691 -30
1169300 -29.3826 -30
1169400 -29.8444 -30
1169500 -30.0962 -30
1169600 -29.9181 -30
1169700 -29.7885 -30
1169800 -29.9323 -30
1169900 -30.1033 -30
1170000 -30.2372 -30
1170100 -30.2739 -30
1170200 -30.2096 -30
1170300 -30.1298 -30
1170400 -30.0414 -30
1170500 -29.9171 -30
1170600 -29.8596 -30
1170700 -29.614 -30
1170800 -29.7149 -30
1170900 -30.0759 -30
1171000 -30.4526 -30
1171100 -30.3196 -30
1171200 -29.8772 -30
1171300 -29.6451 -30
1171400 -29.755 -30
1171500 -29.8448 -30
1171600 -29.9098 -30
1171700 -30.0023 -30
1171800 -29.7363 -30
1171900 -29.5675 -30
1172000 -29.5548 -30
1172100 -29.6854 -30
1172200 -29.7002 -30
1172300 -29.624 -30
1172400 -29.5134 -30
1172500 -29.5826 -30
1172600 -29.5912 -30
1172700 -29.7509 -30
1172800 -30.2204 -30
1172900 -30.4066 -30
1173000 -30.5071 -30
1173100 -30.4177 -30
1173200 -30.2436 -30
1173300 -29.9466 -30
1173400 -29.6756 -30
1173500 -29.8637 -30
1173600 -30.1568 -30
1173700 -30.3068 -30
1173800 -30.3005 -30
1173900 -30.155 -30
1174000 -30.3062 -30
1174100 -30.373 -30
1174200 -30.1409 -30
1174300 -29.8764 -30
1174400 -29.8867 -30
1174500 -29.872 -30
1174600 -29.9296 -30
1174700 -30.18 -30
1174800 -30.2988 -30
1174900 -30.3915 -30
1175000 -30.5946 -30
1175100 -30.6065 -30
1175200 -30.4005 -30
1175300 -30.299 -30
1175400 -30.0281 -30
1175500 -29.9017 -30
1175600 -29.7944 -30
1175700 -29.8829 -30
1175800 -30.0161 -30
1175900 -30.1085 -30
1176000 -30.4159 -30
1176100 -30.535 -30
1176200 -30.4411 -30
1176300 -30.4605 -30
1176400 -30.1584 -30
1176500 -29.7622 -30
1176600 -29.5416 -30
1176700 -29.5704 -30
1176800 -29.9267 -30
1176900 -30.2786 -30
1177000 -30.2863 -30
1177100 -29.822 -30
1177200 -29.3602 -30
1177300 -29.4978 -30
1177400 -29.912 -30
1177500 -30.4863 -30
1177600 -30.7757 -30
1177700 -30.6226 -30
1177800 -30.2074 -30
1177900 -29.6567 -30
1178000 -29.3689 -30
1178100 -29.4505 -30
1178200 -29.3668 -30
1178300 -29.4782 -30
1178400 -29.6526 -30
1178500 -29.8223 -30
1178600 -29.8979 -30
1178700 -29.9356 -30
1178800 -29.6613 -30
1178900 -29.1073 -30
1179000 -29.1786 -30
1179100 -29.5422 -30
1179200 -29.8679 -30
1179300 -29.9081 -30
1179400 -30.0866 -30
1179500 -30.1997 -30
1179600 -30.2625 -30
1179700 -30.3432 -30
1179800 -30.1974 -30
1179900 -29.8946 -30
1180000 -29.7721 -30
1180100 -29.6087 -30
1180200 -29.6788 -30
1180300 -29.9796 -30
1180400 -30.0669 -30
1180500 -29.851 -30
1180600 -29.5883 -30
1180700 -29.6704 -30
1180800 -30.0658 -30
1180900 -30.4844 -30
1181000 -30.6612 -30
1181100 -30.9833 -30
1181200 -30.7585 -30
1181300 -30.1309 -30
1181400 -29.9425 -30
1181500 -29.9068 -30
1181600 -29.9522 -30
1181700 -29.9888 -30
1181800 -30.0827 -30
1181900 -30.3082 -30
1182000 -30.3338 -30
1182100 -29.8816 -30
1182200 -29.401 -30
1182300 -29.1485 -30
1182400 -29.1302 -30
1182500 -29.3429 -30
1182600 -29.8012 -30
1182700 -30.0813 -30
1182800 -30.2617 -30
1182900 -30.1663 -30
1183000 -30.0845 -30
1183100 -30.0542 -30
1183200 -30.2179 -30
1183300 -30.3174 -30
1183400 -30.0613 -30
1183500 -29.6226 -30
1183600 -29.4075 -30
1183700 -29.4789 -30
1183800 -29.7802 -30
1183900 -30.0284 -30
1184000 -30.1732 -30
1184100 -30.2846 -30
1184200 -30.1673 -30
1184300 -30.2004 -30
1184400 -30.365 -30
1184500 -30.4894 -30
1184600 -30.2311 -30
1184700 -29.6936 -30
1184800 -29.1031 -30
1184900 -28.7664 -30
1185000 -29.0464 -30
1185100 -29.6619 -30
1185200 -29.972 -30
1185300 -30.0506 -30
1185400 -30.07 -30
1185500 -30.0793 -30
1185600 -30.0425 -30
1185700 -30.0877 -30
1185800 -30.1356 -30
1185900 -30.1744 -30
1186000 -29.9584 -30
1186100 -29.8742 -30
1186200 -29.7425 -30
1186300 -29.5488 -30
1186400 -29.4148 -30
1186500 -29.5268 -30
1186600 -29.7848 -30
1186700 -30.2573 -30
1186800 -30.269 -30
1186900 -30.0254 -30
1187000 -29.8528 -30
1187100 -29.9039 -30
1187200 -30.1666 -30
1187300 -30.1356 -30
1187400 -30.0141 -30
1187500 -30.1054 -30
1187600 -30.2555 -30
1187700 -30.3488 -30
1187800 -30.186 -30
1187900 -29.7996 -30
1188000 -29.6594 -30
1188100 -29.6955 -30
1188200 -29.6482 -30
1188300 -29.7522 -30
1188400 -29.9587 -30
1188500 -30.0416 -30
1188600 -30.0781 -30
1188700 -30.3085 -30
1188800 -30.3931 -30
1188900 -30.1301 -30
1189000 -29.7132 -30
1189100 -29.481 -30
1189200 -29.6084 -30
1189300 -30.0428 -30
1189400 -30.264 -30
1189500 -30.0755 -30
1189600 -29.7654 -30
1189700 -29.6386 -30
1189800 -29.8637 -30
1189900 -30.37 -30
1190000 -30.6131 -30
1190100 -30.2463 -30
1190200 -29.645 -30
1190300 -29.361 -30
1190400 -29.4433 -30
1190500 -29.8202 -30
1190600 -30.0518 -30
1190700 -30.2977 -30
1190800 -30.4189 -30
1190900 -30.2889 -30
1191000 -29.9294 -30
1191100 -29.9078 -30
1191200 -29.76 -30
1191300 -29.6472 -30
1191400 -29.777 -30
1191500 -30.1015 -30
1191600 -30.5402 -30
1191700 -30.7005 -30
1191800 -30.537 -30
1191900 -30.2474 -30
1192000 -29.9797 -30
1192100 -29.8818 -30
1192200 -29.9597 -30
1192300 -30.0454 -30
1192400 -30.2864 -30
1192500 -30.404 -30
1192600 -30.3654 -30
1192700 -30.347 -30
1192800 -30.2295 -30
1192900 -30.087 -30
1193000 -30.1482 -30
1193100 -30.2077 -30
1193200 -30.0549 -30
1193300 -29.7182 -30
1193400 -29.6916 -30
1193500 -29.7698 -30
1193600 -29.9429 -30
1193700 -30.057 -30
1193800 -30.1361 -30
1193900 -30.1812 -30
1194000 -30.2041 -30
1194100 -30.0992 -30
1194200 -29.6154 -30
1194300 -29.378 -30
1194400 -29.5396 -30
1194500 -29.9084 -30
1194600 -30.1464 -30
1194700 -30.4381 -30
1194800 -30.5994 -30
1194900 -30.3425 -30
1195000 -29.7644 -30
1195100 -29.5603 -30
1195200 -29.7318 -30
1195300 -30.1843 -30
1195400 -30.5244 -30
1195500 -30.4415 -30
1195600 -30.1106 -30
1195700 -29.7803 -30
1195800 -29.6094 -30
1195900 -29.6246 -30
1196000 -29.8895 -30
1196100 -30.1788 -30
1196200 -30.3092 -30
1196300 -30.2855 -30
1196400 -30.1701 -30
1196500 -29.9484 -30
1196600 -29.9056 -30
1196700 -29.8163 -30
1196800 -29.8008 -30
1196900 -29.8603 -30
1197000 -30.0972 -30
1197100 -30.3468 -30
1197200 -30.5918 -30
1197300 -30.5784 -30
1197400 -30.5092 -30
1197500 -30.4459 -30
1197600 -29.8251 -30
1197700 -29.3363 -30
1197800 -29.481 -30
1197900 -29.6928 -30
1198000 -29.8014 -30
1198100 -29.748 -30
1198200 -29.7941 -30
1198300 -30.0962 -30
1198400 -30.6104 -30
1198500 -30.7495 -30
1198600 -30.2994 -30
1198700 -29.8423 -30
1198800 -29.4711 -30
1198900 -29.2938 -30
1199000 -29.1938 -30
1199100 -29.3776 -30
1199200 -29.7107 -30
1199300 -29.9926 -30
1199400 -30.1169 -30
1199500 -30.0954 -30
1199600 -30.0092 -30
1199700 -30.0075 -30
1199800 -29.9292 -30
1199900 -29.646 -30
1200000 -29.3419 -30
1200100 -29.5876 -30
1200200 -30.2415 -30
1200300 -30.7165 -30
1200400 -30.8611 -30
1200500 -30.5788 -30
1200600 -30.392 -30
1200700 -30.1505 -30
1200800 -29.9456 -30
1200900 -30.0439 -30
1201000 -30.4141 -30
1201100 -30.5772 -30
1201200 -30.3082 -30
1201300 -29.9341 -30
1201400 -29.3757 -30
1201500 -29.281 -30
1201600 -29.5837 -30
1201700 -30.0897 -30
1201800 -30.3034 -30
1201900 -30.3547 -30
1202000 -30.3573 -30
1202100 -30.1267 -30
1202200 -29.7419 -30
1202300 -29.4032 -30
1202400 -29.5814 -30
1202500 -30.1037 -30
1202600 -30.5101 -30
1202700 -30.1417 -30
1202800 -30.1119 -30
1202900 -30.3895 -30
1203000 -30.4903 -30
1203100 -30.1094 -30
1203200 -29.8073 -30
1203300 -29.7331 -30
1203400 -29.8114 -30
1203500 -29.9812 -30
1203600 -30.2082 -30
1203700 -30.4445 -30
1203800 -30.4651 -30
1203900 -30.1856 -30
1204000 -29.823 -30
1204100 -29.802 -30
1204200 -30.0191 -30
1204300 -30.2821 -30
1204400 -30.4303 -30
1204500 -30.2578 -30
1204600 -29.8727 -30
1204700 -29.4014 -30
1204800 -29.1945 -30
1204900 -29.2832 -30
1205000 -29.5085 -30
1205100 -29.8128 -30
1205200 -30.1606 -30
1205300 -30.6565 -30
1205400 -30.8 -30
1205500 -30.5208 -30
1205600 -29.9802 -30
1205700 -29.7493 -30
1205800 -29.7771 -30
1205900 -29.7165 -30
1206000 -29.8311 -30
1206100 -30.052 -30
1206200 -30.4632 -30
1206300 -30.3271 -30
1206400 -29.9239 -30
1206500 -29.7782 -30
1206600 -29.7481 -30
1206700 -29.8487 -30
1206800 -29.9612 -30
1206900 -30.1223 -30
1207000 -30.0773 -30
1207100 -29.9935 -30
1207200 -29.7628 -30
1207300 -29.5362 -30
1207400 -29.4782 -30
1207500 -29.3084 -30
1207600 -29.2086 -30
1207700 -29.32 -30
1207800 -29.5159 -30
1207900 -29.8053 -30
1208000 -30.1263 -30
1208100 -30.0002 -30
1208200 -29.6579 -30
1208300 -29.5536 -30
1208400 -29.5219 -30
1208500 -29.5994 -30
1208600 -29.3858 -30
1208700 -29.2588 -30
1208800 -29.6828 -30
1208900 -30.0813 -30
1209000 -30.4103 -30
1209100 -30.6957 -30
1209200 -30.5616 -30
1209300 -29.9243 -30
1209400 -29.1716 -30
1209500 -28.9867 -30
1209600 -29.4649 -30
1209700 -30.057 -30
1209800 -30.5467 -30
1209900 -30.4106 -30
1210000 -30.404 -30
1210100 -30.3282 -30
1210200 -30.2497 -30
1210300 -30.2094 -30
1210400 -30.2104 -30
1210500 -29.9139 -30
1210600 -29.6627 -30
1210700 -29.5457 -30
1210800 -29.6027 -30
1210900 -29.9462 -30
1211000 -29.9942 -30
1211100 -30.035 -30
1211200 -30.1258 -30
1211300 -30.2459 -30
1211400 -29.8789 -30
1211500 -29.6199 -30
1211600 -29.7656 -30
1211700 -29.8506 -30
1211800 -29.6282 -30
1211900 -29.5694 -30
1212000 -29.6401 -30
1212100 -29.6473 -30
1212200 -29.7201 -30
1212300 -30.0414 -30
1212400 -30.2456 -30
1212500 -30.3813 -30
1212600 -30.1855 -30
1212700 -29.8373 -30
1212800 -29.642 -30
1212900 -30.0065 -30
1213000 -30.2147 -30
1213100 -30.2686 -30
1213200 -30.5178 -30
1213300 -30.6618 -30
1213400 -30.5403 -30
1213500 -30.5356 -30
1213600 -30.4689 -30
1213700 -30.322 -30
1213800 -29.9174 -30
1213900 -29.6216 -30
1214000 -29.3956 -30
1214100 -29.3698 -30
1214200 -29.8242 -30
1214300 -30.3081 -30
1214400 -30.4982 -30
1214500 -30.2311 -30
1214600 -29.8655 -30
1214700 -29.5865 -30
1214800 -29.6759 -30
1214900 -30.0644 -30
1215000 -30.2243 -30
1215100 -30.1729 -30
1215200 -29.9462 -30
1215300 -29.6244 -30
1215400 -29.5653 -30
1215500 -29.7212 -30
1215600 -30.0956 -30
1215700 -30.5051 -30
1215800 -30.8537 -30
1215900 -30.5923 -30
1216000 -30.0709 -30
1216100 -29.7921 -30
1216200 -29.629 -30
1216300 -29.7776 -30
1216400 -30.07 -30
1216500 -30.1317 -30
1216600 -29.973 -30
1216700 -29.6948 -30
1216800 -29.4837 -30
1216900 -29.3763 -30
1217000 -29.4922 -30
1217100 -30.0714 -30
1217200 -30.8355 -30
1217300 -31.1009 -30
1217400 -30.8982 -30
1217500 -30.4323 -30
1217600 -29.8103 -30
1217700 -29.3671 -30
1217800 -29.4278 -30
1217900 -29.7159 -30
1218000 -29.7122 -30
1218100 -29.8326 -30
1218200 -30.0061 -30
1218300 -29.9911 -30
1218400 -30.0765 -30
1218500 -30.3796 -30
1218600 -30.6098 -30
1218700 -30.6355 -30
1218800 -30.2095 -30
1218900 -29.7898 -30
1219000 -29.6716 -30
1219100 -29.7056 -30
1219200 -29.966 -30
1219300 -30.016 -30
1219400 -30.0981 -30
1219500 -30.2733 -30
1219600 -30.0294 -30
1219700 -29.8674 -30
1219800 -29.7096 -30
1219900 -29.7361 -30
1220000 -29.9612 -30
1220100 -30.116 -30
1220200 -30.0896 -30
1220300 -30.2104 -30
1220400 -30.3307 -30
1220500 -30.2062 -30
1220600 -29.7871 -30
1220700 -29.6104 -30
1220800 -29.6237 -30
1220900 -29.831 -30
1221000 -30.1362 -30
1221100 -30.2788 -30
1221200 -29.8722 -30
1221300 -29.7552 -30
1221400 -29.8413 -30
1221500 -29.8769 -30
1221600 -29.9414 -30
1221700 -30.0649 -30
1221800 -29.9425 -30
1221900 -29.9302 -30
1222000 -30.0752 -30
1222100 -30.2571 -30
1222200 -29.9968 -30
1222300 -30.1188 -30
1222400 -30.412 -30
1222500 -30.5385 -30
1222600 -30.2892 -30
1222700 -30.0398 -30
1222800 -29.9637 -30
1222900 -30.1365 -30
1223000 -30.321 -30
1223100 -30.4333 -30
1223200 -30.5616 -30
1223300 -30.3886 -30
1223400 -30.3467 -30
1223500 -30.1786 -30
1223600 -30.0872 -30
1223700 -29.9952 -30
1223800 -29.9195 -30
1223900 -29.8708 -30
1224000 -29.9181 -30
1224100 -29.9362 -30
1224200 -29.9831 -30
1224300 -30.0043 -30
1224400 -30.0301 -30
1224500 -30.2227 -30
1224600 -30.4262 -30
1224700 -30.5173 -30
1224800 -30.2581 -30
1224900 -29.7793 -30
1225000 -29.4268 -30
1225100 -29.2861 -30
1225200 -29.4501 -30
1225300 -29.7369 -30
1225400 -29.9187 -30
1225500 -30.0725 -30
1225600 -30.0526 -30
1225700 -29.6678 -30
1225800 -29.4418 -30
1225900 -29.7089 -30
1226000 -29.9944 -30
1226100 -30.1569 -30
1226200 -30.0011 -30
1226300 -30.0222 -30
1226400 -30.2152 -30
1226500 -30.224 -30
1226600 -30.1118 -30
1226700 -29.9281 -30
1226800 -29.8357 -30
1226900 -29.8357 -30
1227000 -30.0205 -30
1227100 -30.314 -30
1227200 -30.4682 -30
1227300 -30.6716 -30
1227400 -30.7545 -30
1227500 -30.5822 -30
1227600 -30.229 -30
1227700 -29.8372 -30
1227800 -29.7823 -30
1227900 -30.1111 -30
1228000 -30.3707 -30
1228100 -30.4139 -30
1228200 -30.4058 -30
1228300 -30.2646 -30
1228400 -29.962 -30
1228500 -29.8626 -30
1228600 -30.097 -30
1228700 -30.2348 -30
1228800 -30.4247 -30
1228900 -30.359 -30
1229000 -29.9984 -30
1229100 -29.8162 -30
1229200 -29.833 -30
1229300 -30.0008 -30
1229400 -29.8432 -30
1229500 -29.8607 -30
1229600 -29.7835 -30
1229700 -29.7068 -30
1229800 -29.8346 -30
1229900 -29.9041 -30
1230000 -29.8269 -30
1230100 -29.8632 -30
1230200 -30.1492 -30
1230300 -30.37 -30
1230400 -30.5278 -30
1230500 -30.3837 -30
1230600 -29.8525 -30
1230700 -29.4659 -30
1230800 -29.6115 -30
1230900 -30.0246 -30
1231000 -30.3024 -30
1231100 -30.4063 -30
1231200 -30.2377 -30
1231300 -29.8275 -30
1231400 -29.7577 -30
1231500 -29.8162 -30
1231600 -30.0041 -30
1231700 -30.4566 -30
1231800 -30.5807 -30
1231900 -30.1889 -30
1232000 -29.7388 -30
1232100 -29.7204 -30
1232200 -29.8542 -30
1232300 -30.0572 -30
1232400 -30.0991 -30
1232500 -30.0777 -30
1232600 -30.0407 -30
1232700 -29.9372 -30
1232800 -29.6203 -30
1232900 -29.5299 -30
1233000 -29.7842 -30
1233100 -30.0874 -30
1233200 -30.0571 -30
1233300 -30.0446 -30
1233400 -30.2466 -30
1233500 -30.3253 -30
1233600 -30.4113 -30
1233700 -30.2273 -30
1233800 -30.1348 -30
1233900 -30.475 -30
1234000 -30.554 -30
1234100 -30.2393 -30
1234200 -29.69 -30
1234300 -29.1233 -30
1234400 -28.9649 -30
1234500 -29.2226 -30
1234600 -29.6017 -30
1234700 -29.9337 -30
1234800 -30.4282 -30
1234900 -30.457 -30
1235000 -30.3583 -30
1235100 -30.5434 -30
1235200 -30.5224 -30
1235300 -30.0466 -30
1235400 -29.8056 -30
1235500 -29.7521 -30
1235600 -29.5864 -30
1235700 -29.5829 -30
1235800 -29.9067 -30
1235900 -30.4708 -30
1236000 -30.8606 -30
1236100 -30.4784 -30
1236200 -29.8382 -30
1236300 -29.2016 -30
1236400 -29.098 -30
1236500 -29.6928 -30
1236600 -30.6568 -30
1236700 -31.4232 -30
1236800 -31.7502 -30
1236900 -31.365 -30
1237000 -30.5006 -30
1237100 -29.8573 -30
1237200 -29.6802 -30
1237300 -29.8216 -30
1237400 -30.1078 -30
1237500 -30.3476 -30
1237600 -30.5463 -30
1237700 -30.7825 -30
1237800 -30.6453 -30
1237900 -30.2836 -30
1238000 -30.2852 -30
1238100 -30.24 -30
1238200 -30.0764 -30
1238300 -29.9571 -30
1238400 -30.2271 -30
1238500 -30.3092 -30
1238600 -30.2002 -30
1238700 -30.119 -30
1238800 -29.8603 -30
1238900 -29.504 -30
1239000 -29.429 -30
1239100 -29.4711 -30
1239200 -29.7191 -30
1239300 -30.0209 -30
1239400 -30.3654 -30
1239500 -30.6274 -30
1239600 -30.4751 -30
1239700 -30.1335 -30
1239800 -29.8894 -30
1239900 -29.8935 -30
1240000 -29.791 -30
1240100 -29.5714 -30
1240200 -29.6346 -30
1240300 -29.9298 -30
1240400 -30.3685 -30
1240500 -30.5358 -30
1240600 -29.9901 -30
1240700 -29.5314 -30
1240800 -29.4982 -30
1240900 -29.8853 -30
1241000 -30.3063 -30
1241100 -30.6099 -30
1241200 -30.4098 -30
1241300 -30.1743 -30
1241400 -29.8431 -30
1241500 -29.7041 -30
1241600 -29.9668 -30
1241700 -30.3098 -30
1241800 -30.5231 -30
1241900 -30.565 -30
1242000 -30.149 -30
1242100 -29.6877 -30
1242200 -29.6525 -30
1242300 -30.0535 -30
1242400 -30.5764 -30
1242500 -30.7712 -30
1242600 -30.5337 -30
1242700 -30.3161 -30
1242800 -30.0119 -30
1242900 -29.6983 -30
1243000 -29.741 -30
1243100 -29.8275 -30
1243200 -30.1348 -30
1243300 -30.3744 -30
1243400 -30.2055 -30
1243500 -30.0012 -30
1243600 -30.0965 -30
1243700 -30.0461 -30
1243800 -29.9137 -30
1243900 -29.6691 -30
1244000 -29.3539 -30
1244100 -29.4683 -30
1244200 -30.0023 -30
1244300 -30.4262 -30
1244400 -30.7223 -30
1244500 -30.716 -30
1244600 -30.2248 -30
1244700 -29.6526 -30
1244800 -29.718 -30
1244900 -30.2106 -30
1245000 -30.3935 -30
1245100 -30.1291 -30
1245200 -29.6537 -30
1245300 -29.2939 -30
1245400 -29.3537 -30
1245500 -29.686 -30
1245600 -30.0492 -30
1245700 -30.3483 -30
1245800 -30.4095 -30
1245900 -30.2073 -30
1246000 -29.8571 -30
1246100 -29.829 -30
1246200 -29.7079 -30
1246300 -29.7384 -30
1246400 -29.9222 -30
1246500 -30.1161 -30
1246600 -30.3019 -30
1246700 -30.1581 -30
1246800 -29.7099 -30
1246900 -29.3609 -30
1247000 -29.7521 -30
1247100 -30.0838 -30
1247200 -30.3346 -30
1247300 -30.278 -30
1247400 -30.0635 -30
1247500 -30.1601 -30
1247600 -30.3258 -30
1247700 -30.2527 -30
1247800 -29.9804 -30
1247900 -29.9423 -30
1248000 -29.8095 -30
1248100 -29.4918 -30
1248200 -29.7123 -30
1248300 -30.2843 -30
1248400 -30.7352 -30
1248500 -30.5814 -30
1248600 -30.2053 -30
1248700 -29.847 -30
1248800 -29.6961 -30
1248900 -30.058 -30
1249000 -30.2981 -30
1249100 -30.132 -30
1249200 -29.578 -30
1249300 -29.1645 -30
1249400 -29.2024 -30
1249500 -29.8269 -30
1249600 -30.27 -30
1249700 -30.3496 -30
1249800 -30.23 -30
1249900 -29.9524 -30
1250000 -29.672 -30
