# Time-averaged data for fix myat1
# TimeStep v_xave v_xdes
2930100 -21.1869 -22
2930200 -21.7627 -22
2930300 -22.2683 -22
2930400 -22.3947 -22
2930500 -22.3946 -22
2930600 -22.3479 -22
2930700 -22.2895 -22
2930800 -22.3153 -22
2930900 -22.4127 -22
2931000 -22.2685 -22
2931100 -22.2694 -22
2931200 -22.3731 -22
2931300 -22.5191 -22
2931400 -22.4086 -22
2931500 -22.4166 -22
2931600 -22.4265 -22
2931700 -22.18 -22
2931800 -21.722 -22
2931900 -21.3454 -22
2932000 -21.2049 -22
2932100 -21.4113 -22
2932200 -21.7671 -22
2932300 -22.0595 -22
2932400 -22.4429 -22
2932500 -22.6344 -22
2932600 -22.4183 -22
2932700 -22.002 -22
2932800 -21.491 -22
2932900 -21.1018 -22
2933000 -21.3084 -22
2933100 -21.9403 -22
2933200 -22.7107 -22
2933300 -22.839 -22
2933400 -22.5032 -22
2933500 -22.1475 -22
2933600 -21.9636 -22
2933700 -22.3378 -22
2933800 -22.7122 -22
2933900 -22.5762 -22
2934000 -22.1174 -22
2934100 -21.916 -22
2934200 -21.9402 -22
2934300 -21.8572 -22
2934400 -21.4502 -22
2934500 -21.2025 -22
2934600 -21.1426 -22
2934700 -21.351 -22
2934800 -21.7432 -22
2934900 -22.0614 -22
2935000 -22.4517 -22
2935100 -22.8419 -22
2935200 -22.7921 -22
2935300 -22.7441 -22
2935400 -22.4979 -22
2935500 -22.2233 -22
2935600 -22.418 -22
2935700 -22.6952 -22
2935800 -22.6054 -22
2935900 -22.2112 -22
2936000 -22.1258 -22
2936100 -22.2321 -22
2936200 -22.4843 -22
2936300 -22.8606 -22
2936400 -23.0326 -22
2936500 -22.6688 -22
2936600 -22.1359 -22
2936700 -21.8232 -22
2936800 -21.6501 -22
2936900 -21.3225 -22
2937000 -21.148 -22
2937100 -21.5606 -22
2937200 -22.2223 -22
2937300 -22.5798 -22
2937400 -22.5556 -22
2937500 -22.0552 -22
2937600 -21.6875 -22
2937700 -21.64 -22
2937800 -21.6543 -22
2937900 -21.5737 -22
2938000 -21.313 -22
2938100 -21.4372 -22
2938200 -21.6576 -22
2938300 -21.6079 -22
2938400 -21.7243 -22
2938500 -21.8269 -22
2938600 -22.0052 -22
2938700 -22.1966 -22
2938800 -22.5061 -22
2938900 -22.5802 -22
2939000 -22.2713 -22
2939100 -21.8703 -22
2939200 -21.435 -22
2939300 -21.1263 -22
2939400 -21.168 -22
2939500 -21.4204 -22
2939600 -21.5532 -22
2939700 -21.7131 -22
2939800 -21.9536 -22
2939900 -22.0635 -22
2940000 -21.843 -22
2940100 -21.5588 -22
2940200 -21.4438 -22
2940300 -21.4332 -22
2940400 -21.3299 -22
2940500 -21.3312 -22
2940600 -21.4585 -22
2940700 -21.461 -22
2940800 -21.2671 -22
2940900 -21.3704 -22
2941000 -21.794 -22
2941100 -22.0815 -22
2941200 -22.0417 -22
2941300 -21.9373 -22
2941400 -21.8029 -22
2941500 -21.8945 -22
2941600 -21.8784 -22
2941700 -21.7256 -22
2941800 -21.6439 -22
2941900 -21.774 -22
2942000 -22.0185 -22
2942100 -21.9262 -22
2942200 -21.7844 -22
2942300 -21.897 -22
2942400 -21.9687 -22
2942500 -22.0176 -22
2942600 -21.9601 -22
2942700 -21.8018 -22
2942800 -21.7313 -22
2942900 -21.6831 -22
2943000 -21.7172 -22
2943100 -21.296 -22
2943200 -21.1802 -22
2943300 -21.4848 -22
2943400 -22.1603 -22
2943500 -22.5512 -22
2943600 -22.5271 -22
2943700 -22.0861 -22
2943800 -21.6697 -22
2943900 -21.2951 -22
2944000 -21.1822 -22
2944100 -21.4878 -22
2944200 -21.7672 -22
2944300 -21.6891 -22
2944400 -21.4701 -22
2944500 -21.5689 -22
2944600 -21.4952 -22
2944700 -21.5098 -22
2944800 -21.919 -22
2944900 -22.4636 -22
2945000 -22.4806 -22
2945100 -22.2614 -22
2945200 -21.7508 -22
2945300 -21.1111 -22
2945400 -20.7993 -22
2945500 -21.2125 -22
2945600 -21.8009 -22
2945700 -22.0238 -22
2945800 -22.1459 -22
2945900 -22.104 -22
2946000 -21.9897 -22
2946100 -21.6692 -22
2946200 -21.3828 -22
2946300 -21.324 -22
2946400 -21.7278 -22
2946500 -22.1065 -22
2946600 -22.2202 -22
2946700 -22.305 -22
2946800 -22.2109 -22
2946900 -21.6991 -22
2947000 -21.4166 -22
2947100 -21.3997 -22
2947200 -21.7548 -22
2947300 -22.0283 -22
2947400 -22.3348 -22
2947500 -22.6212 -22
2947600 -22.6743 -22
2947700 -22.322 -22
2947800 -21.6508 -22
2947900 -21.4014 -22
2948000 -21.5187 -22
2948100 -22.0028 -22
2948200 -22.7348 -22
2948300 -23.1973 -22
2948400 -23.0266 -22
2948500 -22.453 -22
2948600 -21.8208 -22
2948700 -21.5236 -22
2948800 -21.4859 -22
2948900 -21.7484 -22
2949000 -22.141 -22
2949100 -22.515 -22
2949200 -22.8756 -22
2949300 -22.9157 -22
2949400 -22.8968 -22
2949500 -22.6405 -22
2949600 -22.0957 -22
2949700 -21.7592 -22
2949800 -21.7241 -22
2949900 -22.0058 -22
2950000 -22.4371 -22
2950100 -22.6864 -22
2950200 -22.4889 -22
2950300 -22.1234 -22
2950400 -22.0948 -22
2950500 -22.0473 -22
2950600 -21.8675 -22
2950700 -22.0205 -22
2950800 -22.4464 -22
2950900 -22.6943 -22
2951000 -22.5978 -22
2951100 -22.3956 -22
2951200 -21.9535 -22
2951300 -21.6507 -22
2951400 -21.5652 -22
2951500 -21.6737 -22
2951600 -21.768 -22
2951700 -21.7398 -22
2951800 -21.8421 -22
2951900 -21.915 -22
2952000 -21.7608 -22
2952100 -21.4217 -22
2952200 -21.5592 -22
2952300 -21.7037 -22
2952400 -21.5087 -22
2952500 -21.4389 -22
2952600 -21.6356 -22
2952700 -22.0358 -22
2952800 -22.3098 -22
2952900 -22.4349 -22
2953000 -22.3512 -22
2953100 -21.81 -22
2953200 -21.1753 -22
2953300 -21.0637 -22
2953400 -21.3765 -22
2953500 -21.9476 -22
2953600 -22.6112 -22
2953700 -23.0564 -22
2953800 -23.128 -22
2953900 -22.695 -22
2954000 -22.0937 -22
2954100 -21.6805 -22
2954200 -21.7007 -22
2954300 -21.8423 -22
2954400 -22.1484 -22
2954500 -22.4624 -22
2954600 -22.7012 -22
2954700 -22.5843 -22
2954800 -22.6737 -22
2954900 -22.6705 -22
2955000 -22.8513 -22
2955100 -22.8433 -22
2955200 -22.6378 -22
2955300 -22.062 -22
2955400 -21.4491 -22
2955500 -21.1748 -22
2955600 -21.3721 -22
2955700 -21.893 -22
2955800 -22.3 -22
2955900 -22.246 -22
2956000 -21.9186 -22
2956100 -21.6485 -22
2956200 -21.6573 -22
2956300 -21.7874 -22
2956400 -21.7437 -22
2956500 -21.9237 -22
2956600 -21.9627 -22
2956700 -22.1386 -22
2956800 -22.6182 -22
2956900 -22.6005 -22
2957000 -22.2789 -22
2957100 -22.046 -22
2957200 -22.0159 -22
2957300 -21.9879 -22
2957400 -22.1056 -22
2957500 -22.1609 -22
2957600 -21.9679 -22
2957700 -21.7034 -22
2957800 -21.5661 -22
2957900 -21.6407 -22
2958000 -22.0364 -22
2958100 -22.5119 -22
2958200 -22.6039 -22
2958300 -22.3478 -22
2958400 -21.6385 -22
2958500 -21.1186 -22
2958600 -21.2447 -22
2958700 -21.739 -22
2958800 -22.2644 -22
2958900 -22.3417 -22
2959000 -22.3177 -22
2959100 -21.9779 -22
2959200 -21.7872 -22
2959300 -21.8054 -22
2959400 -22.0252 -22
2959500 -22.3775 -22
2959600 -22.6689 -22
2959700 -22.5449 -22
2959800 -22.2228 -22
2959900 -21.9159 -22
2960000 -21.7497 -22
2960100 -21.9529 -22
2960200 -22.3347 -22
2960300 -22.5921 -22
2960400 -22.6218 -22
2960500 -22.2688 -22
2960600 -21.7582 -22
2960700 -21.3866 -22
2960800 -21.3039 -22
2960900 -21.4295 -22
2961000 -21.6852 -22
2961100 -22.4897 -22
2961200 -23.2179 -22
2961300 -23.2301 -22
2961400 -22.9429 -22
2961500 -22.484 -22
2961600 -22.1918 -22
2961700 -22.2258 -22
2961800 -21.9058 -22
2961900 -21.4343 -22
2962000 -21.0329 -22
2962100 -21.1768 -22
2962200 -21.894 -22
2962300 -22.4048 -22
2962400 -22.6892 -22
2962500 -22.5995 -22
2962600 -22.4175 -22
2962700 -21.8787 -22
2962800 -21.5841 -22
2962900 -21.5868 -22
2963000 -21.9188 -22
2963100 -22.05 -22
2963200 -21.9151 -22
2963300 -21.8578 -22
2963400 -22.1512 -22
2963500 -22.4544 -22
2963600 -22.4934 -22
2963700 -22.4834 -22
2963800 -22.1931 -22
2963900 -22.1074 -22
2964000 -22.2412 -22
2964100 -22.3738 -22
2964200 -22.3771 -22
2964300 -22.385 -22
2964400 -22.0805 -22
2964500 -22.1386 -22
2964600 -22.2983 -22
2964700 -22.5362 -22
2964800 -22.617 -22
2964900 -22.1997 -22
2965000 -21.7531 -22
2965100 -21.529 -22
2965200 -21.5141 -22
2965300 -21.7157 -22
2965400 -21.846 -22
2965500 -21.9796 -22
2965600 -22.0472 -22
2965700 -22.0047 -22
2965800 -21.7825 -22
2965900 -21.7329 -22
2966000 -21.6196 -22
2966100 -21.7309 -22
2966200 -22.0211 -22
2966300 -22.3154 -22
2966400 -22.4704 -22
2966500 -22.2768 -22
2966600 -21.775 -22
2966700 -21.3682 -22
2966800 -21.4778 -22
2966900 -21.6854 -22
2967000 -21.4452 -22
2967100 -21.4965 -22
2967200 -21.6112 -22
2967300 -21.6909 -22
2967400 -21.7135 -22
2967500 -22.0517 -22
2967600 -22.4096 -22
2967700 -22.9079 -22
2967800 -22.9713 -22
2967900 -22.451 -22
2968000 -21.9622 -22
2968100 -21.7833 -22
2968200 -21.9595 -22
2968300 -22.1573 -22
2968400 -22.2122 -22
2968500 -22.4161 -22
2968600 -22.7844 -22
2968700 -22.7423 -22
2968800 -22.2521 -22
2968900 -21.8004 -22
2969000 -21.695 -22
2969100 -21.9864 -22
2969200 -22.2305 -22
2969300 -22.4062 -22
2969400 -22.5884 -22
2969500 -22.3848 -22
2969600 -22.1483 -22
2969700 -21.9745 -22
2969800 -21.8814 -22
2969900 -22.1835 -22
2970000 -22.3661 -22
2970100 -22.3673 -22
2970200 -22.3085 -22
2970300 -22.1927 -22
2970400 -22.3301 -22
2970500 -22.4124 -22
2970600 -22.3778 -22
2970700 -22.2023 -22
2970800 -21.7305 -22
2970900 -21.269 -22
2971000 -21.0874 -22
2971100 -21.2146 -22
2971200 -21.6299 -22
2971300 -21.8595 -22
2971400 -21.9903 -22
2971500 -21.9964 -22
2971600 -21.7136 -22
2971700 -21.5353 -22
2971800 -21.6309 -22
2971900 -22.2625 -22
2972000 -22.9964 -22
2972100 -23.1358 -22
2972200 -22.8027 -22
2972300 -22.2683 -22
2972400 -21.6891 -22
2972500 -21.1445 -22
2972600 -20.9666 -22
2972700 -21.4604 -22
2972800 -21.7978 -22
2972900 -22.1158 -22
2973000 -22.3724 -22
2973100 -22.5602 -22
2973200 -22.723 -22
2973300 -22.5962 -22
2973400 -22.0721 -22
2973500 -21.7229 -22
2973600 -21.6155 -22
2973700 -21.553 -22
2973800 -21.3731 -22
2973900 -21.4181 -22
2974000 -21.442 -22
2974100 -21.448 -22
2974200 -21.6733 -22
2974300 -22.1364 -22
2974400 -22.475 -22
2974500 -22.7067 -22
2974600 -22.7527 -22
2974700 -22.5235 -22
2974800 -22.5211 -22
2974900 -22.3043 -22
2975000 -21.6388 -22
2975100 -21.2965 -22
2975200 -21.4167 -22
2975300 -21.5659 -22
2975400 -21.6062 -22
2975500 -21.6844 -22
2975600 -21.8139 -22
2975700 -21.9414 -22
2975800 -22.3226 -22
2975900 -22.4881 -22
2976000 -22.2302 -22
2976100 -21.8789 -22
2976200 -21.6466 -22
2976300 -21.3266 -22
2976400 -21.1134 -22
2976500 -21.1023 -22
2976600 -21.5998 -22
2976700 -22.0568 -22
2976800 -22.3957 -22
2976900 -22.7652 -22
2977000 -22.7067 -22
2977100 -22.2867 -22
2977200 -21.6258 -22
2977300 -21.3901 -22
2977400 -21.3367 -22
2977500 -21.4718 -22
2977600 -21.8397 -22
2977700 -22.2698 -22
2977800 -22.6681 -22
2977900 -22.8625 -22
2978000 -22.6496 -22
2978100 -22.0888 -22
2978200 -21.8026 -22
2978300 -21.7528 -22
2978400 -21.8674 -22
2978500 -21.9347 -22
2978600 -22.2899 -22
2978700 -22.4348 -22
2978800 -22.23 -22
2978900 -22.0181 -22
2979000 -22.0531 -22
2979100 -22.3125 -22
2979200 -22.2496 -22
2979300 -22.0924 -22
2979400 -21.8853 -22
2979500 -21.6031 -22
2979600 -21.4385 -22
2979700 -21.8242 -22
2979800 -22.2963 -22
2979900 -22.4092 -22
2980000 -22.4229 -22
2980100 -22.4528 -22
2980200 -22.32 -22
2980300 -22.156 -22
2980400 -21.8599 -22
2980500 -21.9068 -22
2980600 -22.1709 -22
2980700 -22.177 -22
2980800 -22.1052 -22
2980900 -22.0578 -22
2981000 -22.0801 -22
2981100 -22.2149 -22
2981200 -22.3226 -22
2981300 -22.3778 -22
2981400 -22.3046 -22
2981500 -21.8018 -22
2981600 -21.6346 -22
2981700 -21.8001 -22
2981800 -21.9668 -22
2981900 -21.9707 -22
2982000 -21.9331 -22
2982100 -22.0425 -22
2982200 -22.0572 -22
2982300 -21.7482 -22
2982400 -21.4115 -22
2982500 -21.3877 -22
2982600 -21.692 -22
2982700 -22.1509 -22
2982800 -22.5317 -22
2982900 -22.5589 -22
2983000 -22.4436 -22
2983100 -22.4392 -22
2983200 -22.3759 -22
2983300 -22.27 -22
2983400 -22.0162 -22
2983500 -22.0175 -22
2983600 -22.1446 -22
2983700 -22.2162 -22
2983800 -22.2611 -22
2983900 -22.1195 -22
2984000 -21.7967 -22
2984100 -21.592 -22
2984200 -21.7265 -22
2984300 -21.9564 -22
2984400 -22.1108 -22
2984500 -22.1231 -22
2984600 -22.1792 -22
2984700 -22.0482 -22
2984800 -21.9538 -22
2984900 -22.0915 -22
2985000 -22.2797 -22
2985100 -22.6997 -22
2985200 -22.7892 -22
2985300 -22.3408 -22
2985400 -21.6245 -22
2985500 -21.2331 -22
2985600 -21.708 -22
2985700 -22.3481 -22
2985800 -22.8639 -22
2985900 -22.9454 -22
2986000 -22.6306 -22
2986100 -22.0405 -22
2986200 -21.4783 -22
2986300 -21.3295 -22
2986400 -21.5528 -22
2986500 -21.7958 -22
2986600 -21.8258 -22
2986700 -21.575 -22
2986800 -21.6308 -22
2986900 -21.7998 -22
2987000 -21.8787 -22
2987100 -21.7046 -22
2987200 -21.4234 -22
2987300 -21.5922 -22
2987400 -22.1725 -22
2987500 -22.73 -22
2987600 -22.9701 -22
2987700 -22.8042 -22
2987800 -22.2525 -22
2987900 -21.8853 -22
2988000 -21.8481 -22
2988100 -22.0884 -22
2988200 -22.2235 -22
2988300 -22.3488 -22
2988400 -22.4312 -22
2988500 -22.4598 -22
2988600 -22.1587 -22
2988700 -21.6898 -22
2988800 -21.2338 -22
2988900 -21.0982 -22
2989000 -21.2662 -22
2989100 -21.5271 -22
2989200 -21.9667 -22
2989300 -22.6775 -22
2989400 -22.9006 -22
2989500 -22.6031 -22
2989600 -22.2307 -22
2989700 -21.8 -22
2989800 -21.5141 -22
2989900 -21.3661 -22
2990000 -21.2627 -22
2990100 -21.1756 -22
2990200 -21.1212 -22
2990300 -21.2711 -22
2990400 -21.5846 -22
2990500 -21.9151 -22
2990600 -22.2818 -22
2990700 -22.6227 -22
2990800 -22.5993 -22
2990900 -22.3019 -22
2991000 -22.0211 -22
2991100 -21.575 -22
2991200 -21.3513 -22
2991300 -21.3656 -22
2991400 -21.4703 -22
2991500 -22.0081 -22
2991600 -22.601 -22
2991700 -23.129 -22
2991800 -23.2176 -22
2991900 -22.7042 -22
2992000 -22.0518 -22
2992100 -21.3973 -22
2992200 -21.2548 -22
2992300 -21.2318 -22
2992400 -21.2233 -22
2992500 -21.6233 -22
2992600 -22.174 -22
2992700 -22.4024 -22
2992800 -22.3747 -22
2992900 -22.3568 -22
2993000 -22.2244 -22
2993100 -22.1984 -22
2993200 -22.0606 -22
2993300 -21.872 -22
2993400 -21.9617 -22
2993500 -22.3419 -22
2993600 -22.5215 -22
2993700 -22.1429 -22
2993800 -21.6355 -22
2993900 -21.3198 -22
2994000 -21.2873 -22
2994100 -21.5518 -22
2994200 -21.8925 -22
2994300 -22.2479 -22
2994400 -22.5279 -22
2994500 -22.4393 -22
2994600 -22.0903 -22
2994700 -21.7817 -22
2994800 -21.726 -22
2994900 -22.2506 -22
2995000 -22.6548 -22
2995100 -22.4286 -22
2995200 -22.0315 -22
2995300 -21.8167 -22
2995400 -21.8378 -22
2995500 -21.8402 -22
2995600 -21.607 -22
2995700 -21.4635 -22
2995800 -21.3914 -22
2995900 -21.5574 -22
2996000 -21.6733 -22
2996100 -21.6216 -22
2996200 -21.4904 -22
2996300 -21.6166 -22
2996400 -21.8758 -22
2996500 -22.3094 -22
2996600 -22.8589 -22
2996700 -23.0157 -22
2996800 -22.5502 -22
2996900 -21.9435 -22
2997000 -21.6584 -22
2997100 -21.4561 -22
2997200 -21.3374 -22
2997300 -21.4365 -22
2997400 -21.7339 -22
2997500 -21.859 -22
2997600 -22.0509 -22
2997700 -22.1255 -22
2997800 -22.1695 -22
2997900 -22.0494 -22
2998000 -22.0781 -22
2998100 -22.2945 -22
2998200 -22.3458 -22
2998300 -22.0382 -22
2998400 -21.3758 -22
2998500 -21.2242 -22
2998600 -21.5179 -22
2998700 -21.9644 -22
2998800 -22.451 -22
2998900 -22.711 -22
2999000 -22.6762 -22
2999100 -22.8149 -22
2999200 -23.0667 -22
2999300 -23.0186 -22
2999400 -22.898 -22
2999500 -22.8588 -22
2999600 -22.6479 -22
2999700 -22.3545 -22
2999800 -22.0116 -22
2999900 -21.6433 -22
3000000 -21.6131 -22
3000100 -21.9975 -22
3000200 -22.1886 -22
3000300 -22.2894 -22
3000400 -22.5525 -22
3000500 -22.6914 -22
3000600 -22.7605 -22
3000700 -22.5152 -22
3000800 -21.9647 -22
3000900 -21.2284 -22
3001000 -20.8397 -22
3001100 -21.0418 -22
3001200 -21.4504 -22
3001300 -21.9629 -22
3001400 -22.3295 -22
3001500 -22.4569 -22
3001600 -22.3319 -22
3001700 -22.2086 -22
3001800 -21.9534 -22
3001900 -21.5704 -22
3002000 -21.2674 -22
3002100 -21.4864 -22
3002200 -21.9207 -22
3002300 -22.2182 -22
3002400 -22.283 -22
3002500 -22.0722 -22
3002600 -21.6924 -22
3002700 -21.362 -22
3002800 -21.4413 -22
3002900 -21.822 -22
3003000 -22.2503 -22
3003100 -22.5994 -22
3003200 -22.524 -22
3003300 -22.3138 -22
3003400 -22.0273 -22
3003500 -21.8197 -22
3003600 -21.8464 -22
3003700 -22.0572 -22
3003800 -22.1512 -22
3003900 -22.2441 -22
3004000 -22.4261 -22
3004100 -22.4808 -22
3004200 -22.5098 -22
3004300 -22.2445 -22
3004400 -21.8414 -22
3004500 -21.7377 -22
3004600 -22.1418 -22
3004700 -23.0174 -22
3004800 -23.4906 -22
3004900 -23.1169 -22
3005000 -22.4931 -22
3005100 -21.8866 -22
3005200 -21.4451 -22
3005300 -21.2449 -22
3005400 -21.6563 -22
3005500 -22.2116 -22
3005600 -21.9884 -22
3005700 -21.6053 -22
3005800 -21.5038 -22
3005900 -21.8009 -22
3006000 -22.1602 -22
3006100 -22.3811 -22
3006200 -22.265 -22
3006300 -22.2021 -22
3006400 -22.0548 -22
3006500 -22.1476 -22
3006600 -22.3677 -22
3006700 -22.4558 -22
3006800 -22.2282 -22
3006900 -22.055 -22
3007000 -22.2344 -22
3007100 -22.4733 -22
3007200 -22.4943 -22
3007300 -22.5327 -22
3007400 -22.6534 -22
3007500 -22.6259 -22
3007600 -22.3557 -22
3007700 -21.922 -22
3007800 -21.5071 -22
3007900 -21.3497 -22
3008000 -21.555 -22
3008100 -21.9172 -22
3008200 -22.1379 -22
3008300 -22.1175 -22
3008400 -21.7682 -22
3008500 -21.678 -22
3008600 -21.7337 -22
3008700 -21.7951 -22
3008800 -22.0076 -22
3008900 -22.1696 -22
3009000 -22.126 -22
3009100 -21.7731 -22
3009200 -21.4824 -22
3009300 -21.3131 -22
3009400 -21.3989 -22
3009500 -21.5 -22
3009600 -21.5102 -22
3009700 -21.5725 -22
3009800 -21.7643 -22
3009900 -21.8188 -22
3010000 -21.8172 -22
3010100 -21.5784 -22
3010200 -21.5541 -22
3010300 -21.8144 -22
3010400 -21.9973 -22
3010500 -21.9583 -22
3010600 -21.8493 -22
3010700 -21.5861 -22
3010800 -21.7132 -22
3010900 -22.086 -22
3011000 -22.3462 -22
3011100 -22.2203 -22
3011200 -21.9352 -22
3011300 -21.8464 -22
3011400 -21.8535 -22
3011500 -21.9213 -22
3011600 -22.1879 -22
3011700 -22.3765 -22
3011800 -22.2702 -22
3011900 -21.8885 -22
3012000 -21.7863 -22
3012100 -21.8692 -22
3012200 -21.8962 -22
3012300 -21.7694 -22
3012400 -21.5592 -22
3012500 -21.5857 -22
3012600 -21.9729 -22
3012700 -22.2499 -22
3012800 -22.5339 -22
3012900 -22.5069 -22
3013000 -22.1001 -22
3013100 -21.6058 -22
3013200 -21.0972 -22
3013300 -21.2294 -22
3013400 -21.832 -22
3013500 -22.2812 -22
3013600 -22.3217 -22
3013700 -22.0811 -22
3013800 -21.7662 -22
3013900 -21.6091 -22
3014000 -21.7629 -22
3014100 -21.8657 -22
3014200 -21.8362 -22
3014300 -21.8874 -22
3014400 -22.0237 -22
3014500 -22.0272 -22
3014600 -21.9227 -22
3014700 -21.8606 -22
3014800 -21.9062 -22
3014900 -22.0329 -22
3015000 -22.0623 -22
3015100 -22.0685 -22
3015200 -22.1902 -22
3015300 -22.5107 -22
3015400 -22.6198 -22
3015500 -22.7518 -22
3015600 -22.7025 -22
3015700 -22.4124 -22
3015800 -21.8497 -22
3015900 -21.2979 -22
3016000 -21.0447 -22
3016100 -21.1898 -22
3016200 -21.6361 -22
3016300 -21.812 -22
3016400 -21.9689 -22
3016500 -22.0406 -22
3016600 -21.9181 -22
3016700 -21.6372 -22
3016800 -21.5226 -22
3016900 -21.7091 -22
3017000 -21.8064 -22
3017100 -21.8318 -22
3017200 -22.1502 -22
3017300 -22.4119 -22
3017400 -22.314 -22
3017500 -22.15 -22
3017600 -21.921 -22
3017700 -21.9576 -22
3017800 -21.9003 -22
3017900 -21.7753 -22
3018000 -21.7605 -22
3018100 -22.0092 -22
3018200 -22.147 -22
3018300 -22.1192 -22
3018400 -22.1309 -22
3018500 -22.2339 -22
3018600 -22.3644 -22
3018700 -22.5402 -22
3018800 -22.4725 -22
3018900 -22.1544 -22
3019000 -21.8613 -22
3019100 -22.0062 -22
3019200 -22.3142 -22
3019300 -22.4206 -22
3019400 -22.5806 -22
3019500 -22.9222 -22
3019600 -23.1305 -22
3019700 -22.8458 -22
3019800 -22.4697 -22
3019900 -22.4565 -22
3020000 -22.5607 -22
3020100 -22.689 -22
3020200 -22.7491 -22
3020300 -22.5243 -22
3020400 -22.5227 -22
3020500 -22.9018 -22
3020600 -23.0155 -22
3020700 -22.4349 -22
3020800 -21.7201 -22
3020900 -21.5587 -22
3021000 -21.6605 -22
3021100 -22.1223 -22
3021200 -22.5006 -22
3021300 -22.4472 -22
3021400 -22.06 -22
3021500 -22.1843 -22
3021600 -22.4483 -22
3021700 -22.4102 -22
3021800 -22.0763 -22
3021900 -22.0238 -22
3022000 -22.2769 -22
3022100 -22.615 -22
3022200 -22.839 -22
3022300 -22.7782 -22
3022400 -22.2574 -22
3022500 -21.9006 -22
3022600 -21.8434 -22
3022700 -22.0825 -22
3022800 -22.3796 -22
3022900 -22.4416 -22
3023000 -22.2503 -22
3023100 -22.0782 -22
3023200 -21.7471 -22
3023300 -21.5746 -22
3023400 -21.5997 -22
3023500 -21.8668 -22
3023600 -22.2627 -22
3023700 -22.6445 -22
3023800 -22.5421 -22
3023900 -22.3229 -22
3024000 -22.1748 -22
3024100 -21.9773 -22
3024200 -21.9553 -22
3024300 -22.0686 -22
3024400 -22.1421 -22
3024500 -22.2531 -22
3024600 -22.1137 -22
3024700 -21.943 -22
3024800 -22.0196 -22
3024900 -22.1433 -22
3025000 -22.3021 -22
3025100 -22.3595 -22
3025200 -22.6121 -22
3025300 -22.8511 -22
3025400 -22.825 -22
3025500 -22.4666 -22
3025600 -21.9342 -22
3025700 -21.6478 -22
3025800 -21.4336 -22
3025900 -21.3042 -22
3026000 -21.3998 -22
3026100 -21.8186 -22
3026200 -22.264 -22
3026300 -22.2342 -22
3026400 -21.785 -22
3026500 -21.4276 -22
3026600 -21.3789 -22
3026700 -21.5367 -22
3026800 -21.5205 -22
3026900 -21.5929 -22
3027000 -21.9202 -22
3027100 -22.1621 -22
3027200 -21.9624 -22
3027300 -21.6761 -22
3027400 -21.6919 -22
3027500 -21.8391 -22
3027600 -21.958 -22
3027700 -22.0064 -22
3027800 -22.3084 -22
3027900 -22.2993 -22
3028000 -22.0533 -22
3028100 -22.0573 -22
3028200 -22.1623 -22
3028300 -22.4725 -22
3028400 -22.882 -22
3028500 -22.9522 -22
3028600 -22.8112 -22
3028700 -22.3172 -22
3028800 -21.833 -22
3028900 -21.739 -22
3029000 -21.5592 -22
3029100 -21.3573 -22
3029200 -21.3447 -22
3029300 -21.5434 -22
3029400 -21.6227 -22
3029500 -21.815 -22
3029600 -21.9557 -22
3029700 -22.2145 -22
3029800 -22.3643 -22
3029900 -22.3945 -22
3030000 -22.3901 -22
3030100 -22.6547 -22
3030200 -22.7752 -22
3030300 -22.4466 -22
3030400 -22.0779 -22
3030500 -21.8477 -22
3030600 -21.5477 -22
3030700 -21.5276 -22
3030800 -21.5576 -22
3030900 -21.8796 -22
3031000 -22.1495 -22
3031100 -22.2447 -22
3031200 -22.134 -22
3031300 -21.9399 -22
3031400 -21.8011 -22
3031500 -22.1538 -22
3031600 -22.7414 -22
3031700 -22.8448 -22
3031800 -22.4911 -22
3031900 -22.0686 -22
3032000 -21.4524 -22
3032100 -21.2293 -22
3032200 -21.4066 -22
3032300 -21.5936 -22
3032400 -22.0664 -22
3032500 -22.5102 -22
3032600 -22.9437 -22
3032700 -22.8085 -22
3032800 -22.6582 -22
3032900 -22.292 -22
3033000 -21.744 -22
3033100 -21.4677 -22
3033200 -21.3468 -22
3033300 -21.2911 -22
3033400 -21.3689 -22
3033500 -21.5889 -22
3033600 -22.0696 -22
3033700 -22.4972 -22
3033800 -22.643 -22
3033900 -22.5497 -22
3034000 -22.272 -22
3034100 -21.901 -22
3034200 -21.5687 -22
3034300 -21.3721 -22
3034400 -21.4922 -22
3034500 -21.7469 -22
3034600 -22.0844 -22
3034700 -22.0627 -22
3034800 -22.2006 -22
3034900 -22.2212 -22
3035000 -22.0859 -22
3035100 -22.0469 -22
3035200 -22.1443 -22
3035300 -22.6682 -22
3035400 -22.951 -22
3035500 -22.6243 -22
3035600 -21.9985 -22
3035700 -21.6061 -22
3035800 -21.4007 -22
3035900 -21.6498 -22
3036000 -22.1211 -22
3036100 -22.6702 -22
3036200 -22.8563 -22
3036300 -22.8309 -22
3036400 -22.9007 -22
3036500 -22.8636 -22
3036600 -22.3404 -22
3036700 -21.5168 -22
3036800 -20.8934 -22
3036900 -20.6621 -22
3037000 -20.8282 -22
3037100 -21.0666 -22
3037200 -21.2666 -22
3037300 -21.687 -22
3037400 -22.2684 -22
3037500 -22.4523 -22
3037600 -21.988 -22
3037700 -21.7052 -22
3037800 -21.712 -22
3037900 -21.755 -22
3038000 -21.8575 -22
3038100 -21.9984 -22
3038200 -21.7699 -22
3038300 -21.7095 -22
3038400 -21.725 -22
3038500 -21.7817 -22
3038600 -21.7971 -22
3038700 -21.9232 -22
3038800 -22.0726 -22
3038900 -22.0021 -22
3039000 -22.0554 -22
3039100 -22.5856 -22
3039200 -22.9864 -22
3039300 -22.8584 -22
3039400 -22.5884 -22
3039500 -22.1757 -22
3039600 -21.9952 -22
3039700 -22.1243 -22
3039800 -22.2954 -22
3039900 -22.1781 -22
3040000 -21.71 -22
3040100 -21.3389 -22
3040200 -21.0558 -22
3040300 -21.2663 -22
3040400 -21.9563 -22
3040500 -22.5072 -22
3040600 -22.6333 -22
3040700 -22.3789 -22
3040800 -22.0369 -22
3040900 -21.8244 -22
3041000 -21.5619 -22
3041100 -21.3678 -22
3041200 -21.5266 -22
3041300 -21.6237 -22
3041400 -21.8302 -22
3041500 -22.2028 -22
3041600 -22.5859 -22
3041700 -22.6582 -22
3041800 -22.4695 -22
3041900 -22.1598 -22
3042000 -22.0983 -22
3042100 -22.0937 -22
3042200 -22.0612 -22
3042300 -22.1696 -22
3042400 -22.129 -22
3042500 -22.0006 -22
3042600 -22.0451 -22
3042700 -22.0595 -22
3042800 -22.1515 -22
3042900 -22.4841 -22
3043000 -22.6592 -22
3043100 -22.5767 -22
3043200 -22.5158 -22
3043300 -22.1972 -22
3043400 -21.8791 -22
3043500 -22.0491 -22
3043600 -22.5271 -22
3043700 -22.8597 -22
3043800 -22.8159 -22
3043900 -22.5829 -22
3044000 -22.2707 -22
3044100 -21.992 -22
3044200 -21.7911 -22
3044300 -21.7274 -22
3044400 -21.825 -22
3044500 -22.0477 -22
3044600 -22.2274 -22
3044700 -22.2932 -22
3044800 -21.8464 -22
3044900 -21.434 -22
3045000 -21.4881 -22
3045100 -21.7154 -22
3045200 -22.0716 -22
3045300 -22.5184 -22
3045400 -22.6216 -22
3045500 -22.4063 -22
3045600 -22.0826 -22
3045700 -21.5518 -22
3045800 -21.313 -22
3045900 -21.5437 -22
3046000 -21.782 -22
3046100 -21.9477 -22
3046200 -22.0456 -22
3046300 -21.8944 -22
3046400 -21.8454 -22
3046500 -22.0416 -22
3046600 -22.3812 -22
3046700 -22.6433 -22
3046800 -22.4382 -22
3046900 -22.1477 -22
3047000 -22.1931 -22
3047100 -22.3612 -22
3047200 -22.415 -22
3047300 -22.1604 -22
3047400 -21.8708 -22
3047500 -21.6438 -22
3047600 -21.6266 -22
3047700 -21.8174 -22
3047800 -21.8143 -22
3047900 -21.8489 -22
3048000 -21.8769 -22
3048100 -21.9076 -22
3048200 -21.9 -22
3048300 -21.9518 -22
3048400 -22.1492 -22
3048500 -22.2811 -22
3048600 -22.3907 -22
3048700 -22.5476 -22
3048800 -22.5678 -22
3048900 -22.36 -22
3049000 -22.1141 -22
3049100 -22.0997 -22
3049200 -21.9832 -22
3049300 -21.777 -22
3049400 -21.7382 -22
3049500 -21.749 -22
3049600 -21.8404 -22
3049700 -21.8719 -22
3049800 -21.8903 -22
3049900 -22.0935 -22
3050000 -22.3326 -22
3050100 -22.4414 -22
3050200 -22.5102 -22
3050300 -22.4173 -22
3050400 -21.9932 -22
3050500 -21.5417 -22
3050600 -21.3887 -22
3050700 -21.5331 -22
3050800 -21.7687 -22
3050900 -22.0908 -22
3051000 -22.4983 -22
3051100 -22.7033 -22
3051200 -22.6485 -22
3051300 -22.3369 -22
3051400 -21.9783 -22
3051500 -21.8523 -22
3051600 -21.6691 -22
3051700 -21.245 -22
3051800 -20.9696 -22
3051900 -20.8942 -22
3052000 -21.0625 -22
3052100 -21.3614 -22
3052200 -21.7284 -22
3052300 -21.8534 -22
3052400 -21.9997 -22
3052500 -22.4338 -22
3052600 -22.6139 -22
3052700 -22.2308 -22
3052800 -22.1166 -22
3052900 -22.009 -22
3053000 -21.9549 -22
3053100 -22.0101 -22
3053200 -22.3921 -22
3053300 -22.7684 -22
3053400 -22.9978 -22
3053500 -23.0588 -22
3053600 -22.5999 -22
3053700 -21.7006 -22
3053800 -21.2377 -22
3053900 -21.0363 -22
3054000 -21.066 -22
3054100 -21.5828 -22
3054200 -22.2837 -22
3054300 -22.7013 -22
3054400 -22.5468 -22
3054500 -22.0084 -22
3054600 -21.6636 -22
3054700 -21.6127 -22
3054800 -21.9244 -22
3054900 -22.2809 -22
3055000 -22.4264 -22
3055100 -22.0982 -22
3055200 -22.077 -22
3055300 -22.0868 -22
3055400 -21.6682 -22
3055500 -21.3495 -22
3055600 -21.2567 -22
3055700 -21.5275 -22
3055800 -22.0634 -22
3055900 -22.53 -22
3056000 -22.8684 -22
3056100 -22.7487 -22
3056200 -22.3713 -22
3056300 -21.8485 -22
3056400 -21.6249 -22
3056500 -21.5459 -22
3056600 -21.769 -22
3056700 -22.325 -22
3056800 -22.5985 -22
3056900 -22.6541 -22
3057000 -22.4264 -22
3057100 -22.1372 -22
3057200 -21.858 -22
3057300 -21.7161 -22
3057400 -21.5811 -22
3057500 -21.7156 -22
3057600 -21.9332 -22
3057700 -22.148 -22
3057800 -22.4842 -22
3057900 -22.833 -22
3058000 -22.6982 -22
3058100 -22.3374 -22
3058200 -22.0672 -22
3058300 -22.1238 -22
3058400 -22.1662 -22
3058500 -21.9979 -22
3058600 -21.7306 -22
3058700 -21.9578 -22
3058800 -22.3239 -22
3058900 -22.4984 -22
3059000 -22.4018 -22
3059100 -22.2641 -22
3059200 -22.1492 -22
3059300 -21.7868 -22
3059400 -21.5496 -22
3059500 -21.6037 -22
3059600 -21.463 -22
3059700 -21.4174 -22
3059800 -21.6772 -22
3059900 -22.081 -22
3060000 -22.4168 -22
3060100 -22.4801 -22
3060200 -22.2619 -22
3060300 -21.9096 -22
3060400 -21.8282 -22
3060500 -21.8995 -22
3060600 -21.9397 -22
3060700 -22.008 -22
3060800 -22.1476 -22
3060900 -22.1173 -22
3061000 -22.1538 -22
3061100 -22.4172 -22
3061200 -22.5369 -22
3061300 -22.1966 -22
3061400 -21.818 -22
3061500 -21.7492 -22
3061600 -22.2389 -22
3061700 -22.3637 -22
3061800 -22.2249 -22
3061900 -22.3744 -22
3062000 -22.5131 -22
3062100 -22.8831 -22
3062200 -22.9176 -22
3062300 -22.4332 -22
3062400 -21.8938 -22
3062500 -21.4964 -22
3062600 -21.3051 -22
3062700 -21.1025 -22
3062800 -21.1173 -22
3062900 -21.2104 -22
3063000 -21.3515 -22
3063100 -21.0056 -22
3063200 -20.8392 -22
3063300 -20.7107 -22
3063400 -20.8533 -22
3063500 -21.5763 -22
3063600 -22.5722 -22
3063700 -23.1746 -22
3063800 -23.2287 -22
3063900 -22.5239 -22
3064000 -21.4809 -22
3064100 -21.0712 -22
3064200 -21.3533 -22
3064300 -21.6756 -22
3064400 -21.6737 -22
3064500 -21.8624 -22
3064600 -22.4308 -22
3064700 -22.886 -22
3064800 -23.0083 -22
3064900 -22.7654 -22
3065000 -22.6743 -22
3065100 -22.637 -22
3065200 -22.2391 -22
3065300 -21.8034 -22
3065400 -21.4974 -22
3065500 -21.396 -22
3065600 -21.6361 -22
3065700 -22.082 -22
3065800 -22.6011 -22
3065900 -22.6748 -22
3066000 -22.5077 -22
3066100 -22.1542 -22
3066200 -21.5906 -22
3066300 -21.3282 -22
3066400 -21.6664 -22
3066500 -22.294 -22
3066600 -22.548 -22
3066700 -22.5426 -22
3066800 -22.0526 -22
3066900 -21.5121 -22
3067000 -21.4835 -22
3067100 -21.6944 -22
3067200 -22.0601 -22
3067300 -22.3234 -22
3067400 -22.2532 -22
3067500 -21.8961 -22
3067600 -22.0335 -22
3067700 -22.4015 -22
3067800 -22.5102 -22
3067900 -22.121 -22
3068000 -21.5989 -22
3068100 -21.2402 -22
3068200 -21.0286 -22
3068300 -21.2934 -22
3068400 -21.8242 -22
3068500 -22.4338 -22
3068600 -22.7506 -22
3068700 -22.6652 -22
3068800 -22.1049 -22
3068900 -21.8058 -22
3069000 -21.626 -22
3069100 -21.4151 -22
3069200 -21.3253 -22
3069300 -21.427 -22
3069400 -22.0067 -22
3069500 -22.5481 -22
3069600 -23.053 -22
3069700 -23.2306 -22
3069800 -23.132 -22
3069900 -22.7633 -22
3070000 -22.4612 -22
3070100 -22.4145 -22
3070200 -22.3885 -22
3070300 -22.4434 -22
3070400 -22.1661 -22
3070500 -21.5978 -22
3070600 -21.1393 -22
3070700 -21.0421 -22
3070800 -21.5212 -22
3070900 -22.1848 -22
3071000 -22.5415 -22
3071100 -22.5364 -22
3071200 -22.6142 -22
3071300 -22.6225 -22
3071400 -22.3033 -22
3071500 -21.7898 -22
3071600 -21.6718 -22
3071700 -21.9101 -22
3071800 -22.4167 -22
3071900 -22.9474 -22
3072000 -23.1659 -22
3072100 -23.1332 -22
3072200 -22.8707 -22
3072300 -22.5976 -22
3072400 -22.1869 -22
3072500 -21.74 -22
3072600 -21.5228 -22
3072700 -21.1889 -22
3072800 -21.2188 -22
3072900 -21.4306 -22
3073000 -21.7223 -22
3073100 -22.0647 -22
3073200 -22.4468 -22
3073300 -22.4776 -22
3073400 -22.4217 -22
3073500 -22.1516 -22
3073600 -21.989 -22
3073700 -21.8111 -22
3073800 -21.9526 -22
3073900 -22.1775 -22
3074000 -22.2657 -22
3074100 -22.0322 -22
3074200 -21.7091 -22
3074300 -21.5731 -22
3074400 -21.5214 -22
3074500 -21.5467 -22
3074600 -21.6452 -22
3074700 -21.8384 -22
3074800 -21.9128 -22
3074900 -21.972 -22
3075000 -22.0088 -22
3075100 -21.8795 -22
3075200 -21.913 -22
3075300 -21.9824 -22
3075400 -21.8943 -22
3075500 -21.8751 -22
3075600 -22.0456 -22
3075700 -22.3569 -22
3075800 -22.6779 -22
3075900 -22.7014 -22
3076000 -22.4337 -22
3076100 -22.2345 -22
3076200 -22.2542 -22
3076300 -22.0396 -22
3076400 -21.8102 -22
3076500 -21.6993 -22
3076600 -21.621 -22
3076700 -21.796 -22
3076800 -21.8704 -22
3076900 -21.9457 -22
3077000 -21.9046 -22
3077100 -21.939 -22
3077200 -22.0088 -22
3077300 -22.2887 -22
3077400 -22.7355 -22
3077500 -22.8503 -22
3077600 -22.7539 -22
3077700 -22.4514 -22
3077800 -22.2677 -22
3077900 -22.3202 -22
3078000 -22.5983 -22
3078100 -22.8011 -22
3078200 -22.5128 -22
3078300 -22.1263 -22
3078400 -21.8695 -22
3078500 -21.7396 -22
3078600 -21.9926 -22
3078700 -22.5602 -22
3078800 -22.9355 -22
3078900 -22.9269 -22
3079000 -22.5633 -22
3079100 -22.1581 -22
3079200 -22.0116 -22
3079300 -22.0076 -22
3079400 -22.1572 -22
3079500 -22.6011 -22
3079600 -22.8885 -22
3079700 -22.6545 -22
3079800 -22.4461 -22
3079900 -22.3962 -22
3080000 -22.2292 -22
3080100 -21.9829 -22
3080200 -21.9017 -22
3080300 -22.0233 -22
3080400 -22.2624 -22
3080500 -22.6074 -22
3080600 -22.9386 -22
3080700 -22.6433 -22
3080800 -21.9786 -22
3080900 -21.6583 -22
3081000 -21.5196 -22
3081100 -21.3111 -22
3081200 -21.4608 -22
3081300 -21.6946 -22
3081400 -21.8665 -22
3081500 -22.0037 -22
3081600 -22.1585 -22
3081700 -22.5191 -22
3081800 -22.6049 -22
3081900 -22.5366 -22
3082000 -22.3196 -22
3082100 -22.0338 -22
3082200 -21.9367 -22
3082300 -22.0749 -22
3082400 -22.2369 -22
3082500 -22.1863 -22
3082600 -21.9592 -22
3082700 -21.7471 -22
3082800 -21.5473 -22
3082900 -21.725 -22
3083000 -22.1014 -22
3083100 -22.4635 -22
3083200 -22.7658 -22
3083300 -22.5888 -22
3083400 -22.228 -22
3083500 -21.9123 -22
3083600 -21.8322 -22
3083700 -22.2014 -22
3083800 -22.3205 -22
3083900 -22.0102 -22
3084000 -21.8612 -22
3084100 -21.9721 -22
3084200 -22.0373 -22
3084300 -21.8414 -22
3084400 -21.5276 -22
3084500 -21.3717 -22
3084600 -21.4589 -22
3084700 -21.9817 -22
3084800 -22.2453 -22
3084900 -22.2131 -22
3085000 -21.7778 -22
3085100 -21.357 -22
3085200 -21.4166 -22
3085300 -21.7557 -22
3085400 -22.1134 -22
3085500 -22.28 -22
3085600 -22.0489 -22
3085700 -21.6007 -22
3085800 -21.6891 -22
3085900 -21.9233 -22
3086000 -22.0426 -22
3086100 -21.9687 -22
3086200 -21.8533 -22
3086300 -21.667 -22
3086400 -21.704 -22
3086500 -22.1524 -22
3086600 -22.5673 -22
3086700 -22.8366 -22
3086800 -22.7509 -22
3086900 -22.5615 -22
3087000 -22.4018 -22
3087100 -21.8902 -22
3087200 -21.4826 -22
3087300 -21.2743 -22
3087400 -21.398 -22
3087500 -21.8133 -22
3087600 -22.3141 -22
3087700 -22.7328 -22
3087800 -22.8971 -22
3087900 -22.9004 -22
3088000 -22.4977 -22
3088100 -22.0583 -22
3088200 -21.7089 -22
3088300 -21.6619 -22
3088400 -22.0305 -22
3088500 -22.3703 -22
3088600 -22.7723 -22
3088700 -22.7069 -22
3088800 -22.3769 -22
3088900 -22.0402 -22
3089000 -21.6715 -22
3089100 -21.4591 -22
3089200 -21.5736 -22
3089300 -21.813 -22
3089400 -22.0965 -22
3089500 -22.3512 -22
3089600 -22.4673 -22
3089700 -22.5251 -22
3089800 -22.4614 -22
3089900 -22.5225 -22
3090000 -22.5246 -22
3090100 -22.3248 -22
3090200 -22.2975 -22
3090300 -22.4015 -22
3090400 -22.2322 -22
3090500 -21.9656 -22
3090600 -21.5415 -22
3090700 -21.3569 -22
3090800 -21.5827 -22
3090900 -21.9876 -22
3091000 -22.0574 -22
3091100 -22.1236 -22
3091200 -22.0463 -22
3091300 -21.933 -22
3091400 -22.0775 -22
3091500 -22.4176 -22
3091600 -22.8312 -22
3091700 -22.6711 -22
3091800 -22.1718 -22
3091900 -22.0181 -22
3092000 -22.0521 -22
3092100 -21.8798 -22
3092200 -21.7593 -22
3092300 -21.964 -22
3092400 -22.5048 -22
3092500 -22.7801 -22
3092600 -22.2628 -22
3092700 -21.4825 -22
3092800 -21.1743 -22
3092900 -21.1867 -22
3093000 -21.3563 -22
3093100 -21.5253 -22
3093200 -21.604 -22
3093300 -21.5641 -22
3093400 -21.4301 -22
3093500 -21.6656 -22
3093600 -21.9459 -22
3093700 -22.2421 -22
3093800 -22.0515 -22
3093900 -21.7654 -22
3094000 -22.2753 -22
3094100 -22.6725 -22
3094200 -22.7441 -22
3094300 -22.6813 -22
3094400 -22.2233 -22
3094500 -21.893 -22
3094600 -21.8735 -22
3094700 -21.9219 -22
3094800 -22.1402 -22
3094900 -22.3084 -22
3095000 -22.5917 -22
3095100 -22.7686 -22
3095200 -22.5693 -22
3095300 -22.2754 -22
3095400 -21.8532 -22
3095500 -21.0471 -22
3095600 -20.2885 -22
3095700 -20.131 -22
3095800 -20.5345 -22
3095900 -21.4959 -22
3096000 -22.3136 -22
3096100 -22.7053 -22
3096200 -22.7474 -22
3096300 -22.7462 -22
3096400 -22.609 -22
3096500 -22.3379 -22
3096600 -22.0792 -22
3096700 -21.7269 -22
3096800 -21.2382 -22
3096900 -21.1544 -22
3097000 -21.4458 -22
3097100 -21.8307 -22
3097200 -22.3578 -22
3097300 -22.7078 -22
3097400 -23.0437 -22
3097500 -22.9579 -22
3097600 -22.3614 -22
3097700 -21.8754 -22
3097800 -21.6707 -22
3097900 -21.6704 -22
3098000 -21.6925 -22
3098100 -21.5206 -22
3098200 -21.6082 -22
3098300 -21.9589 -22
3098400 -22.3832 -22
3098500 -22.6905 -22
3098600 -22.9374 -22
3098700 -23.0646 -22
3098800 -23.0619 -22
3098900 -22.856 -22
3099000 -22.2711 -22
3099100 -21.4692 -22
3099200 -21.0739 -22
3099300 -21.1819 -22
3099400 -21.6686 -22
3099500 -22.4044 -22
3099600 -22.9706 -22
3099700 -22.8724 -22
3099800 -22.3654 -22
3099900 -21.7577 -22
3100000 -21.3782 -22
3100100 -21.2979 -22
3100200 -21.4597 -22
3100300 -21.7318 -22
3100400 -22.0015 -22
3100500 -22.2937 -22
3100600 -22.499 -22
3100700 -22.5637 -22
3100800 -22.2921 -22
3100900 -21.9089 -22
3101000 -21.8241 -22
3101100 -21.9039 -22
3101200 -22.1792 -22
3101300 -22.3066 -22
3101400 -22.1212 -22
3101500 -21.8903 -22
3101600 -21.8763 -22
3101700 -21.8817 -22
3101800 -22.0229 -22
3101900 -22.4338 -22
3102000 -22.2676 -22
3102100 -21.8751 -22
3102200 -21.7147 -22
3102300 -21.7661 -22
3102400 -21.9764 -22
3102500 -22.013 -22
3102600 -22.0375 -22
3102700 -22.191 -22
3102800 -22.2145 -22
3102900 -21.8299 -22
3103000 -21.6697 -22
3103100 -21.563 -22
3103200 -21.6095 -22
3103300 -21.8288 -22
3103400 -21.9745 -22
3103500 -21.9837 -22
3103600 -22.072 -22
3103700 -22.2163 -22
3103800 -22.5799 -22
3103900 -22.7023 -22
3104000 -22.4953 -22
3104100 -22.2668 -22
3104200 -21.9873 -22
3104300 -21.7581 -22
3104400 -21.3876 -22
3104500 -21.2563 -22
3104600 -21.4807 -22
3104700 -21.8258 -22
3104800 -22.201 -22
3104900 -22.1862 -22
3105000 -22.0413 -22
3105100 -21.9083 -22
3105200 -21.9001 -22
3105300 -21.9916 -22
3105400 -22.2648 -22
3105500 -22.3669 -22
3105600 -22.4222 -22
3105700 -22.1377 -22
3105800 -21.8496 -22
3105900 -21.6564 -22
3106000 -21.5838 -22
3106100 -21.2514 -22
3106200 -21.1317 -22
3106300 -21.5258 -22
3106400 -21.9744 -22
3106500 -22.2106 -22
3106600 -22.2391 -22
3106700 -22.2667 -22
3106800 -22.1752 -22
3106900 -22.0772 -22
3107000 -21.84 -22
3107100 -21.6516 -22
3107200 -21.9328 -22
3107300 -22.3615 -22
3107400 -22.5389 -22
3107500 -22.408 -22
3107600 -21.7469 -22
3107700 -21.0028 -22
3107800 -20.9431 -22
3107900 -21.3657 -22
3108000 -21.6453 -22
3108100 -21.9201 -22
3108200 -22.2161 -22
3108300 -22.2174 -22
3108400 -21.8421 -22
3108500 -21.3428 -22
3108600 -21.1134 -22
3108700 -21.2464 -22
3108800 -21.4781 -22
3108900 -21.6513 -22
3109000 -21.7398 -22
3109100 -22.0397 -22
3109200 -22.1028 -22
3109300 -22.1675 -22
3109400 -22.0689 -22
3109500 -21.8748 -22
3109600 -21.584 -22
3109700 -21.4499 -22
3109800 -21.6373 -22
3109900 -21.873 -22
3110000 -21.9804 -22
3110100 -21.9878 -22
3110200 -22.2083 -22
3110300 -22.3859 -22
3110400 -22.1823 -22
3110500 -21.8271 -22
3110600 -21.3763 -22
3110700 -21.2197 -22
3110800 -21.6279 -22
3110900 -21.9337 -22
3111000 -22.1291 -22
3111100 -22.3421 -22
3111200 -22.1513 -22
3111300 -21.9709 -22
3111400 -21.9873 -22
3111500 -21.9664 -22
3111600 -22.0727 -22
3111700 -22.1116 -22
3111800 -21.9844 -22
3111900 -21.8886 -22
3112000 -21.6608 -22
3112100 -21.3797 -22
3112200 -21.127 -22
3112300 -21.1585 -22
3112400 -21.2566 -22
3112500 -21.5461 -22
3112600 -21.7954 -22
3112700 -21.8534 -22
3112800 -21.6685 -22
3112900 -21.5626 -22
3113000 -21.2525 -22
3113100 -21.0019 -22
3113200 -21.266 -22
3113300 -21.8118 -22
3113400 -22.3045 -22
3113500 -22.6048 -22
3113600 -22.3854 -22
3113700 -21.9549 -22
3113800 -21.8377 -22
3113900 -21.9954 -22
3114000 -22.4281 -22
3114100 -22.6993 -22
3114200 -22.8911 -22
3114300 -22.5974 -22
3114400 -21.9722 -22
3114500 -21.6424 -22
3114600 -21.501 -22
3114700 -21.5717 -22
3114800 -21.5873 -22
3114900 -21.7294 -22
3115000 -21.9555 -22
3115100 -22.1513 -22
3115200 -22.104 -22
3115300 -22.1027 -22
3115400 -22.3744 -22
3115500 -22.522 -22
3115600 -22.4923 -22
3115700 -22.1868 -22
3115800 -21.789 -22
3115900 -21.4715 -22
3116000 -21.5842 -22
3116100 -21.8264 -22
3116200 -21.9415 -22
3116300 -22.016 -22
3116400 -22.0049 -22
3116500 -22.0587 -22
3116600 -22.1657 -22
3116700 -22.2767 -22
3116800 -22.4517 -22
3116900 -22.6613 -22
3117000 -22.6402 -22
3117100 -22.1434 -22
3117200 -21.4956 -22
3117300 -21.1844 -22
3117400 -21.2388 -22
3117500 -21.6472 -22
3117600 -22.024 -22
3117700 -22.3061 -22
3117800 -22.5887 -22
3117900 -22.7331 -22
3118000 -22.5159 -22
3118100 -22.2147 -22
3118200 -22.1192 -22
3118300 -22.3129 -22
3118400 -22.3944 -22
3118500 -22.1728 -22
3118600 -21.7758 -22
3118700 -21.188 -22
3118800 -20.6085 -22
3118900 -20.4714 -22
3119000 -21.1424 -22
3119100 -21.9412 -22
3119200 -22.4933 -22
3119300 -22.5529 -22
3119400 -22.1381 -22
3119500 -21.7487 -22
3119600 -21.5591 -22
3119700 -21.8083 -22
3119800 -22.1688 -22
3119900 -22.4442 -22
3120000 -22.6373 -22
3120100 -22.648 -22
3120200 -22.6449 -22
3120300 -22.4858 -22
3120400 -22.2091 -22
3120500 -21.8262 -22
3120600 -21.7861 -22
3120700 -21.5637 -22
3120800 -21.4084 -22
3120900 -21.7315 -22
3121000 -22.1966 -22
3121100 -22.4399 -22
3121200 -22.5017 -22
3121300 -22.1599 -22
3121400 -21.537 -22
3121500 -21.1069 -22
3121600 -21.0278 -22
3121700 -21.206 -22
3121800 -21.6917 -22
3121900 -21.7092 -22
3122000 -21.8916 -22
3122100 -22.0103 -22
3122200 -21.964 -22
3122300 -21.9232 -22
3122400 -21.8105 -22
3122500 -21.7468 -22
3122600 -21.5274 -22
3122700 -21.1563 -22
3122800 -21.1713 -22
3122900 -21.7663 -22
3123000 -22.4441 -22
3123100 -22.7421 -22
3123200 -22.8025 -22
3123300 -22.7501 -22
3123400 -22.5941 -22
3123500 -22.2396 -22
3123600 -22.0207 -22
3123700 -22.0172 -22
3123800 -22.1247 -22
3123900 -22.2302 -22
3124000 -22.2187 -22
3124100 -21.786 -22
3124200 -21.2594 -22
3124300 -21.1822 -22
3124400 -21.206 -22
3124500 -21.4742 -22
3124600 -21.746 -22
3124700 -21.8269 -22
3124800 -21.8052 -22
3124900 -21.7704 -22
3125000 -21.9197 -22
3125100 -22.3017 -22
3125200 -22.6556 -22
3125300 -22.7563 -22
3125400 -22.7455 -22
3125500 -22.6984 -22
3125600 -22.4693 -22
3125700 -22.2742 -22
3125800 -22.0143 -22
3125900 -21.6531 -22
3126000 -21.7205 -22
3126100 -22.0489 -22
3126200 -21.9398 -22
3126300 -21.7681 -22
3126400 -21.7689 -22
3126500 -21.8815 -22
3126600 -21.84 -22
3126700 -21.8819 -22
3126800 -21.8312 -22
3126900 -21.9289 -22
3127000 -22.0665 -22
3127100 -22.3245 -22
3127200 -22.422 -22
3127300 -22.1132 -22
3127400 -21.8915 -22
3127500 -22.0495 -22
3127600 -22.4074 -22
3127700 -22.4896 -22
3127800 -22.4532 -22
3127900 -22.4603 -22
3128000 -21.9887 -22
3128100 -21.4787 -22
3128200 -21.4956 -22
3128300 -21.7214 -22
3128400 -21.9598 -22
3128500 -22.1922 -22
3128600 -22.2645 -22
3128700 -22.2451 -22
3128800 -21.8826 -22
3128900 -21.7571 -22
3129000 -21.7601 -22
3129100 -21.6954 -22
3129200 -21.6382 -22
3129300 -21.7286 -22
3129400 -22.025 -22
3129500 -22.3526 -22
3129600 -22.32 -22
3129700 -22.2966 -22
3129800 -22.4539 -22
3129900 -22.6043 -22
3130000 -22.6727 -22
