# Time-averaged data for fix myat1
# TimeStep v_xave v_xdes
310100 -43.5612 -44
310200 -43.6163 -44
310300 -43.7857 -44
310400 -43.8711 -44
310500 -44.049 -44
310600 -44.1251 -44
310700 -44.1894 -44
310800 -43.8662 -44
310900 -43.5708 -44
311000 -43.6294 -44
311100 -43.9096 -44
311200 -44.1481 -44
311300 -44.2205 -44
311400 -44.2212 -44
311500 -44.1014 -44
311600 -43.9966 -44
311700 -43.9094 -44
311800 -44.2386 -44
311900 -44.397 -44
312000 -44.225 -44
312100 -44.2176 -44
312200 -44.1795 -44
312300 -44.2526 -44
312400 -44.3693 -44
312500 -44.173 -44
312600 -43.8161 -44
312700 -43.8346 -44
312800 -43.9615 -44
312900 -43.9973 -44
313000 -43.9602 -44
313100 -43.843 -44
313200 -43.6 -44
313300 -43.4615 -44
313400 -43.4876 -44
313500 -43.6611 -44
313600 -43.8958 -44
313700 -44.0743 -44
313800 -44.2552 -44
313900 -44.3183 -44
314000 -44.1106 -44
314100 -43.7125 -44
314200 -43.6067 -44
314300 -43.7462 -44
314400 -44.0127 -44
314500 -43.9685 -44
314600 -44.235 -44
314700 -44.4658 -44
314800 -44.2517 -44
314900 -43.9679 -44
315000 -43.674 -44
315100 -43.6463 -44
315200 -43.9081 -44
315300 -44.265 -44
315400 -44.3711 -44
315500 -43.9975 -44
315600 -43.3069 -44
315700 -43.285 -44
315800 -43.9075 -44
315900 -44.2941 -44
316000 -44.5068 -44
316100 -44.6185 -44
316200 -44.5673 -44
316300 -44.1766 -44
316400 -43.7912 -44
316500 -43.6197 -44
316600 -43.7589 -44
316700 -43.874 -44
316800 -44.1566 -44
316900 -44.6727 -44
317000 -45.0291 -44
317100 -44.8324 -44
317200 -44.2326 -44
317300 -43.6681 -44
317400 -43.2737 -44
317500 -43.4705 -44
317600 -43.8172 -44
317700 -43.9714 -44
317800 -44.1331 -44
317900 -44.1535 -44
318000 -44.2828 -44
318100 -44.2498 -44
318200 -44.1316 -44
318300 -43.9883 -44
318400 -43.5742 -44
318500 -43.2358 -44
318600 -43.4672 -44
318700 -43.9558 -44
318800 -44.2063 -44
318900 -44.2586 -44
319000 -43.9898 -44
319100 -43.8731 -44
319200 -44.0876 -44
319300 -44.258 -44
319400 -44.292 -44
319500 -44.4469 -44
319600 -44.6575 -44
319700 -44.4356 -44
319800 -43.8509 -44
319900 -43.6021 -44
320000 -43.4744 -44
320100 -43.3679 -44
320200 -43.2662 -44
320300 -43.5873 -44
320400 -43.9097 -44
320500 -44.0269 -44
320600 -44.1652 -44
320700 -44.1695 -44
320800 -43.9601 -44
320900 -43.4659 -44
321000 -43.621 -44
321100 -44.3053 -44
321200 -44.7545 -44
321300 -44.6754 -44
321400 -44.163 -44
321500 -43.4511 -44
321600 -43.2036 -44
321700 -43.4754 -44
321800 -43.8028 -44
321900 -43.8287 -44
322000 -43.6828 -44
322100 -43.681 -44
322200 -44.016 -44
322300 -44.3401 -44
322400 -44.1842 -44
322500 -43.89 -44
322600 -43.7712 -44
322700 -43.6855 -44
322800 -43.7269 -44
322900 -43.8461 -44
323000 -43.6384 -44
323100 -43.6545 -44
323200 -43.6762 -44
323300 -43.8377 -44
323400 -44.0089 -44
323500 -43.9392 -44
323600 -43.8512 -44
323700 -43.7396 -44
323800 -43.8346 -44
323900 -44.171 -44
324000 -44.1764 -44
324100 -43.8326 -44
324200 -43.6499 -44
324300 -43.6449 -44
324400 -43.8647 -44
324500 -44.1584 -44
324600 -44.4364 -44
324700 -44.522 -44
324800 -44.5733 -44
324900 -44.5748 -44
325000 -44.4646 -44
325100 -44.1471 -44
325200 -43.7178 -44
325300 -43.525 -44
325400 -43.7522 -44
325500 -43.9378 -44
325600 -44.0674 -44
325700 -44.1374 -44
325800 -43.7807 -44
325900 -43.6091 -44
326000 -43.76 -44
326100 -43.9035 -44
326200 -43.8628 -44
326300 -43.7792 -44
326400 -43.698 -44
326500 -43.6621 -44
326600 -43.8184 -44
326700 -44.0196 -44
326800 -44.2438 -44
326900 -44.3511 -44
327000 -44.0698 -44
327100 -43.6766 -44
327200 -43.65 -44
327300 -43.8859 -44
327400 -43.8513 -44
327500 -43.8204 -44
327600 -44.2845 -44
327700 -44.648 -44
327800 -44.468 -44
327900 -44.053 -44
328000 -43.8199 -44
328100 -43.934 -44
328200 -43.9174 -44
328300 -43.7141 -44
328400 -43.4574 -44
328500 -43.5754 -44
328600 -43.7144 -44
328700 -43.7608 -44
328800 -43.79 -44
328900 -43.9012 -44
329000 -44.0498 -44
329100 -44.1192 -44
329200 -44.2783 -44
329300 -44.315 -44
329400 -44.1373 -44
329500 -43.7315 -44
329600 -43.4259 -44
329700 -43.5108 -44
329800 -43.6492 -44
329900 -43.9444 -44
330000 -44.1749 -44
330100 -44.0412 -44
330200 -43.7037 -44
330300 -43.3071 -44
330400 -43.1976 -44
330500 -43.4628 -44
330600 -44.0794 -44
330700 -44.454 -44
330800 -44.6179 -44
330900 -44.3886 -44
331000 -43.7745 -44
331100 -43.3608 -44
331200 -43.4864 -44
331300 -43.9421 -44
331400 -44.1452 -44
331500 -44.1082 -44
331600 -43.8046 -44
331700 -43.8428 -44
331800 -43.9956 -44
331900 -43.9371 -44
332000 -43.653 -44
332100 -43.5904 -44
332200 -43.7067 -44
332300 -44.1288 -44
332400 -44.4105 -44
332500 -44.4349 -44
332600 -44.3824 -44
332700 -44.2959 -44
332800 -44.0273 -44
332900 -43.9962 -44
333000 -44.0025 -44
333100 -44.042 -44
333200 -44.1727 -44
333300 -44.222 -44
333400 -44.0546 -44
333500 -43.8436 -44
333600 -43.906 -44
333700 -43.8885 -44
333800 -43.8648 -44
333900 -43.9613 -44
334000 -44.2151 -44
334100 -44.6653 -44
334200 -44.8424 -44
334300 -44.5773 -44
334400 -44.0126 -44
334500 -43.4339 -44
334600 -42.9718 -44
334700 -42.9212 -44
334800 -43.2724 -44
334900 -43.7443 -44
335000 -43.9306 -44
335100 -43.8668 -44
335200 -43.7471 -44
335300 -43.8439 -44
335400 -44.178 -44
335500 -44.2415 -44
335600 -44.3348 -44
335700 -44.1443 -44
335800 -43.9312 -44
335900 -43.6498 -44
336000 -43.6157 -44
336100 -43.6601 -44
336200 -43.774 -44
336300 -43.9166 -44
336400 -44.0847 -44
336500 -44.2457 -44
336600 -44.2797 -44
336700 -44.1046 -44
336800 -43.8333 -44
336900 -43.7715 -44
337000 -43.7649 -44
337100 -43.8397 -44
337200 -43.792 -44
337300 -43.8237 -44
337400 -43.9303 -44
337500 -44.0587 -44
337600 -44.2107 -44
337700 -44.1287 -44
337800 -44.0216 -44
337900 -43.851 -44
338000 -43.8441 -44
338100 -44.1107 -44
338200 -44.3086 -44
338300 -44.1285 -44
338400 -43.7921 -44
338500 -43.809 -44
338600 -44.0706 -44
338700 -44.2014 -44
338800 -44.0136 -44
338900 -44.048 -44
339000 -44.105 -44
339100 -44.1597 -44
339200 -44.3822 -44
339300 -44.4811 -44
339400 -44.3697 -44
339500 -44.0475 -44
339600 -43.6402 -44
339700 -43.5764 -44
339800 -43.6178 -44
339900 -43.7636 -44
340000 -44.0141 -44
340100 -44.1258 -44
340200 -44.4875 -44
340300 -44.7775 -44
340400 -44.5959 -44
340500 -44.0574 -44
340600 -43.659 -44
340700 -43.6604 -44
340800 -43.9727 -44
340900 -44.2535 -44
341000 -44.3241 -44
341100 -44.2173 -44
341200 -44.1089 -44
341300 -44.2778 -44
341400 -44.058 -44
341500 -43.6906 -44
341600 -43.5396 -44
341700 -43.7927 -44
341800 -44.1454 -44
341900 -44.3413 -44
342000 -44.227 -44
342100 -43.9194 -44
342200 -43.7893 -44
342300 -43.8578 -44
342400 -43.8033 -44
342500 -43.914 -44
342600 -44.1253 -44
342700 -44.1937 -44
342800 -44.0737 -44
342900 -43.925 -44
343000 -43.7983 -44
343100 -43.8455 -44
343200 -43.949 -44
343300 -44.127 -44
343400 -44.3475 -44
343500 -44.5675 -44
343600 -44.3623 -44
343700 -43.8724 -44
343800 -43.5555 -44
343900 -43.6144 -44
344000 -43.8335 -44
344100 -44.0472 -44
344200 -44.3338 -44
344300 -44.4308 -44
344400 -44.1287 -44
344500 -43.9443 -44
344600 -43.8086 -44
344700 -43.8663 -44
344800 -44.0527 -44
344900 -44.1715 -44
345000 -44.1267 -44
345100 -43.9323 -44
345200 -43.6595 -44
345300 -43.4363 -44
345400 -43.4048 -44
345500 -43.6099 -44
345600 -43.5918 -44
345700 -43.4136 -44
345800 -43.4893 -44
345900 -44.1513 -44
346000 -44.8069 -44
346100 -44.8985 -44
346200 -44.5538 -44
346300 -43.9179 -44
346400 -43.5292 -44
346500 -43.6081 -44
346600 -43.7238 -44
346700 -43.7239 -44
346800 -43.5617 -44
346900 -43.7221 -44
347000 -44.0251 -44
347100 -44.0809 -44
347200 -43.934 -44
347300 -43.8348 -44
347400 -43.8186 -44
347500 -43.9781 -44
347600 -44.2301 -44
347700 -44.2351 -44
347800 -44.0146 -44
347900 -43.93 -44
348000 -44.0697 -44
348100 -43.9999 -44
348200 -43.8096 -44
348300 -43.7926 -44
348400 -43.7408 -44
348500 -43.8268 -44
348600 -43.9469 -44
348700 -44.0752 -44
348800 -44.0663 -44
348900 -43.8475 -44
349000 -43.5568 -44
349100 -43.5695 -44
349200 -43.9622 -44
349300 -44.2926 -44
349400 -44.2956 -44
349500 -44.1964 -44
349600 -44.2259 -44
349700 -44.3712 -44
349800 -44.4751 -44
349900 -44.4921 -44
350000 -44.3472 -44
350100 -43.9848 -44
350200 -43.7473 -44
350300 -43.6073 -44
350400 -43.8044 -44
350500 -44.3384 -44
350600 -44.6475 -44
350700 -44.4722 -44
350800 -44.0475 -44
350900 -43.6735 -44
351000 -43.519 -44
351100 -43.7352 -44
351200 -44.2975 -44
351300 -44.3592 -44
351400 -44.081 -44
351500 -43.9359 -44
351600 -43.8729 -44
351700 -44.0028 -44
351800 -44.3431 -44
351900 -44.438 -44
352000 -44.391 -44
352100 -44.0825 -44
352200 -44.0645 -44
352300 -44.0243 -44
352400 -44.0083 -44
352500 -44.1933 -44
352600 -44.3596 -44
352700 -44.195 -44
352800 -43.9375 -44
352900 -43.6073 -44
353000 -43.3263 -44
353100 -43.2019 -44
353200 -43.6614 -44
353300 -44.0566 -44
353400 -44.2293 -44
353500 -44.0404 -44
353600 -43.9248 -44
353700 -43.8581 -44
353800 -43.9172 -44
353900 -43.9026 -44
354000 -43.6343 -44
354100 -43.6168 -44
354200 -43.7387 -44
354300 -44.127 -44
354400 -44.2775 -44
354500 -43.9105 -44
354600 -43.6325 -44
354700 -43.6212 -44
354800 -43.7065 -44
354900 -43.9378 -44
355000 -44.5384 -44
355100 -44.5869 -44
355200 -44.2615 -44
355300 -43.9251 -44
355400 -43.7235 -44
355500 -43.8041 -44
355600 -43.9714 -44
355700 -44.0433 -44
355800 -43.9324 -44
355900 -43.8247 -44
356000 -43.6811 -44
356100 -43.4787 -44
356200 -43.5599 -44
356300 -43.985 -44
356400 -44.1691 -44
356500 -44.4607 -44
356600 -44.8141 -44
356700 -44.7188 -44
356800 -44.4011 -44
356900 -43.8926 -44
357000 -43.6427 -44
357100 -43.9487 -44
357200 -44.1868 -44
357300 -44.088 -44
357400 -43.755 -44
357500 -43.5196 -44
357600 -43.7465 -44
357700 -44.1521 -44
357800 -44.5661 -44
357900 -44.6694 -44
358000 -44.5439 -44
358100 -44.0295 -44
358200 -43.4762 -44
358300 -43.3428 -44
358400 -43.7095 -44
358500 -43.8267 -44
358600 -43.8323 -44
358700 -44.1112 -44
358800 -44.1815 -44
358900 -44.1543 -44
359000 -44.2377 -44
359100 -44.4579 -44
359200 -44.1657 -44
359300 -43.9141 -44
359400 -43.6161 -44
359500 -43.5554 -44
359600 -43.7524 -44
359700 -44.3314 -44
359800 -44.4332 -44
359900 -44.2017 -44
360000 -43.7614 -44
360100 -43.4054 -44
360200 -43.2318 -44
360300 -43.4387 -44
360400 -43.7239 -44
360500 -44.0219 -44
360600 -44.1285 -44
360700 -44.1077 -44
360800 -44.1446 -44
360900 -43.9582 -44
361000 -43.8852 -44
361100 -43.9839 -44
361200 -44.0906 -44
361300 -44.0252 -44
361400 -43.787 -44
361500 -43.7497 -44
361600 -44.092 -44
361700 -44.2699 -44
361800 -44.3695 -44
361900 -44.3271 -44
362000 -44.16 -44
362100 -44.3534 -44
362200 -44.4957 -44
362300 -44.2316 -44
362400 -43.7729 -44
362500 -43.6009 -44
362600 -43.9186 -44
362700 -44.1891 -44
362800 -44.1864 -44
362900 -44.0539 -44
363000 -43.9666 -44
363100 -44.102 -44
363200 -43.8916 -44
363300 -43.7982 -44
363400 -43.878 -44
363500 -43.9391 -44
363600 -44.0308 -44
363700 -44.0944 -44
363800 -44.0974 -44
363900 -43.9735 -44
364000 -43.7747 -44
364100 -43.9362 -44
364200 -44.0951 -44
364300 -44.1156 -44
364400 -43.9981 -44
364500 -43.9485 -44
364600 -43.8946 -44
364700 -43.8226 -44
364800 -43.7415 -44
364900 -43.7969 -44
365000 -44.026 -44
365100 -44.1651 -44
365200 -44.2587 -44
365300 -44.3168 -44
365400 -44.1732 -44
365500 -43.8322 -44
365600 -43.74 -44
365700 -43.9248 -44
365800 -43.9725 -44
365900 -44.1986 -44
366000 -44.5161 -44
366100 -44.4888 -44
366200 -44.254 -44
366300 -43.9025 -44
366400 -43.6528 -44
366500 -43.7834 -44
366600 -43.6924 -44
366700 -43.6924 -44
366800 -43.7062 -44
366900 -43.92 -44
367000 -44.2037 -44
367100 -44.0988 -44
367200 -43.8674 -44
367300 -43.7143 -44
367400 -43.6808 -44
367500 -43.8698 -44
367600 -44.3122 -44
367700 -44.5618 -44
367800 -44.5016 -44
367900 -44.3294 -44
368000 -44.3202 -44
368100 -44.286 -44
368200 -44.3396 -44
368300 -44.3395 -44
368400 -44.2149 -44
368500 -44.1019 -44
368600 -43.9775 -44
368700 -43.8831 -44
368800 -43.949 -44
368900 -44.08 -44
369000 -44.3312 -44
369100 -44.3186 -44
369200 -44.1808 -44
369300 -44.2007 -44
369400 -44.404 -44
369500 -44.3862 -44
369600 -44.0006 -44
369700 -43.7211 -44
369800 -43.7154 -44
369900 -43.8552 -44
370000 -44.1095 -44
370100 -44.2318 -44
370200 -43.964 -44
370300 -43.8082 -44
370400 -43.7977 -44
370500 -43.8364 -44
370600 -43.9743 -44
370700 -44.073 -44
370800 -44.0674 -44
370900 -44.0606 -44
371000 -43.9419 -44
371100 -43.8811 -44
371200 -43.8951 -44
371300 -43.6863 -44
371400 -43.4289 -44
371500 -43.4048 -44
371600 -43.7449 -44
371700 -44.3563 -44
371800 -44.6616 -44
371900 -44.6216 -44
372000 -44.3046 -44
372100 -43.99 -44
372200 -43.7242 -44
372300 -43.4089 -44
372400 -43.4118 -44
372500 -43.7571 -44
372600 -44.0735 -44
372700 -44.2788 -44
372800 -44.4042 -44
372900 -44.2748 -44
373000 -43.7842 -44
373100 -43.692 -44
373200 -43.6555 -44
373300 -43.5295 -44
373400 -43.4521 -44
373500 -43.4756 -44
373600 -43.7494 -44
373700 -44.1074 -44
373800 -44.4489 -44
373900 -44.5708 -44
374000 -44.5888 -44
374100 -44.2851 -44
374200 -43.9838 -44
374300 -43.7844 -44
374400 -43.4955 -44
374500 -43.4713 -44
374600 -43.8557 -44
374700 -43.8585 -44
374800 -43.6568 -44
374900 -43.6626 -44
375000 -43.7782 -44
375100 -44.0757 -44
375200 -44.505 -44
375300 -44.6877 -44
375400 -44.6891 -44
375500 -44.3785 -44
375600 -44.115 -44
375700 -43.9216 -44
375800 -43.9026 -44
375900 -43.8473 -44
376000 -43.8103 -44
376100 -43.7231 -44
376200 -43.6937 -44
376300 -44.0676 -44
376400 -44.2843 -44
376500 -43.9865 -44
376600 -43.7441 -44
376700 -43.6489 -44
376800 -43.8396 -44
376900 -43.9051 -44
377000 -43.9478 -44
377100 -44.0191 -44
377200 -44.4178 -44
377300 -44.9401 -44
377400 -44.8147 -44
377500 -44.4528 -44
377600 -44.1024 -44
377700 -43.8378 -44
377800 -43.6734 -44
377900 -43.6637 -44
378000 -43.5797 -44
378100 -43.3556 -44
378200 -43.5555 -44
378300 -44.2656 -44
378400 -44.7322 -44
378500 -44.5587 -44
378600 -44.0932 -44
378700 -43.9997 -44
378800 -44.0233 -44
378900 -44.0552 -44
379000 -44.0288 -44
379100 -43.7396 -44
379200 -43.6711 -44
379300 -43.5694 -44
379400 -43.7621 -44
379500 -44.0613 -44
379600 -44.044 -44
379700 -43.9562 -44
379800 -43.9878 -44
379900 -44.4598 -44
380000 -44.6073 -44
380100 -44.5919 -44
380200 -44.4705 -44
380300 -44.196 -44
380400 -43.8356 -44
380500 -43.7704 -44
380600 -43.6752 -44
380700 -43.6862 -44
380800 -43.9864 -44
380900 -44.1474 -44
381000 -44.215 -44
381100 -44.2222 -44
381200 -43.7645 -44
381300 -43.3652 -44
381400 -43.6513 -44
381500 -44.059 -44
381600 -44.3442 -44
381700 -44.5791 -44
381800 -44.6099 -44
381900 -44.2131 -44
382000 -43.854 -44
382100 -43.4304 -44
382200 -43.2506 -44
382300 -43.331 -44
382400 -43.4629 -44
382500 -43.7419 -44
382600 -43.9725 -44
382700 -44.1722 -44
382800 -44.367 -44
382900 -44.1841 -44
383000 -43.9908 -44
383100 -44.0298 -44
383200 -44.1138 -44
383300 -43.8741 -44
383400 -43.5116 -44
383500 -43.4068 -44
383600 -43.7021 -44
383700 -44.171 -44
383800 -44.5218 -44
383900 -44.61 -44
384000 -44.3397 -44
384100 -43.9803 -44
384200 -43.7264 -44
384300 -43.5379 -44
384400 -43.5896 -44
384500 -43.886 -44
384600 -43.9596 -44
384700 -44.0923 -44
384800 -44.293 -44
384900 -44.7485 -44
385000 -44.6943 -44
385100 -44.3484 -44
385200 -43.9666 -44
385300 -43.5608 -44
385400 -43.4649 -44
385500 -43.479 -44
385600 -43.7337 -44
385700 -44.3832 -44
385800 -44.5104 -44
385900 -44.2273 -44
386000 -44.1916 -44
386100 -44.2619 -44
386200 -44.2479 -44
386300 -44.1107 -44
386400 -43.9838 -44
386500 -44.1088 -44
386600 -44.2266 -44
386700 -44.1313 -44
386800 -43.7828 -44
386900 -43.3374 -44
387000 -43.211 -44
387100 -43.5904 -44
387200 -44.05 -44
387300 -44.216 -44
387400 -44.203 -44
387500 -44.3285 -44
387600 -44.4382 -44
387700 -44.1461 -44
387800 -44.1253 -44
387900 -44.2883 -44
388000 -44.4131 -44
388100 -44.2215 -44
388200 -44.2682 -44
388300 -44.2582 -44
388400 -44.2516 -44
388500 -44.4376 -44
388600 -44.6543 -44
388700 -44.5951 -44
388800 -44.2392 -44
388900 -43.6165 -44
389000 -43.162 -44
389100 -43.1723 -44
389200 -43.8192 -44
389300 -44.564 -44
389400 -44.5094 -44
389500 -44.0019 -44
389600 -43.8504 -44
389700 -43.8439 -44
389800 -43.8298 -44
389900 -44.0284 -44
390000 -44.1923 -44
390100 -44.5629 -44
390200 -44.7967 -44
390300 -44.6113 -44
390400 -44.1064 -44
390500 -43.46 -44
390600 -43.5169 -44
390700 -44.0389 -44
390800 -44.5157 -44
390900 -44.7338 -44
391000 -44.5853 -44
391100 -44.2832 -44
391200 -43.5735 -44
391300 -43.3087 -44
391400 -43.2702 -44
391500 -43.5475 -44
391600 -44.0163 -44
391700 -44.1859 -44
391800 -44.176 -44
391900 -43.8969 -44
392000 -43.6674 -44
392100 -43.8589 -44
392200 -44.0243 -44
392300 -43.7073 -44
392400 -43.4622 -44
392500 -43.5304 -44
392600 -43.7313 -44
392700 -43.7488 -44
392800 -44.0175 -44
392900 -44.2331 -44
393000 -44.2186 -44
393100 -44.2456 -44
393200 -44.4453 -44
393300 -44.1004 -44
393400 -43.9546 -44
393500 -44.1334 -44
393600 -44.02 -44
393700 -43.9543 -44
393800 -43.8344 -44
393900 -43.3487 -44
394000 -43.0924 -44
394100 -43.291 -44
394200 -43.8504 -44
394300 -44.228 -44
394400 -44.1014 -44
394500 -44.0281 -44
394600 -44.1494 -44
394700 -43.9215 -44
394800 -43.883 -44
394900 -43.9403 -44
395000 -43.9464 -44
395100 -43.7597 -44
395200 -43.6178 -44
395300 -43.7196 -44
395400 -43.8765 -44
395500 -44.1267 -44
395600 -44.3881 -44
395700 -44.6469 -44
395800 -44.5102 -44
395900 -44.1437 -44
396000 -43.704 -44
396100 -43.2993 -44
396200 -43.3439 -44
396300 -43.9152 -44
396400 -44.2067 -44
396500 -44.1563 -44
396600 -43.836 -44
396700 -43.6409 -44
396800 -43.7929 -44
396900 -44.2084 -44
397000 -44.1974 -44
397100 -44.0925 -44
397200 -43.9402 -44
397300 -43.8293 -44
397400 -43.9213 -44
397500 -44.0585 -44
397600 -44.224 -44
397700 -44.2016 -44
397800 -43.8476 -44
397900 -43.6347 -44
398000 -43.6547 -44
398100 -43.5757 -44
398200 -43.7604 -44
398300 -43.9537 -44
398400 -43.8831 -44
398500 -43.8091 -44
398600 -43.9209 -44
398700 -44.1616 -44
398800 -44.3173 -44
398900 -44.1035 -44
399000 -43.9217 -44
399100 -44.1352 -44
399200 -44.4508 -44
399300 -44.31 -44
399400 -44.0584 -44
399500 -43.7951 -44
399600 -43.7204 -44
399700 -43.7479 -44
399800 -43.7931 -44
399900 -43.9417 -44
400000 -43.8017 -44
400100 -43.5146 -44
400200 -43.5033 -44
400300 -43.8629 -44
400400 -44.1397 -44
400500 -44.3137 -44
400600 -44.44 -44
400700 -44.0484 -44
400800 -43.9663 -44
400900 -44.3803 -44
401000 -44.5762 -44
401100 -44.3196 -44
401200 -43.9485 -44
401300 -43.7767 -44
401400 -43.6522 -44
401500 -43.6656 -44
401600 -43.5085 -44
401700 -43.3477 -44
401800 -43.5893 -44
401900 -43.7306 -44
402000 -43.7972 -44
402100 -43.9331 -44
402200 -43.9737 -44
402300 -44.0581 -44
402400 -43.9023 -44
402500 -43.9072 -44
402600 -43.6345 -44
402700 -43.5751 -44
402800 -43.7355 -44
402900 -43.9115 -44
403000 -44.3761 -44
403100 -44.4554 -44
403200 -44.1957 -44
403300 -44.0058 -44
403400 -43.814 -44
403500 -43.8322 -44
403600 -43.8577 -44
403700 -44.0045 -44
403800 -44.4033 -44
403900 -44.2916 -44
404000 -43.8736 -44
404100 -43.7074 -44
404200 -43.6772 -44
404300 -43.7791 -44
404400 -43.9305 -44
404500 -43.9358 -44
404600 -43.9411 -44
404700 -44.1728 -44
404800 -44.0552 -44
404900 -43.4975 -44
405000 -43.078 -44
405100 -43.4931 -44
405200 -44.3023 -44
405300 -44.9691 -44
405400 -45.1482 -44
405500 -44.7913 -44
405600 -44.3047 -44
405700 -43.8933 -44
405800 -43.7815 -44
405900 -43.7076 -44
406000 -43.74 -44
406100 -43.8223 -44
406200 -44.167 -44
406300 -44.0119 -44
406400 -43.3943 -44
406500 -42.9158 -44
406600 -42.9474 -44
406700 -43.4948 -44
406800 -44.0525 -44
406900 -44.1867 -44
407000 -44.0925 -44
407100 -44.1864 -44
407200 -44.2441 -44
407300 -44.3024 -44
407400 -44.2419 -44
407500 -43.7198 -44
407600 -43.3898 -44
407700 -43.3277 -44
407800 -43.2849 -44
407900 -43.5089 -44
408000 -44.1391 -44
408100 -44.6337 -44
408200 -44.6165 -44
408300 -44.3076 -44
408400 -43.836 -44
408500 -43.4501 -44
408600 -43.3639 -44
408700 -43.5401 -44
408800 -43.9649 -44
408900 -44.6112 -44
409000 -44.807 -44
409100 -44.5651 -44
409200 -44.3395 -44
409300 -44.1045 -44
409400 -43.9281 -44
409500 -43.9049 -44
409600 -43.9353 -44
409700 -44.2061 -44
409800 -44.2847 -44
409900 -44.0944 -44
410000 -43.7874 -44
