# Time-averaged data for fix myat1
# TimeStep v_xave v_xdes
4630100 28.3679 28
4630200 28.1471 28
4630300 28.0825 28
4630400 28.1228 28
4630500 28.2175 28
4630600 28.5272 28
4630700 28.7537 28
4630800 28.4227 28
4630900 27.8528 28
4631000 27.6848 28
4631100 27.7512 28
4631200 28.1271 28
4631300 28.5382 28
4631400 28.6559 28
4631500 28.2805 28
4631600 28.0519 28
4631700 28.2681 28
4631800 28.3684 28
4631900 28.2894 28
4632000 28.2666 28
4632100 28.1732 28
4632200 28.2437 28
4632300 28.1969 28
4632400 27.8993 28
4632500 27.7521 28
4632600 27.7828 28
4632700 27.8432 28
4632800 27.9959 28
4632900 27.8878 28
4633000 27.8468 28
4633100 28.1428 28
4633200 28.2477 28
4633300 28.2283 28
4633400 27.934 28
4633500 27.7977 28
4633600 27.9356 28
4633700 28.1902 28
4633800 28.1436 28
4633900 27.9831 28
4634000 27.7294 28
4634100 27.6243 28
4634200 27.7295 28
4634300 27.9538 28
4634400 28.2151 28
4634500 28.3378 28
4634600 28.1994 28
4634700 28.0992 28
4634800 28.0136 28
4634900 27.7725 28
4635000 27.6364 28
4635100 27.6621 28
4635200 27.8696 28
4635300 27.975 28
4635400 27.8884 28
4635500 27.7236 28
4635600 27.8036 28
4635700 27.9119 28
4635800 27.9978 28
4635900 28.1518 28
4636000 28.3033 28
4636100 28.1317 28
4636200 27.8568 28
4636300 27.6807 28
4636400 27.8715 28
4636500 27.7947 28
4636600 27.8629 28
4636700 27.9654 28
4636800 28.089 28
4636900 27.9492 28
4637000 28.1567 28
4637100 28.2306 28
4637200 27.8981 28
4637300 27.8693 28
4637400 27.9313 28
4637500 27.9207 28
4637600 27.8049 28
4637700 27.7491 28
4637800 27.9085 28
4637900 28.2081 28
4638000 28.4079 28
4638100 28.3436 28
4638200 28.2898 28
4638300 28.1355 28
4638400 28.0032 28
4638500 28.1444 28
4638600 28.1887 28
4638700 28.2467 28
4638800 28.2261 28
4638900 27.9357 28
4639000 27.6049 28
4639100 27.7966 28
4639200 28.1717 28
4639300 28.3388 28
4639400 28.4066 28
4639500 28.3846 28
4639600 28.1551 28
4639700 27.8505 28
4639800 27.3452 28
4639900 27.1135 28
4640000 27.3676 28
4640100 27.9932 28
4640200 28.5467 28
4640300 28.7978 28
4640400 28.6385 28
4640500 28.2513 28
4640600 27.789 28
4640700 27.4166 28
4640800 27.1217 28
4640900 27.132 28
4641000 27.7414 28
4641100 28.3749 28
4641200 28.5711 28
4641300 28.2784 28
4641400 27.9185 28
4641500 27.7314 28
4641600 27.9636 28
4641700 28.0957 28
4641800 28.1889 28
4641900 28.439 28
4642000 28.2429 28
4642100 27.9807 28
4642200 28.0474 28
4642300 28.1778 28
4642400 28.1719 28
4642500 28.1353 28
4642600 27.9071 28
4642700 27.4878 28
4642800 27.3999 28
4642900 27.4925 28
4643000 27.7697 28
4643100 27.9244 28
4643200 27.8327 28
4643300 27.8031 28
4643400 27.9272 28
4643500 28.1085 28
4643600 28.1573 28
4643700 28.1835 28
4643800 28.2692 28
4643900 28.4537 28
4644000 28.0721 28
4644100 27.502 28
4644200 27.2458 28
4644300 27.4859 28
4644400 28.1108 28
4644500 28.5201 28
4644600 28.8199 28
4644700 28.9052 28
4644800 28.646 28
4644900 28.1307 28
4645000 28.1368 28
4645100 28.0145 28
4645200 27.5011 28
4645300 27.2927 28
4645400 27.2576 28
4645500 27.4523 28
4645600 27.9024 28
4645700 28.5508 28
4645800 29.1041 28
4645900 28.8991 28
4646000 28.3743 28
4646100 28.0331 28
4646200 27.7567 28
4646300 27.759 28
4646400 27.8634 28
4646500 28.3098 28
4646600 28.3924 28
4646700 27.9781 28
4646800 27.9199 28
4646900 28.1523 28
4647000 28.4078 28
4647100 28.535 28
4647200 28.5237 28
4647300 28.5726 28
4647400 28.5023 28
4647500 28.2067 28
4647600 28.1202 28
4647700 27.9679 28
4647800 27.769 28
4647900 27.543 28
4648000 27.7462 28
4648100 27.9733 28
4648200 28.2252 28
4648300 28.2666 28
4648400 28.4235 28
4648500 28.4069 28
4648600 28.5394 28
4648700 28.656 28
4648800 28.5961 28
4648900 28.4305 28
4649000 27.8571 28
4649100 27.5171 28
4649200 27.9012 28
4649300 28.4305 28
4649400 28.6876 28
4649500 28.4481 28
4649600 28.0312 28
4649700 27.5143 28
4649800 27.0479 28
4649900 27.3776 28
4650000 27.8671 28
4650100 27.7998 28
4650200 27.8783 28
4650300 28.2011 28
4650400 28.2684 28
4650500 28.2455 28
4650600 28.2253 28
4650700 28.3178 28
4650800 28.2501 28
4650900 28.1196 28
4651000 27.9958 28
4651100 27.7766 28
4651200 27.6674 28
4651300 27.7971 28
4651400 28.0572 28
4651500 28.1947 28
4651600 28.0836 28
4651700 27.8954 28
4651800 27.9455 28
4651900 27.9911 28
4652000 27.9428 28
4652100 27.9574 28
4652200 27.7962 28
4652300 27.8074 28
4652400 28.3995 28
4652500 28.8002 28
4652600 28.7359 28
4652700 28.2808 28
4652800 28.0084 28
4652900 28.0585 28
4653000 28.3016 28
4653100 28.5568 28
4653200 28.4393 28
4653300 28.1218 28
4653400 27.926 28
4653500 28.1317 28
4653600 28.4085 28
4653700 28.4857 28
4653800 28.4906 28
4653900 28.2251 28
4654000 28.0088 28
4654100 27.8323 28
4654200 27.9775 28
4654300 28.2709 28
4654400 28.322 28
4654500 28.3462 28
4654600 28.425 28
4654700 28.4924 28
4654800 28.663 28
4654900 28.7755 28
4655000 28.5938 28
4655100 28.1936 28
4655200 27.8182 28
4655300 27.4318 28
4655400 27.4105 28
4655500 27.5365 28
4655600 27.7282 28
4655700 27.713 28
4655800 27.9082 28
4655900 27.8491 28
4656000 27.7954 28
4656100 27.9804 28
4656200 28.0007 28
4656300 27.9081 28
4656400 27.7939 28
4656500 27.8632 28
4656600 27.9187 28
4656700 28.0581 28
4656800 28.0123 28
4656900 27.8533 28
4657000 27.7772 28
4657100 27.7859 28
4657200 28.1233 28
4657300 28.5109 28
4657400 28.7135 28
4657500 28.3499 28
4657600 28.0206 28
4657700 27.627 28
4657800 27.5419 28
4657900 27.9583 28
4658000 28.1897 28
4658100 28.1972 28
4658200 27.8158 28
4658300 27.2236 28
4658400 26.9837 28
4658500 27.2155 28
4658600 27.822 28
4658700 28.4167 28
4658800 28.4156 28
4658900 28.0863 28
4659000 27.9254 28
4659100 27.9706 28
4659200 28.0817 28
4659300 28.1732 28
4659400 28.3506 28
4659500 28.3103 28
4659600 28.074 28
4659700 27.8521 28
4659800 27.8224 28
4659900 27.7393 28
4660000 27.9164 28
4660100 28.1441 28
4660200 28.023 28
4660300 27.6644 28
4660400 27.3799 28
4660500 27.4509 28
4660600 27.9608 28
4660700 28.2658 28
4660800 28.1273 28
4660900 28.0554 28
4661000 28.0166 28
4661100 28.1068 28
4661200 28.1692 28
4661300 28.2216 28
4661400 27.8582 28
4661500 27.4666 28
4661600 27.2751 28
4661700 27.7123 28
4661800 28.2295 28
4661900 28.216 28
4662000 27.9881 28
4662100 27.8734 28
4662200 27.9714 28
4662300 28.1607 28
4662400 28.3177 28
4662500 28.1953 28
4662600 27.8377 28
4662700 27.5349 28
4662800 27.5391 28
4662900 27.6774 28
4663000 28.1049 28
4663100 28.4487 28
4663200 28.6829 28
4663300 28.3746 28
4663400 27.9629 28
4663500 27.8466 28
4663600 27.7557 28
4663700 27.6461 28
4663800 27.8343 28
4663900 28.1353 28
4664000 28.2697 28
4664100 28.1008 28
4664200 27.861 28
4664300 27.7304 28
4664400 27.7989 28
4664500 28.052 28
4664600 28.1108 28
4664700 27.871 28
4664800 27.6499 28
4664900 27.6264 28
4665000 27.6568 28
4665100 27.9917 28
4665200 28.3911 28
4665300 28.6961 28
4665400 28.5868 28
4665500 27.973 28
4665600 27.5339 28
4665700 27.5512 28
4665800 27.6717 28
4665900 27.7728 28
4666000 27.815 28
4666100 27.9324 28
4666200 28.0539 28
4666300 28.1936 28
4666400 28.3202 28
4666500 28.1526 28
4666600 28.0429 28
4666700 28.0532 28
4666800 27.8583 28
4666900 27.9273 28
4667000 28.2887 28
4667100 28.6049 28
4667200 28.4983 28
4667300 27.7717 28
4667400 27.0519 28
4667500 27.0404 28
4667600 27.4614 28
4667700 28.1788 28
4667800 28.572 28
4667900 28.4275 28
4668000 27.7667 28
4668100 27.2761 28
4668200 27.1241 28
4668300 27.3751 28
4668400 28.0117 28
4668500 28.3708 28
4668600 28.4722 28
4668700 28.3191 28
4668800 27.8894 28
4668900 27.6062 28
4669000 27.7429 28
4669100 27.9598 28
4669200 28.1615 28
4669300 28.1129 28
4669400 27.9994 28
4669500 28.002 28
4669600 28.0874 28
4669700 28.0233 28
4669800 27.9991 28
4669900 28.0114 28
4670000 28.2553 28
4670100 28.6992 28
4670200 28.6356 28
4670300 28.3501 28
4670400 28.1279 28
4670500 28.023 28
4670600 27.9818 28
4670700 27.6643 28
4670800 27.3948 28
4670900 27.4487 28
4671000 27.7276 28
4671100 28.2782 28
4671200 28.3317 28
4671300 27.9766 28
4671400 27.6574 28
4671500 27.4172 28
4671600 27.4528 28
4671700 27.584 28
4671800 27.7997 28
4671900 27.943 28
4672000 28.0134 28
4672100 28.3924 28
4672200 28.7371 28
4672300 28.5245 28
4672400 28.3695 28
4672500 28.1914 28
4672600 27.9821 28
4672700 28.0221 28
4672800 28.0674 28
4672900 28.0011 28
4673000 27.8009 28
4673100 27.6546 28
4673200 27.5659 28
4673300 27.4529 28
4673400 27.4975 28
4673500 27.7813 28
4673600 27.7894 28
4673700 27.8208 28
4673800 28.0927 28
4673900 28.1047 28
4674000 28.0099 28
4674100 28.0849 28
4674200 28.1368 28
4674300 28.144 28
4674400 27.8326 28
4674500 27.4452 28
4674600 27.5301 28
4674700 28.0094 28
4674800 28.6718 28
4674900 29.0311 28
4675000 28.7536 28
4675100 28.2202 28
4675200 27.7682 28
4675300 27.445 28
4675400 27.4129 28
4675500 27.9375 28
4675600 28.3769 28
4675700 28.2882 28
4675800 28.2838 28
4675900 28.0328 28
4676000 28.1231 28
4676100 28.4071 28
4676200 28.6126 28
4676300 28.7238 28
4676400 28.5659 28
4676500 28.0113 28
4676600 27.7626 28
4676700 27.9026 28
4676800 28.1996 28
4676900 28.1887 28
4677000 28.2346 28
4677100 28.2711 28
4677200 28.2079 28
4677300 27.9895 28
4677400 27.726 28
4677500 27.777 28
4677600 27.8011 28
4677700 27.8539 28
4677800 27.8886 28
4677900 27.8008 28
4678000 27.7494 28
4678100 27.8865 28
4678200 27.94 28
4678300 27.987 28
4678400 28.192 28
4678500 28.2679 28
4678600 28.0077 28
4678700 27.7323 28
4678800 27.7334 28
4678900 27.6658 28
4679000 27.4892 28
4679100 27.6187 28
4679200 28.0058 28
4679300 28.2541 28
4679400 28.1925 28
4679500 28.0557 28
4679600 27.986 28
4679700 28.1579 28
4679800 28.296 28
4679900 28.2216 28
4680000 28.2564 28
4680100 28.2743 28
4680200 28.1881 28
4680300 28.0232 28
4680400 27.7235 28
4680500 27.5645 28
4680600 27.826 28
4680700 28.264 28
4680800 28.581 28
4680900 28.6396 28
4681000 28.6208 28
4681100 28.3662 28
4681200 27.8264 28
4681300 27.8044 28
4681400 28.0637 28
4681500 28.1799 28
4681600 28.094 28
4681700 27.8859 28
4681800 27.5485 28
4681900 27.5853 28
4682000 27.9293 28
4682100 28.0835 28
4682200 28.1911 28
4682300 28.1988 28
4682400 28.1968 28
4682500 28.1065 28
4682600 27.9794 28
4682700 28.0743 28
4682800 28.1563 28
4682900 28.5193 28
4683000 28.7988 28
4683100 28.7545 28
4683200 28.5716 28
4683300 28.1776 28
4683400 27.8787 28
4683500 27.8193 28
4683600 27.9046 28
4683700 27.9538 28
4683800 27.9047 28
4683900 27.982 28
4684000 28.2522 28
4684100 28.4036 28
4684200 28.1322 28
4684300 28.0333 28
4684400 27.974 28
4684500 27.8606 28
4684600 27.4466 28
4684700 27.3731 28
4684800 27.5753 28
4684900 27.9711 28
4685000 28.0883 28
4685100 27.8342 28
4685200 27.9588 28
4685300 28.2849 28
4685400 28.1209 28
4685500 27.4451 28
4685600 27.3523 28
4685700 27.7821 28
4685800 28.1255 28
4685900 28.1232 28
4686000 27.9264 28
4686100 27.6963 28
4686200 27.5386 28
4686300 27.9896 28
4686400 28.3988 28
4686500 28.3711 28
4686600 27.9055 28
4686700 27.4881 28
4686800 27.5461 28
4686900 27.8429 28
4687000 28.0161 28
4687100 27.8965 28
4687200 27.7679 28
4687300 27.9886 28
4687400 28.1556 28
4687500 28.0933 28
4687600 28.144 28
4687700 28.3222 28
4687800 28.5127 28
4687900 28.7628 28
4688000 28.4501 28
4688100 27.9139 28
4688200 27.8415 28
4688300 28.0455 28
4688400 28.2741 28
4688500 28.3858 28
4688600 28.2887 28
4688700 28.1653 28
4688800 28.1579 28
4688900 28.0985 28
4689000 28.2876 28
4689100 28.2533 28
4689200 27.9544 28
4689300 27.7941 28
4689400 27.864 28
4689500 27.9177 28
4689600 28.0084 28
4689700 28.0921 28
4689800 28.3462 28
4689900 28.5433 28
4690000 28.6075 28
4690100 28.2734 28
4690200 28.1358 28
4690300 28.2394 28
4690400 28.0669 28
4690500 28.1435 28
4690600 28.0526 28
4690700 27.8357 28
4690800 27.6606 28
4690900 27.7859 28
4691000 28.0675 28
4691100 27.9965 28
4691200 27.8864 28
4691300 28.0623 28
4691400 28.425 28
4691500 28.4989 28
4691600 28.3061 28
4691700 28.1851 28
4691800 27.8875 28
4691900 27.7853 28
4692000 27.8963 28
4692100 28.1872 28
4692200 28.5527 28
4692300 28.7355 28
4692400 28.6535 28
4692500 28.3876 28
4692600 28.1712 28
4692700 27.9659 28
4692800 27.6385 28
4692900 27.5748 28
4693000 27.7338 28
4693100 28.0228 28
4693200 28.4777 28
4693300 28.71 28
4693400 28.4036 28
4693500 27.8203 28
4693600 27.5618 28
4693700 27.7412 28
4693800 28.1342 28
4693900 28.1324 28
4694000 28.1252 28
4694100 27.9905 28
4694200 27.8098 28
4694300 27.7677 28
4694400 27.855 28
4694500 27.7581 28
4694600 27.8182 28
4694700 27.9104 28
4694800 27.9448 28
4694900 28.1441 28
4695000 28.422 28
4695100 28.5079 28
4695200 28.4067 28
4695300 28.0299 28
4695400 27.6999 28
4695500 27.2873 28
4695600 27.1832 28
4695700 27.4888 28
4695800 27.9553 28
4695900 28.2425 28
4696000 28.4097 28
4696100 28.3721 28
4696200 28.2007 28
4696300 27.8884 28
4696400 27.5875 28
4696500 27.7849 28
4696600 28.2178 28
4696700 28.609 28
4696800 28.4491 28
4696900 27.9396 28
4697000 27.7209 28
4697100 27.7364 28
4697200 27.6823 28
4697300 27.9644 28
4697400 28.4343 28
4697500 28.8537 28
4697600 28.9001 28
4697700 28.4974 28
4697800 28.0585 28
4697900 27.9859 28
4698000 28.1327 28
4698100 28.0175 28
4698200 27.9343 28
4698300 27.8911 28
4698400 27.9519 28
4698500 28.1003 28
4698600 28.2028 28
4698700 28.2699 28
4698800 28.3096 28
4698900 28.2336 28
4699000 28.1491 28
4699100 28.3222 28
4699200 28.3027 28
4699300 27.9696 28
4699400 27.6821 28
4699500 27.5664 28
4699600 27.6644 28
4699700 27.8159 28
4699800 27.9705 28
4699900 28.2356 28
4700000 28.1957 28
4700100 27.8539 28
4700200 27.6174 28
4700300 27.5827 28
4700400 27.7581 28
4700500 28.0408 28
4700600 28.3687 28
4700700 28.5695 28
4700800 28.3914 28
4700900 27.9054 28
4701000 27.4357 28
4701100 27.2885 28
4701200 27.6064 28
4701300 28.247 28
4701400 28.7204 28
4701500 28.8831 28
4701600 28.3939 28
4701700 27.7206 28
4701800 27.5445 28
4701900 28.0381 28
4702000 28.7308 28
4702100 29.0656 28
4702200 28.8692 28
4702300 28.1353 28
4702400 27.328 28
4702500 27.2092 28
4702600 27.542 28
4702700 27.7154 28
4702800 27.8811 28
4702900 27.9124 28
4703000 27.526 28
4703100 27.472 28
4703200 27.5123 28
4703300 27.3491 28
4703400 27.7853 28
4703500 27.8045 28
4703600 27.6364 28
4703700 27.8396 28
4703800 28.043 28
4703900 28.0379 28
4704000 27.9542 28
4704100 27.9081 28
4704200 27.9543 28
4704300 28.0838 28
4704400 28.1142 28
4704500 28.2452 28
4704600 28.3712 28
4704700 28.3453 28
4704800 28.1316 28
4704900 27.7699 28
4705000 27.6488 28
4705100 27.652 28
4705200 27.6876 28
4705300 27.9081 28
4705400 28.4812 28
4705500 28.9111 28
4705600 28.6074 28
4705700 27.9007 28
4705800 27.4332 28
4705900 27.508 28
4706000 27.7846 28
4706100 28.1057 28
4706200 28.1159 28
4706300 28.0887 28
4706400 28.0901 28
4706500 28.1486 28
4706600 27.9122 28
4706700 27.5814 28
4706800 27.4015 28
4706900 27.4463 28
4707000 28.0194 28
4707100 28.4143 28
4707200 28.5672 28
4707300 28.4549 28
4707400 28.191 28
4707500 27.8847 28
4707600 27.4615 28
4707700 27.1977 28
4707800 27.3436 28
4707900 27.7973 28
4708000 28.1746 28
4708100 28.1503 28
4708200 28.2067 28
4708300 28.2023 28
4708400 27.7421 28
4708500 27.2162 28
4708600 27.1642 28
4708700 27.5134 28
4708800 28.0421 28
4708900 28.3569 28
4709000 28.4342 28
4709100 28.2867 28
4709200 27.9565 28
4709300 27.6482 28
4709400 27.3224 28
4709500 27.3174 28
4709600 28.0483 28
4709700 28.6611 28
4709800 28.7835 28
4709900 28.7175 28
4710000 28.371 28
4710100 27.8355 28
4710200 27.4231 28
4710300 27.4418 28
4710400 27.6696 28
4710500 27.9305 28
4710600 28.0682 28
4710700 28.0469 28
4710800 28.0989 28
4710900 28.1173 28
4711000 28.0838 28
4711100 28.0667 28
4711200 27.937 28
4711300 28.1057 28
4711400 28.1803 28
4711500 27.8732 28
4711600 27.5397 28
4711700 27.7063 28
4711800 28.047 28
4711900 28.267 28
4712000 28.5158 28
4712100 28.4796 28
4712200 28.3112 28
4712300 28.0118 28
4712400 27.6619 28
4712500 27.4726 28
4712600 27.5293 28
4712700 27.8488 28
4712800 28.062 28
4712900 28.2301 28
4713000 28.3731 28
4713100 28.1696 28
4713200 27.9472 28
4713300 27.9294 28
4713400 28.221 28
4713500 28.6843 28
4713600 28.916 28
4713700 28.6846 28
4713800 28.0591 28
4713900 27.5251 28
4714000 27.3441 28
4714100 27.4035 28
4714200 27.6167 28
4714300 27.7857 28
4714400 27.8674 28
4714500 27.914 28
4714600 27.9249 28
4714700 28.0089 28
4714800 28.0937 28
4714900 28.2501 28
4715000 28.2268 28
4715100 28.0171 28
4715200 27.8462 28
4715300 28.1088 28
4715400 28.4028 28
4715500 28.2222 28
4715600 27.8267 28
4715700 27.6028 28
4715800 27.5636 28
4715900 27.6075 28
4716000 27.7267 28
4716100 27.6193 28
4716200 27.5131 28
4716300 27.5226 28
4716400 28.0777 28
4716500 28.5332 28
4716600 28.3385 28
4716700 27.8518 28
4716800 27.6886 28
4716900 27.5059 28
4717000 27.4137 28
4717100 27.4149 28
4717200 27.5037 28
4717300 27.9621 28
4717400 28.4937 28
4717500 28.8458 28
4717600 28.9401 28
4717700 28.7407 28
4717800 28.3339 28
4717900 27.9803 28
4718000 27.6665 28
4718100 27.4908 28
4718200 27.464 28
4718300 27.639 28
4718400 27.7399 28
4718500 27.5967 28
4718600 27.5049 28
4718700 27.9816 28
4718800 28.6603 28
4718900 29.0032 28
4719000 28.903 28
4719100 28.2253 28
4719200 27.5409 28
4719300 27.3658 28
4719400 27.5182 28
4719500 27.9756 28
4719600 28.5317 28
4719700 28.6966 28
4719800 28.4412 28
4719900 28.1637 28
4720000 28.0185 28
4720100 28.0099 28
4720200 28.0286 28
4720300 27.8091 28
4720400 27.6409 28
4720500 27.5247 28
4720600 27.5861 28
4720700 27.9687 28
4720800 28.5199 28
4720900 28.5673 28
4721000 28.3329 28
4721100 28.083 28
4721200 27.9324 28
4721300 28.1358 28
4721400 28.2766 28
4721500 28.2769 28
4721600 28.3048 28
4721700 28.1103 28
4721800 27.7272 28
4721900 27.4278 28
4722000 27.4037 28
4722100 27.9148 28
4722200 28.1867 28
4722300 28.0217 28
4722400 27.5821 28
4722500 27.1702 28
4722600 26.9485 28
4722700 27.0637 28
4722800 27.5471 28
4722900 28.0255 28
4723000 28.3037 28
4723100 28.252 28
4723200 28.0831 28
4723300 27.8912 28
4723400 27.7244 28
4723500 27.9274 28
4723600 28.3241 28
4723700 28.4631 28
4723800 28.0382 28
4723900 27.7087 28
4724000 27.5127 28
4724100 27.6334 28
4724200 28.1497 28
4724300 28.4398 28
4724400 28.3728 28
4724500 28.0503 28
4724600 27.7304 28
4724700 27.4322 28
4724800 27.109 28
4724900 27.0482 28
4725000 27.3192 28
4725100 27.8578 28
4725200 28.0593 28
4725300 28.2949 28
4725400 28.3358 28
4725500 28 28
4725600 27.7392 28
4725700 27.9537 28
4725800 28.2196 28
4725900 28.4024 28
4726000 28.3335 28
4726100 28.4168 28
4726200 28.604 28
4726300 28.4959 28
4726400 28.1916 28
4726500 28.0178 28
4726600 28.0035 28
4726700 27.834 28
4726800 27.9185 28
4726900 28.2417 28
4727000 28.4289 28
4727100 28.3839 28
4727200 28.2446 28
4727300 27.8626 28
4727400 27.7543 28
4727500 28.0196 28
4727600 28.2597 28
4727700 28.2083 28
4727800 27.9283 28
4727900 27.4333 28
4728000 27.2254 28
4728100 27.1714 28
4728200 27.2791 28
4728300 27.602 28
4728400 27.7478 28
4728500 27.7952 28
4728600 28.0402 28
4728700 28.3799 28
4728800 28.3324 28
4728900 28.0639 28
4729000 27.896 28
4729100 27.5355 28
4729200 27.4706 28
4729300 27.7155 28
4729400 28.0298 28
4729500 28.2727 28
4729600 28.3023 28
4729700 27.9779 28
4729800 27.6077 28
4729900 27.56 28
4730000 27.782 28
