# Time-averaged data for fix myat1
# TimeStep v_xave v_xdes
950100 -38.7472 -40
950200 -39.0654 -40
950300 -39.3174 -40
950400 -39.5266 -40
950500 -39.7071 -40
950600 -39.8107 -40
950700 -39.8895 -40
950800 -40.0911 -40
950900 -40.2491 -40
951000 -40.4546 -40
951100 -40.4222 -40
951200 -40.3837 -40
951300 -40.1294 -40
951400 -39.9319 -40
951500 -39.8698 -40
951600 -40.0261 -40
951700 -40.113 -40
951800 -40.1591 -40
951900 -39.8981 -40
952000 -39.4749 -40
952100 -39.3831 -40
952200 -39.6009 -40
952300 -40.1985 -40
952400 -40.4916 -40
952500 -40.4701 -40
952600 -40.401 -40
952700 -40.5426 -40
952800 -40.5928 -40
952900 -40.2977 -40
953000 -40.037 -40
953100 -39.7382 -40
953200 -39.4542 -40
953300 -39.4191 -40
953400 -39.8462 -40
953500 -40.2854 -40
953600 -40.257 -40
953700 -40.1705 -40
953800 -39.8002 -40
953900 -39.4724 -40
954000 -39.501 -40
954100 -39.7319 -40
954200 -39.9805 -40
954300 -40.2408 -40
954400 -40.2545 -40
954500 -40.1134 -40
954600 -39.8993 -40
954700 -39.7191 -40
954800 -39.5638 -40
954900 -39.7177 -40
955000 -40.0978 -40
955100 -40.2218 -40
955200 -40.0646 -40
955300 -39.9859 -40
955400 -40.1965 -40
955500 -40.4989 -40
955600 -40.7795 -40
955700 -40.8772 -40
955800 -40.6122 -40
955900 -40.0302 -40
956000 -39.4222 -40
956100 -38.9354 -40
956200 -38.79 -40
956300 -39.0587 -40
956400 -39.9234 -40
956500 -40.987 -40
956600 -41.3894 -40
956700 -41.0255 -40
956800 -40.3937 -40
956900 -39.7172 -40
957000 -39.2528 -40
957100 -39.1869 -40
957200 -39.3477 -40
957300 -39.5642 -40
957400 -39.786 -40
957500 -39.9726 -40
957600 -40.2168 -40
957700 -40.2771 -40
957800 -40.1765 -40
957900 -40.0568 -40
958000 -39.9304 -40
958100 -39.8519 -40
958200 -40.3133 -40
958300 -40.6539 -40
958400 -40.9349 -40
958500 -40.8757 -40
958600 -40.7221 -40
958700 -40.3633 -40
958800 -39.9314 -40
958900 -39.4708 -40
959000 -39.2984 -40
959100 -39.5521 -40
959200 -39.8626 -40
959300 -40.1244 -40
959400 -40.3388 -40
959500 -40.3535 -40
959600 -40.0321 -40
959700 -39.69 -40
959800 -39.6105 -40
959900 -39.6182 -40
960000 -40.1476 -40
960100 -40.5801 -40
960200 -40.4794 -40
960300 -40.0536 -40
960400 -39.7632 -40
960500 -39.8133 -40
960600 -40.0798 -40
960700 -40.3923 -40
960800 -40.7421 -40
960900 -41.0612 -40
961000 -40.9245 -40
961100 -40.6959 -40
961200 -40.5506 -40
961300 -40.401 -40
961400 -40.2555 -40
961500 -40.2572 -40
961600 -40.4002 -40
961700 -40.338 -40
961800 -40.2952 -40
961900 -40.4332 -40
962000 -40.652 -40
962100 -40.8315 -40
962200 -40.6076 -40
962300 -40.3057 -40
962400 -40.0875 -40
962500 -40.0176 -40
962600 -39.8952 -40
962700 -39.874 -40
962800 -39.8434 -40
962900 -39.6878 -40
963000 -39.5405 -40
963100 -39.7355 -40
963200 -39.9835 -40
963300 -40.0977 -40
963400 -40.2424 -40
963500 -40.5125 -40
963600 -40.5958 -40
963700 -40.3537 -40
963800 -39.9102 -40
963900 -39.487 -40
964000 -39.2504 -40
964100 -39.2146 -40
964200 -39.2094 -40
964300 -39.5605 -40
964400 -39.9901 -40
964500 -40.3754 -40
964600 -40.4868 -40
964700 -40.372 -40
964800 -40.0978 -40
964900 -40.1088 -40
965000 -40.219 -40
965100 -40.4384 -40
965200 -40.4755 -40
965300 -40.2664 -40
965400 -40.0229 -40
965500 -39.7645 -40
965600 -39.717 -40
965700 -39.8799 -40
965800 -39.9892 -40
965900 -39.9617 -40
966000 -40.1662 -40
966100 -40.1773 -40
966200 -39.9824 -40
966300 -39.9613 -40
966400 -39.957 -40
966500 -40.1345 -40
966600 -40.3742 -40
966700 -40.3703 -40
966800 -40.1053 -40
966900 -39.9206 -40
967000 -39.7114 -40
967100 -39.6038 -40
967200 -39.4055 -40
967300 -39.2135 -40
967400 -39.5502 -40
967500 -40.4096 -40
967600 -41.0278 -40
967700 -41.032 -40
967800 -40.7539 -40
967900 -40.6255 -40
968000 -40.2082 -40
968100 -39.6944 -40
968200 -39.2876 -40
968300 -39.4121 -40
968400 -39.7674 -40
968500 -39.9964 -40
968600 -39.8839 -40
968700 -39.5053 -40
968800 -39.0954 -40
968900 -39.1676 -40
969000 -39.41 -40
969100 -39.6367 -40
969200 -39.9353 -40
969300 -40.1819 -40
969400 -40.3941 -40
969500 -40.4329 -40
969600 -40.3694 -40
969700 -40.1595 -40
969800 -39.9269 -40
969900 -39.8835 -40
970000 -39.9105 -40
970100 -40.0978 -40
970200 -40.4053 -40
970300 -40.5873 -40
970400 -40.7313 -40
970500 -40.8272 -40
970600 -40.7627 -40
970700 -40.8288 -40
970800 -40.8782 -40
970900 -40.6413 -40
971000 -40.4473 -40
971100 -40.0967 -40
971200 -39.5771 -40
971300 -39.143 -40
971400 -39.2799 -40
971500 -39.6389 -40
971600 -39.8853 -40
971700 -39.827 -40
971800 -39.8216 -40
971900 -40.0001 -40
972000 -40.3055 -40
972100 -40.4557 -40
972200 -40.443 -40
972300 -40.3261 -40
972400 -40.3833 -40
972500 -40.2172 -40
972600 -39.9257 -40
972700 -39.7462 -40
972800 -39.6776 -40
972900 -39.7233 -40
973000 -39.6367 -40
973100 -39.6389 -40
973200 -39.9684 -40
973300 -40.2723 -40
973400 -40.061 -40
973500 -39.7876 -40
973600 -39.8148 -40
973700 -39.9653 -40
973800 -40.0084 -40
973900 -39.746 -40
974000 -39.7623 -40
974100 -40.0464 -40
974200 -40.3685 -40
974300 -40.3547 -40
974400 -40.1749 -40
974500 -39.8201 -40
974600 -39.6302 -40
974700 -39.5452 -40
974800 -39.6322 -40
974900 -39.6582 -40
975000 -39.7155 -40
975100 -39.8393 -40
975200 -40.0172 -40
975300 -40.1778 -40
975400 -40.1605 -40
975500 -39.8758 -40
975600 -39.4115 -40
975700 -39.3286 -40
975800 -39.4428 -40
975900 -39.5231 -40
976000 -39.5845 -40
976100 -39.6517 -40
976200 -39.7978 -40
976300 -39.7997 -40
976400 -40.0282 -40
976500 -40.4312 -40
976600 -40.6455 -40
976700 -40.6893 -40
976800 -40.5867 -40
976900 -40.509 -40
977000 -40.4093 -40
977100 -40.2709 -40
977200 -40.1623 -40
977300 -39.9935 -40
977400 -39.7923 -40
977500 -39.8192 -40
977600 -39.999 -40
977700 -39.9627 -40
977800 -40.0495 -40
977900 -40.1816 -40
978000 -40.4136 -40
978100 -40.4693 -40
978200 -40.5017 -40
978300 -40.3443 -40
978400 -40.0604 -40
978500 -39.8797 -40
978600 -39.5211 -40
978700 -39.4356 -40
978800 -39.685 -40
978900 -40.1609 -40
979000 -40.6166 -40
979100 -40.7965 -40
979200 -40.494 -40
979300 -40.0799 -40
979400 -39.6757 -40
979500 -39.4298 -40
979600 -39.3483 -40
979700 -39.3976 -40
979800 -39.506 -40
979900 -39.7445 -40
980000 -40.1018 -40
980100 -39.9626 -40
980200 -39.7924 -40
980300 -39.8902 -40
980400 -40.1418 -40
980500 -40.2923 -40
980600 -40.2698 -40
980700 -40.1771 -40
980800 -39.9112 -40
980900 -39.676 -40
981000 -39.589 -40
981100 -39.6469 -40
981200 -39.875 -40
981300 -40.4463 -40
981400 -41.0833 -40
981500 -41.4973 -40
981600 -41.34 -40
981700 -40.6453 -40
981800 -39.603 -40
981900 -38.9072 -40
982000 -38.6142 -40
982100 -39.1175 -40
982200 -39.6897 -40
982300 -39.92 -40
982400 -39.743 -40
982500 -39.2535 -40
982600 -39.217 -40
982700 -39.365 -40
982800 -39.6001 -40
982900 -39.9644 -40
983000 -40.3013 -40
983100 -40.1927 -40
983200 -40.11 -40
983300 -40.0759 -40
983400 -39.9779 -40
983500 -39.984 -40
983600 -39.9025 -40
983700 -40.0119 -40
983800 -40.1259 -40
983900 -40.2615 -40
984000 -40.5168 -40
984100 -40.7845 -40
984200 -40.7585 -40
984300 -40.7056 -40
984400 -40.4098 -40
984500 -40.1199 -40
984600 -39.7526 -40
984700 -39.5942 -40
984800 -39.6559 -40
984900 -39.5432 -40
985000 -39.4858 -40
985100 -39.6086 -40
985200 -39.8272 -40
985300 -40.1245 -40
985400 -40.4012 -40
985500 -40.3531 -40
985600 -40.1147 -40
985700 -39.8941 -40
985800 -39.7612 -40
985900 -39.5971 -40
986000 -39.377 -40
986100 -39.1366 -40
986200 -39.114 -40
986300 -39.1293 -40
986400 -39.3267 -40
986500 -39.9237 -40
986600 -40.4295 -40
986700 -40.4681 -40
986800 -40.3399 -40
986900 -40.1261 -40
987000 -40.0926 -40
987100 -40.1562 -40
987200 -40.3099 -40
987300 -40.6295 -40
987400 -40.8567 -40
987500 -40.7774 -40
987600 -40.6171 -40
987700 -40.4526 -40
987800 -40.1557 -40
987900 -39.9538 -40
988000 -39.829 -40
988100 -39.8545 -40
988200 -39.8759 -40
988300 -39.9145 -40
988400 -40.1051 -40
988500 -40.0894 -40
988600 -40.4096 -40
988700 -40.5379 -40
988800 -40.3968 -40
988900 -40.1815 -40
989000 -40.1589 -40
989100 -40.2866 -40
989200 -40.451 -40
989300 -40.4569 -40
989400 -40.1478 -40
989500 -39.7179 -40
989600 -39.8327 -40
989700 -40.018 -40
989800 -39.9522 -40
989900 -39.9497 -40
990000 -40.1947 -40
990100 -40.5407 -40
990200 -40.5193 -40
990300 -40.049 -40
990400 -39.8867 -40
990500 -39.9412 -40
990600 -39.8556 -40
990700 -39.6777 -40
990800 -39.5395 -40
990900 -39.4617 -40
991000 -39.8077 -40
991100 -40.3317 -40
991200 -40.7364 -40
991300 -40.6676 -40
991400 -40.3416 -40
991500 -40.1302 -40
991600 -40.1518 -40
991700 -40.2782 -40
991800 -40.203 -40
991900 -39.8999 -40
992000 -39.5292 -40
992100 -39.606 -40
992200 -39.6473 -40
992300 -39.7556 -40
992400 -39.8833 -40
992500 -39.9321 -40
992600 -40.0376 -40
992700 -40.3574 -40
992800 -40.5696 -40
992900 -40.8752 -40
993000 -41.1161 -40
993100 -41.1142 -40
993200 -40.762 -40
993300 -40.2282 -40
993400 -39.7204 -40
993500 -39.6628 -40
993600 -39.6017 -40
993700 -39.2613 -40
993800 -39.1991 -40
993900 -39.7351 -40
994000 -40.5595 -40
994100 -41.3194 -40
994200 -41.3559 -40
994300 -40.7331 -40
994400 -39.8766 -40
994500 -39.3008 -40
994600 -39.3933 -40
994700 -39.7936 -40
994800 -40.08 -40
994900 -40.0586 -40
995000 -39.976 -40
995100 -40.0437 -40
995200 -40.0093 -40
995300 -39.7666 -40
995400 -39.5587 -40
995500 -39.4484 -40
995600 -39.7519 -40
995700 -40.2228 -40
995800 -40.4207 -40
995900 -40.5753 -40
996000 -40.6575 -40
996100 -40.7113 -40
996200 -40.3281 -40
996300 -39.3343 -40
996400 -38.6272 -40
996500 -39.1898 -40
996600 -40.0915 -40
996700 -40.9326 -40
996800 -41.1357 -40
996900 -40.8464 -40
997000 -40.4803 -40
997100 -40.3547 -40
997200 -40.4816 -40
997300 -40.5621 -40
997400 -40.3511 -40
997500 -39.9152 -40
997600 -39.544 -40
997700 -39.4754 -40
997800 -39.616 -40
997900 -39.9525 -40
998000 -40.3941 -40
998100 -40.4868 -40
998200 -40.1963 -40
998300 -40.0596 -40
998400 -40.0495 -40
998500 -40.0311 -40
998600 -39.7708 -40
998700 -39.5098 -40
998800 -39.4648 -40
998900 -39.7925 -40
999000 -40.0743 -40
999100 -39.972 -40
999200 -39.9548 -40
999300 -40.0772 -40
999400 -39.9336 -40
999500 -39.8415 -40
999600 -39.5763 -40
999700 -39.5337 -40
999800 -39.8333 -40
999900 -40.1348 -40
1000000 -40.2678 -40
1000100 -40.0966 -40
1000200 -39.9648 -40
1000300 -40.0531 -40
1000400 -40.0878 -40
1000500 -39.9764 -40
1000600 -39.8291 -40
1000700 -39.6833 -40
1000800 -39.5071 -40
1000900 -39.6402 -40
1001000 -39.8165 -40
1001100 -39.9495 -40
1001200 -39.9563 -40
1001300 -39.8912 -40
1001400 -39.9861 -40
1001500 -40.0467 -40
1001600 -40.18 -40
1001700 -40.2542 -40
1001800 -40.3472 -40
1001900 -40.2092 -40
1002000 -40.02 -40
1002100 -39.9209 -40
1002200 -39.8956 -40
1002300 -39.7766 -40
1002400 -39.7936 -40
1002500 -40.0087 -40
1002600 -40.2898 -40
1002700 -40.46 -40
1002800 -40.2464 -40
1002900 -40.0671 -40
1003000 -39.9262 -40
1003100 -39.8684 -40
1003200 -39.979 -40
1003300 -40.2975 -40
1003400 -40.4797 -40
1003500 -40.7258 -40
1003600 -40.9809 -40
1003700 -40.8358 -40
1003800 -40.6238 -40
1003900 -40.1028 -40
1004000 -39.718 -40
1004100 -39.4978 -40
1004200 -39.5974 -40
1004300 -39.9401 -40
1004400 -39.8211 -40
1004500 -39.7255 -40
1004600 -39.7236 -40
1004700 -39.7665 -40
1004800 -40.0724 -40
1004900 -40.23 -40
1005000 -40.545 -40
1005100 -40.8229 -40
1005200 -40.839 -40
1005300 -40.5288 -40
1005400 -40.107 -40
1005500 -39.8584 -40
1005600 -39.9403 -40
1005700 -39.917 -40
1005800 -39.7904 -40
1005900 -39.911 -40
1006000 -40.0663 -40
1006100 -40.1356 -40
1006200 -40.4284 -40
1006300 -40.4614 -40
1006400 -40.1247 -40
1006500 -39.6279 -40
1006600 -39.3108 -40
1006700 -39.4211 -40
1006800 -39.8842 -40
1006900 -40.3745 -40
1007000 -40.6922 -40
1007100 -40.5099 -40
1007200 -40.1507 -40
1007300 -40.0058 -40
1007400 -39.5546 -40
1007500 -39.2295 -40
1007600 -39.3792 -40
1007700 -39.6612 -40
1007800 -39.787 -40
1007900 -39.8889 -40
1008000 -39.9511 -40
1008100 -40.0896 -40
1008200 -39.9449 -40
1008300 -39.7589 -40
1008400 -39.739 -40
1008500 -40.0106 -40
1008600 -40.3646 -40
1008700 -40.525 -40
1008800 -40.438 -40
1008900 -40.2432 -40
1009000 -39.9024 -40
1009100 -39.5941 -40
1009200 -39.4787 -40
1009300 -39.7163 -40
1009400 -40.2128 -40
1009500 -40.8061 -40
1009600 -41.0002 -40
1009700 -40.8706 -40
1009800 -40.5454 -40
1009900 -39.9134 -40
1010000 -39.6104 -40
1010100 -40.009 -40
1010200 -40.7804 -40
1010300 -41.2428 -40
1010400 -41.2185 -40
1010500 -40.795 -40
1010600 -40.0757 -40
1010700 -39.4556 -40
1010800 -39.2847 -40
1010900 -39.4661 -40
1011000 -39.624 -40
1011100 -40.0934 -40
1011200 -40.5712 -40
1011300 -40.6752 -40
1011400 -40.6923 -40
1011500 -40.6638 -40
1011600 -40.2515 -40
1011700 -39.6302 -40
1011800 -39.2624 -40
1011900 -39.2913 -40
1012000 -39.6256 -40
1012100 -39.8874 -40
1012200 -40.1469 -40
1012300 -40.2823 -40
1012400 -40.2932 -40
1012500 -40.1667 -40
1012600 -40.2604 -40
1012700 -40.5843 -40
1012800 -40.6854 -40
1012900 -40.2932 -40
1013000 -39.7198 -40
1013100 -39.2728 -40
1013200 -39.1576 -40
1013300 -39.3392 -40
1013400 -39.6744 -40
1013500 -40.0616 -40
1013600 -40.4282 -40
1013700 -40.9304 -40
1013800 -40.7473 -40
1013900 -40.3822 -40
1014000 -39.9133 -40
1014100 -39.7258 -40
1014200 -39.5784 -40
1014300 -39.5459 -40
1014400 -39.759 -40
1014500 -39.9746 -40
1014600 -40.1278 -40
1014700 -40.0839 -40
1014800 -39.9155 -40
1014900 -39.6824 -40
1015000 -39.2439 -40
1015100 -39.0141 -40
1015200 -39.0496 -40
1015300 -39.2395 -40
1015400 -39.6652 -40
1015500 -40.1168 -40
1015600 -40.4773 -40
1015700 -40.834 -40
1015800 -40.763 -40
1015900 -40.7857 -40
1016000 -40.3623 -40
1016100 -39.6706 -40
1016200 -39.2383 -40
1016300 -39.1983 -40
1016400 -39.476 -40
1016500 -40.0997 -40
1016600 -40.7834 -40
1016700 -41.0902 -40
1016800 -40.59 -40
1016900 -39.8651 -40
1017000 -39.3789 -40
1017100 -39.1975 -40
1017200 -39.4726 -40
1017300 -40.0268 -40
1017400 -40.3599 -40
1017500 -40.2598 -40
1017600 -39.9088 -40
1017700 -39.3087 -40
1017800 -38.8609 -40
1017900 -38.8955 -40
1018000 -39.2851 -40
1018100 -39.7665 -40
1018200 -39.9437 -40
1018300 -39.9418 -40
1018400 -39.8716 -40
1018500 -39.9303 -40
1018600 -40.1906 -40
1018700 -40.374 -40
1018800 -40.1779 -40
1018900 -39.8501 -40
1019000 -39.5184 -40
1019100 -39.4886 -40
1019200 -39.5219 -40
1019300 -39.8963 -40
1019400 -40.3758 -40
1019500 -40.4104 -40
1019600 -40.5497 -40
1019700 -40.6169 -40
1019800 -40.5365 -40
1019900 -40.5917 -40
1020000 -40.5491 -40
1020100 -40.2622 -40
1020200 -40.0355 -40
1020300 -39.9077 -40
1020400 -39.8376 -40
1020500 -39.6438 -40
1020600 -39.6367 -40
1020700 -39.8674 -40
1020800 -39.8729 -40
1020900 -40.1768 -40
1021000 -40.3899 -40
1021100 -40.354 -40
1021200 -40.0377 -40
1021300 -39.8497 -40
1021400 -39.9657 -40
1021500 -39.9967 -40
1021600 -39.8117 -40
1021700 -39.5474 -40
1021800 -39.5773 -40
1021900 -39.9238 -40
1022000 -40.3065 -40
1022100 -40.2985 -40
1022200 -40.116 -40
1022300 -39.6473 -40
1022400 -39.3531 -40
1022500 -39.3545 -40
1022600 -39.6047 -40
1022700 -39.6723 -40
1022800 -39.7923 -40
1022900 -40.2341 -40
1023000 -40.6404 -40
1023100 -40.6994 -40
1023200 -40.4165 -40
1023300 -40.16 -40
1023400 -39.9668 -40
1023500 -39.7777 -40
1023600 -39.7609 -40
1023700 -39.6277 -40
1023800 -39.5229 -40
1023900 -39.193 -40
1024000 -39.1826 -40
1024100 -39.5755 -40
1024200 -39.8471 -40
1024300 -39.8772 -40
1024400 -39.7072 -40
1024500 -39.3463 -40
1024600 -39.3121 -40
1024700 -39.3489 -40
1024800 -39.6478 -40
1024900 -39.8121 -40
1025000 -40.0653 -40
1025100 -40.22 -40
1025200 -40.4177 -40
1025300 -40.7126 -40
1025400 -40.6937 -40
1025500 -40.4219 -40
1025600 -40.3584 -40
1025700 -40.439 -40
1025800 -40.2973 -40
1025900 -40.1364 -40
1026000 -40.0303 -40
1026100 -39.9577 -40
1026200 -39.7972 -40
1026300 -39.6645 -40
1026400 -39.5496 -40
1026500 -39.4875 -40
1026600 -39.4947 -40
1026700 -39.4928 -40
1026800 -39.3937 -40
1026900 -39.1486 -40
1027000 -39.2573 -40
1027100 -39.7268 -40
1027200 -40.2672 -40
1027300 -40.5723 -40
1027400 -40.6854 -40
1027500 -40.467 -40
1027600 -40.2932 -40
1027700 -40.3987 -40
1027800 -40.3262 -40
1027900 -40.0684 -40
1028000 -39.8894 -40
1028100 -39.7388 -40
1028200 -39.7321 -40
1028300 -39.9489 -40
1028400 -39.961 -40
1028500 -39.7545 -40
1028600 -39.7764 -40
1028700 -39.7661 -40
1028800 -39.8978 -40
1028900 -40.2991 -40
1029000 -40.5523 -40
1029100 -40.2261 -40
1029200 -40.034 -40
1029300 -40.0468 -40
1029400 -40.1672 -40
1029500 -40.3036 -40
1029600 -40.4075 -40
1029700 -40.213 -40
1029800 -39.8154 -40
1029900 -39.2495 -40
1030000 -39.2751 -40
1030100 -39.4027 -40
1030200 -39.536 -40
1030300 -39.8799 -40
1030400 -40.104 -40
1030500 -40.2195 -40
1030600 -40.2181 -40
1030700 -40.0985 -40
1030800 -39.9469 -40
1030900 -39.8337 -40
1031000 -39.892 -40
1031100 -40.2013 -40
1031200 -40.5365 -40
1031300 -41.0056 -40
1031400 -41.1597 -40
1031500 -41.126 -40
1031600 -40.9449 -40
1031700 -40.3535 -40
1031800 -39.9066 -40
1031900 -39.8982 -40
1032000 -39.8367 -40
1032100 -39.607 -40
1032200 -39.2643 -40
1032300 -39.3343 -40
1032400 -39.7093 -40
1032500 -40.2003 -40
1032600 -40.7615 -40
1032700 -40.7989 -40
1032800 -40.2383 -40
1032900 -39.7314 -40
1033000 -39.4329 -40
1033100 -39.3444 -40
1033200 -39.526 -40
1033300 -39.5588 -40
1033400 -39.5172 -40
1033500 -39.6733 -40
1033600 -39.8636 -40
1033700 -39.9328 -40
1033800 -40.0415 -40
1033900 -39.9643 -40
1034000 -39.6187 -40
1034100 -39.3224 -40
1034200 -39.226 -40
1034300 -39.3503 -40
1034400 -39.6004 -40
1034500 -39.7269 -40
1034600 -39.8978 -40
1034700 -40.0079 -40
1034800 -40.0373 -40
1034900 -40.1372 -40
1035000 -40.2454 -40
1035100 -40.2984 -40
1035200 -40.0637 -40
1035300 -39.8211 -40
1035400 -39.9144 -40
1035500 -39.954 -40
1035600 -40.0808 -40
1035700 -40.3968 -40
1035800 -40.6708 -40
1035900 -40.8254 -40
1036000 -41.0311 -40
1036100 -40.8704 -40
1036200 -40.5226 -40
1036300 -40.3972 -40
1036400 -40.4948 -40
1036500 -40.6351 -40
1036600 -40.4212 -40
1036700 -40.2018 -40
1036800 -40.0417 -40
1036900 -39.9234 -40
1037000 -39.7289 -40
1037100 -39.487 -40
1037200 -39.7526 -40
1037300 -40.2915 -40
1037400 -40.6096 -40
1037500 -40.8617 -40
1037600 -41.1451 -40
1037700 -41.1417 -40
1037800 -40.9469 -40
1037900 -40.6263 -40
1038000 -40.2324 -40
1038100 -39.8161 -40
1038200 -39.5314 -40
1038300 -39.2715 -40
1038400 -39.1097 -40
1038500 -39.2822 -40
1038600 -39.7985 -40
1038700 -40.2253 -40
1038800 -40.2383 -40
1038900 -40.1444 -40
1039000 -40.0279 -40
1039100 -39.7509 -40
1039200 -39.7326 -40
1039300 -39.9744 -40
1039400 -40.3261 -40
1039500 -40.5836 -40
1039600 -40.7893 -40
1039700 -40.8466 -40
1039800 -40.7469 -40
1039900 -40.3606 -40
1040000 -40.106 -40
1040100 -39.6884 -40
1040200 -39.4294 -40
1040300 -39.4414 -40
1040400 -39.4778 -40
1040500 -40.0674 -40
1040600 -40.6745 -40
1040700 -40.9591 -40
1040800 -40.9259 -40
1040900 -40.8414 -40
1041000 -40.6853 -40
1041100 -40.2435 -40
1041200 -39.7367 -40
1041300 -39.1815 -40
1041400 -38.9232 -40
1041500 -39.097 -40
1041600 -39.391 -40
1041700 -39.6263 -40
1041800 -39.8508 -40
1041900 -39.8072 -40
1042000 -39.7147 -40
1042100 -39.4941 -40
1042200 -39.4276 -40
1042300 -39.3166 -40
1042400 -39.609 -40
1042500 -39.9223 -40
1042600 -40.0356 -40
1042700 -40.1125 -40
1042800 -40.1229 -40
1042900 -40.0002 -40
1043000 -40.0147 -40
1043100 -40.1158 -40
1043200 -40.1021 -40
1043300 -39.9312 -40
1043400 -39.6612 -40
1043500 -39.7443 -40
1043600 -39.9976 -40
1043700 -40.2928 -40
1043800 -40.3666 -40
1043900 -40.4506 -40
1044000 -40.5043 -40
1044100 -40.4007 -40
1044200 -40.2811 -40
1044300 -40.0816 -40
1044400 -40.1366 -40
1044500 -40.7473 -40
1044600 -41.279 -40
1044700 -41.1144 -40
1044800 -40.5619 -40
1044900 -39.9998 -40
1045000 -39.4903 -40
1045100 -39.1321 -40
1045200 -38.9248 -40
1045300 -39.1913 -40
1045400 -39.6079 -40
1045500 -39.9323 -40
1045600 -40.3174 -40
1045700 -40.631 -40
1045800 -40.3189 -40
1045900 -39.7742 -40
1046000 -39.4233 -40
1046100 -39.445 -40
1046200 -39.7771 -40
1046300 -40.1686 -40
1046400 -40.2289 -40
1046500 -40.1961 -40
1046600 -39.9152 -40
1046700 -39.6128 -40
1046800 -39.6211 -40
1046900 -39.7703 -40
1047000 -39.6779 -40
1047100 -39.4629 -40
1047200 -39.3535 -40
1047300 -39.4556 -40
1047400 -39.6721 -40
1047500 -39.8351 -40
1047600 -40.103 -40
1047700 -40.3862 -40
1047800 -40.5305 -40
1047900 -40.8937 -40
1048000 -41.0586 -40
1048100 -40.8745 -40
1048200 -40.512 -40
1048300 -40.1055 -40
1048400 -40.1129 -40
1048500 -40.1643 -40
1048600 -40.0819 -40
1048700 -39.8952 -40
1048800 -39.6406 -40
1048900 -39.5719 -40
1049000 -39.7874 -40
1049100 -40.2397 -40
1049200 -40.7621 -40
1049300 -40.8441 -40
1049400 -40.7974 -40
1049500 -40.5268 -40
1049600 -39.9492 -40
1049700 -39.514 -40
1049800 -39.3798 -40
1049900 -39.5909 -40
1050000 -39.9411 -40
1050100 -40.4668 -40
1050200 -41.05 -40
1050300 -41.1136 -40
1050400 -40.7991 -40
1050500 -40.6081 -40
1050600 -40.4319 -40
1050700 -40.4507 -40
1050800 -40.753 -40
1050900 -40.9644 -40
1051000 -40.9993 -40
1051100 -41.0717 -40
1051200 -40.843 -40
1051300 -40.2231 -40
1051400 -39.7316 -40
1051500 -39.5001 -40
1051600 -39.7305 -40
1051700 -40.0406 -40
1051800 -40.0154 -40
1051900 -39.7479 -40
1052000 -39.4152 -40
1052100 -39.3388 -40
1052200 -39.3233 -40
1052300 -39.6125 -40
1052400 -39.8271 -40
1052500 -39.7957 -40
1052600 -39.7738 -40
1052700 -39.9161 -40
1052800 -40.0001 -40
1052900 -40.1601 -40
1053000 -40.4036 -40
1053100 -40.7164 -40
1053200 -40.6987 -40
1053300 -40.247 -40
1053400 -39.955 -40
1053500 -39.7868 -40
1053600 -39.5067 -40
1053700 -39.5361 -40
1053800 -39.6245 -40
1053900 -39.6086 -40
1054000 -39.4494 -40
1054100 -39.6009 -40
1054200 -40.1578 -40
1054300 -40.5536 -40
1054400 -40.8174 -40
1054500 -41.085 -40
1054600 -40.9903 -40
1054700 -40.6113 -40
1054800 -40.1319 -40
1054900 -39.7468 -40
1055000 -39.5967 -40
1055100 -39.6634 -40
1055200 -40.0171 -40
1055300 -40.3421 -40
1055400 -40.5171 -40
1055500 -40.4539 -40
1055600 -40.3382 -40
1055700 -40.1545 -40
1055800 -40.1058 -40
1055900 -40.0866 -40
1056000 -40.0141 -40
1056100 -40.0656 -40
1056200 -40.1315 -40
1056300 -40.0406 -40
1056400 -39.9801 -40
1056500 -39.8222 -40
1056600 -39.777 -40
1056700 -39.9393 -40
1056800 -40.2669 -40
1056900 -40.31 -40
1057000 -40.1061 -40
1057100 -39.9935 -40
1057200 -39.7921 -40
1057300 -39.556 -40
1057400 -39.7078 -40
1057500 -40.0593 -40
1057600 -39.9269 -40
1057700 -39.7543 -40
1057800 -39.675 -40
1057900 -39.5121 -40
1058000 -39.5468 -40
1058100 -39.6931 -40
1058200 -40.0669 -40
1058300 -40.4077 -40
1058400 -40.4557 -40
1058500 -40.3773 -40
1058600 -40.3002 -40
1058700 -40.3635 -40
1058800 -40.4536 -40
1058900 -40.2318 -40
1059000 -40.1637 -40
1059100 -40.339 -40
1059200 -40.4816 -40
1059300 -40.2059 -40
1059400 -39.7599 -40
1059500 -39.7778 -40
1059600 -39.7354 -40
1059700 -39.8943 -40
1059800 -40.2204 -40
1059900 -40.1325 -40
1060000 -40.0007 -40
1060100 -39.7695 -40
1060200 -39.6104 -40
1060300 -39.5657 -40
1060400 -39.4234 -40
1060500 -39.3329 -40
1060600 -39.317 -40
1060700 -39.5507 -40
1060800 -39.8831 -40
1060900 -40.0876 -40
1061000 -40.301 -40
1061100 -40.3054 -40
1061200 -40.0698 -40
1061300 -39.844 -40
1061400 -39.7648 -40
1061500 -39.6432 -40
1061600 -39.5767 -40
1061700 -39.6047 -40
1061800 -39.6217 -40
1061900 -39.7181 -40
1062000 -40.0953 -40
1062100 -40.1646 -40
1062200 -39.8601 -40
1062300 -39.476 -40
1062400 -39.5649 -40
1062500 -39.9152 -40
1062600 -40.2593 -40
1062700 -40.4342 -40
1062800 -40.3803 -40
1062900 -40.1883 -40
1063000 -40.154 -40
1063100 -39.96 -40
1063200 -39.7527 -40
1063300 -39.76 -40
1063400 -40.04 -40
1063500 -40.5035 -40
1063600 -40.6062 -40
1063700 -40.3672 -40
1063800 -40.3488 -40
1063900 -40.46 -40
1064000 -40.6084 -40
1064100 -40.8306 -40
1064200 -40.7468 -40
1064300 -40.4253 -40
1064400 -40.397 -40
1064500 -40.4374 -40
1064600 -40.4058 -40
1064700 -40.392 -40
1064800 -40.1361 -40
1064900 -39.7673 -40
1065000 -39.8024 -40
1065100 -40.2581 -40
1065200 -40.8039 -40
1065300 -40.8082 -40
1065400 -40.4156 -40
1065500 -40.076 -40
1065600 -39.7902 -40
1065700 -39.7153 -40
1065800 -39.8223 -40
1065900 -39.8711 -40
1066000 -40.0557 -40
1066100 -40.5352 -40
1066200 -40.9401 -40
1066300 -41.0622 -40
1066400 -40.9755 -40
1066500 -40.8358 -40
1066600 -40.701 -40
1066700 -40.4198 -40
1066800 -39.8629 -40
1066900 -39.4582 -40
1067000 -39.3484 -40
1067100 -39.5775 -40
1067200 -39.8695 -40
1067300 -39.894 -40
1067400 -39.8449 -40
1067500 -39.9421 -40
1067600 -39.8677 -40
1067700 -39.7798 -40
1067800 -39.8932 -40
1067900 -40.0025 -40
1068000 -40.1324 -40
1068100 -40.3016 -40
1068200 -40.2145 -40
1068300 -40.1582 -40
1068400 -40.2092 -40
1068500 -40.159 -40
1068600 -40.0656 -40
1068700 -39.6933 -40
1068800 -39.1256 -40
1068900 -38.8954 -40
1069000 -38.9891 -40
1069100 -39.4494 -40
1069200 -39.9921 -40
1069300 -40.2902 -40
1069400 -40.6289 -40
1069500 -40.852 -40
1069600 -40.9456 -40
1069700 -40.7042 -40
1069800 -40.3363 -40
1069900 -40.0378 -40
1070000 -39.6799 -40
1070100 -39.4359 -40
1070200 -39.3097 -40
1070300 -39.2947 -40
1070400 -39.2112 -40
1070500 -39.3187 -40
1070600 -39.5665 -40
1070700 -39.5884 -40
1070800 -39.7963 -40
1070900 -40.0007 -40
1071000 -39.9188 -40
1071100 -39.853 -40
1071200 -39.6857 -40
1071300 -39.3204 -40
1071400 -39.3809 -40
1071500 -39.8767 -40
1071600 -40.2525 -40
1071700 -40.3541 -40
1071800 -40.4248 -40
1071900 -40.5028 -40
1072000 -40.1616 -40
1072100 -39.7523 -40
1072200 -39.6074 -40
1072300 -39.8154 -40
1072400 -40.0473 -40
1072500 -40.2348 -40
1072600 -40.4786 -40
1072700 -40.5036 -40
1072800 -40.0966 -40
1072900 -39.5874 -40
1073000 -39.1039 -40
1073100 -38.8177 -40
1073200 -38.9313 -40
1073300 -39.3907 -40
1073400 -39.9888 -40
1073500 -40.673 -40
1073600 -40.8818 -40
1073700 -40.2772 -40
1073800 -39.4855 -40
1073900 -38.8318 -40
1074000 -38.6307 -40
1074100 -38.8845 -40
1074200 -39.4217 -40
1074300 -40.0861 -40
1074400 -40.4171 -40
1074500 -40.458 -40
1074600 -40.3747 -40
1074700 -40.1688 -40
1074800 -39.8782 -40
1074900 -39.4992 -40
1075000 -39.2406 -40
1075100 -39.1892 -40
1075200 -39.3694 -40
1075300 -39.7649 -40
1075400 -40.142 -40
1075500 -40.3431 -40
1075600 -40.7815 -40
1075700 -41.1661 -40
1075800 -41.2768 -40
1075900 -41.0189 -40
1076000 -40.656 -40
1076100 -40.4842 -40
1076200 -40.2468 -40
1076300 -39.9012 -40
1076400 -39.5863 -40
1076500 -39.3578 -40
1076600 -39.7089 -40
1076700 -40.3467 -40
1076800 -40.6061 -40
1076900 -40.7125 -40
1077000 -40.6503 -40
1077100 -40.4533 -40
1077200 -40.0986 -40
1077300 -39.9208 -40
1077400 -39.6902 -40
1077500 -39.331 -40
1077600 -39.1447 -40
1077700 -39.2543 -40
1077800 -39.7031 -40
1077900 -39.8205 -40
1078000 -39.6626 -40
1078100 -39.5255 -40
1078200 -39.4541 -40
1078300 -39.4875 -40
1078400 -39.5548 -40
1078500 -39.5767 -40
1078600 -39.7539 -40
1078700 -39.9177 -40
1078800 -40.162 -40
1078900 -40.4206 -40
1079000 -40.6336 -40
1079100 -40.6622 -40
1079200 -40.6492 -40
1079300 -40.4767 -40
1079400 -39.8552 -40
1079500 -39.741 -40
1079600 -39.7555 -40
1079700 -39.6639 -40
1079800 -39.5301 -40
1079900 -39.819 -40
1080000 -40.1898 -40
1080100 -40.2507 -40
1080200 -40.0079 -40
1080300 -39.7141 -40
1080400 -39.8775 -40
1080500 -40.3099 -40
1080600 -40.4231 -40
1080700 -40.3113 -40
1080800 -40.1819 -40
1080900 -39.9408 -40
1081000 -39.6618 -40
1081100 -39.6339 -40
1081200 -39.3674 -40
1081300 -39.3536 -40
1081400 -39.7287 -40
1081500 -40.066 -40
1081600 -40.1398 -40
1081700 -40.0691 -40
1081800 -39.9823 -40
1081900 -39.658 -40
1082000 -39.6659 -40
1082100 -40.0038 -40
1082200 -40.3558 -40
1082300 -40.7059 -40
1082400 -40.6539 -40
1082500 -40.1775 -40
1082600 -39.8455 -40
1082700 -39.9545 -40
1082800 -40.1799 -40
1082900 -40.6096 -40
1083000 -41.2227 -40
1083100 -41.4955 -40
1083200 -41.2727 -40
1083300 -40.609 -40
1083400 -39.8703 -40
1083500 -39.1895 -40
1083600 -38.6498 -40
1083700 -38.7917 -40
1083800 -39.4799 -40
1083900 -40.2054 -40
1084000 -40.5512 -40
1084100 -40.5994 -40
1084200 -40.6686 -40
1084300 -40.195 -40
1084400 -39.6817 -40
1084500 -39.5958 -40
1084600 -39.6952 -40
1084700 -40.2021 -40
1084800 -40.7939 -40
1084900 -41.2129 -40
1085000 -40.9879 -40
1085100 -40.298 -40
1085200 -39.8797 -40
1085300 -39.7907 -40
1085400 -39.7925 -40
1085500 -39.7906 -40
1085600 -39.8987 -40
1085700 -39.9814 -40
1085800 -39.9728 -40
1085900 -40.0849 -40
1086000 -40.2832 -40
1086100 -40.2539 -40
1086200 -39.9876 -40
1086300 -39.9933 -40
1086400 -40.1229 -40
1086500 -40.0181 -40
1086600 -39.5446 -40
1086700 -39.1729 -40
1086800 -39.0541 -40
1086900 -39.1385 -40
1087000 -39.4259 -40
1087100 -39.8901 -40
1087200 -40.1442 -40
1087300 -40.3913 -40
1087400 -40.5123 -40
1087500 -40.3763 -40
1087600 -40.3157 -40
1087700 -40.1386 -40
1087800 -39.9145 -40
1087900 -39.7893 -40
1088000 -39.7876 -40
1088100 -39.7828 -40
1088200 -39.9874 -40
1088300 -40.1077 -40
1088400 -40.0049 -40
1088500 -39.9725 -40
1088600 -40.1472 -40
1088700 -40.2478 -40
1088800 -40.2494 -40
1088900 -40.4133 -40
1089000 -40.2361 -40
1089100 -39.8793 -40
1089200 -39.5512 -40
1089300 -39.7715 -40
1089400 -40.2431 -40
1089500 -40.8001 -40
1089600 -41.21 -40
1089700 -41.0039 -40
1089800 -40.4294 -40
1089900 -39.9513 -40
1090000 -39.5486 -40
1090100 -39.219 -40
1090200 -39.072 -40
1090300 -39.3083 -40
1090400 -39.7678 -40
1090500 -40.0357 -40
1090600 -40.0427 -40
1090700 -40.1581 -40
1090800 -39.9452 -40
1090900 -39.3448 -40
1091000 -38.9596 -40
1091100 -38.9669 -40
1091200 -39.3088 -40
1091300 -39.8966 -40
1091400 -40.4793 -40
1091500 -40.8588 -40
1091600 -40.8918 -40
1091700 -40.4802 -40
1091800 -39.9805 -40
1091900 -39.5479 -40
1092000 -39.431 -40
1092100 -39.7452 -40
1092200 -39.7342 -40
1092300 -39.5036 -40
1092400 -39.3388 -40
1092500 -39.6154 -40
1092600 -39.8199 -40
1092700 -39.9125 -40
1092800 -39.5974 -40
1092900 -39.553 -40
1093000 -39.7704 -40
1093100 -40.1497 -40
1093200 -40.2179 -40
1093300 -40.1046 -40
1093400 -39.8891 -40
1093500 -39.7181 -40
1093600 -39.752 -40
1093700 -39.9592 -40
1093800 -40.0228 -40
1093900 -39.9161 -40
1094000 -40.1089 -40
1094100 -40.4102 -40
1094200 -40.7121 -40
1094300 -40.7059 -40
1094400 -40.4237 -40
1094500 -40.2172 -40
1094600 -40.3956 -40
1094700 -40.257 -40
1094800 -39.8674 -40
1094900 -39.6113 -40
1095000 -39.7674 -40
1095100 -39.9312 -40
1095200 -39.9398 -40
1095300 -40.2465 -40
1095400 -40.6906 -40
1095500 -40.7208 -40
1095600 -40.2623 -40
1095700 -39.7333 -40
1095800 -39.4574 -40
1095900 -39.6491 -40
1096000 -39.993 -40
1096100 -40.1537 -40
1096200 -40.2999 -40
1096300 -40.6894 -40
1096400 -40.805 -40
1096500 -40.4242 -40
1096600 -40.0612 -40
1096700 -39.7303 -40
1096800 -39.5859 -40
1096900 -39.772 -40
1097000 -39.9221 -40
1097100 -39.9569 -40
1097200 -40.0155 -40
1097300 -40.0618 -40
1097400 -40.0703 -40
1097500 -39.8702 -40
1097600 -39.6824 -40
1097700 -39.7648 -40
1097800 -40.1314 -40
1097900 -40.3052 -40
1098000 -40.2498 -40
1098100 -40.0642 -40
1098200 -40.0897 -40
1098300 -40.5226 -40
1098400 -40.6233 -40
1098500 -40.4768 -40
1098600 -40.4687 -40
1098700 -40.6404 -40
1098800 -40.624 -40
1098900 -40.3626 -40
1099000 -40.0336 -40
1099100 -39.7539 -40
1099200 -39.5052 -40
1099300 -39.2694 -40
1099400 -39.1866 -40
1099500 -39.2639 -40
1099600 -39.4138 -40
1099700 -39.8894 -40
1099800 -40.4626 -40
1099900 -41.0276 -40
1100000 -41.0126 -40
1100100 -40.6463 -40
1100200 -40.4164 -40
1100300 -39.7458 -40
1100400 -39.2295 -40
1100500 -39.183 -40
1100600 -39.5215 -40
1100700 -39.9907 -40
1100800 -40.3914 -40
1100900 -40.7881 -40
1101000 -40.7077 -40
1101100 -40.4972 -40
1101200 -40.2307 -40
1101300 -40.0285 -40
1101400 -39.5028 -40
1101500 -38.8701 -40
1101600 -38.8303 -40
1101700 -39.1447 -40
1101800 -39.6147 -40
1101900 -40.0307 -40
1102000 -40.3764 -40
1102100 -40.7939 -40
1102200 -41.0859 -40
1102300 -40.9141 -40
1102400 -40.4285 -40
1102500 -39.866 -40
1102600 -39.4674 -40
1102700 -39.3644 -40
1102800 -39.4634 -40
1102900 -39.4071 -40
1103000 -39.4952 -40
1103100 -39.9797 -40
1103200 -40.0425 -40
1103300 -39.8776 -40
1103400 -40.0936 -40
1103500 -40.3532 -40
1103600 -40.576 -40
1103700 -40.6288 -40
1103800 -40.5091 -40
1103900 -39.9335 -40
1104000 -39.6247 -40
1104100 -39.7141 -40
1104200 -40.1603 -40
1104300 -40.4254 -40
1104400 -40.3151 -40
1104500 -40.2021 -40
1104600 -40.3217 -40
1104700 -40.4876 -40
1104800 -40.8531 -40
1104900 -40.9494 -40
1105000 -40.7444 -40
1105100 -40.4842 -40
1105200 -40.3813 -40
1105300 -40.4786 -40
1105400 -40.2758 -40
1105500 -39.6406 -40
1105600 -39.0324 -40
1105700 -38.7252 -40
1105800 -39.0733 -40
1105900 -39.7729 -40
1106000 -40.4484 -40
1106100 -40.828 -40
1106200 -40.8256 -40
1106300 -40.5347 -40
1106400 -40.1213 -40
1106500 -40.0883 -40
1106600 -40.3283 -40
1106700 -40.3447 -40
1106800 -40.2437 -40
1106900 -40.1218 -40
1107000 -40.3662 -40
1107100 -40.6809 -40
1107200 -40.6953 -40
1107300 -40.5318 -40
1107400 -40.1559 -40
1107500 -39.5931 -40
1107600 -39.1322 -40
1107700 -39.3834 -40
1107800 -40.0777 -40
1107900 -40.6747 -40
1108000 -40.7669 -40
1108100 -40.3701 -40
1108200 -39.9426 -40
1108300 -39.9076 -40
1108400 -40.2126 -40
1108500 -40.4013 -40
1108600 -40.612 -40
1108700 -40.541 -40
1108800 -40.0515 -40
1108900 -39.8653 -40
1109000 -39.7483 -40
1109100 -39.6048 -40
1109200 -39.5579 -40
1109300 -39.6142 -40
1109400 -39.6847 -40
1109500 -39.9623 -40
1109600 -40.1863 -40
1109700 -40.1503 -40
1109800 -39.9312 -40
1109900 -39.955 -40
1110000 -40.2805 -40
1110100 -40.4811 -40
1110200 -40.195 -40
1110300 -39.817 -40
1110400 -39.5334 -40
1110500 -39.5639 -40
1110600 -39.815 -40
1110700 -39.9033 -40
1110800 -39.9969 -40
1110900 -40.0522 -40
1111000 -39.9037 -40
1111100 -39.7177 -40
1111200 -39.6156 -40
1111300 -39.7317 -40
1111400 -39.9385 -40
1111500 -39.9377 -40
1111600 -39.9886 -40
1111700 -40.0181 -40
1111800 -40.3006 -40
1111900 -40.6699 -40
1112000 -40.6124 -40
1112100 -40.4278 -40
1112200 -40.4305 -40
1112300 -40.3495 -40
1112400 -40.2956 -40
1112500 -40.295 -40
1112600 -40.2691 -40
1112700 -39.9887 -40
1112800 -39.6968 -40
1112900 -39.5666 -40
1113000 -39.4976 -40
1113100 -39.5568 -40
1113200 -39.7443 -40
1113300 -40.0774 -40
1113400 -40.1063 -40
1113500 -40.2838 -40
1113600 -40.248 -40
1113700 -40.0577 -40
1113800 -40.0033 -40
1113900 -39.7429 -40
1114000 -39.5746 -40
1114100 -39.8139 -40
1114200 -39.9139 -40
1114300 -40.0834 -40
1114400 -40.3589 -40
1114500 -40.4961 -40
1114600 -40.4384 -40
1114700 -40.2701 -40
1114800 -40.0269 -40
1114900 -39.8917 -40
1115000 -39.4742 -40
1115100 -38.9772 -40
1115200 -38.743 -40
1115300 -38.8064 -40
1115400 -39.101 -40
1115500 -39.628 -40
1115600 -40.1891 -40
1115700 -40.4577 -40
1115800 -40.317 -40
1115900 -40.0447 -40
1116000 -39.8025 -40
1116100 -39.6885 -40
1116200 -39.5429 -40
1116300 -39.4159 -40
1116400 -39.7328 -40
1116500 -40.0581 -40
1116600 -40.0637 -40
1116700 -40.0096 -40
1116800 -40.2392 -40
1116900 -40.67 -40
1117000 -40.667 -40
1117100 -40.0893 -40
1117200 -39.3153 -40
1117300 -38.8551 -40
1117400 -38.7794 -40
1117500 -39.0758 -40
1117600 -39.5439 -40
1117700 -40.1439 -40
1117800 -40.7364 -40
1117900 -40.9536 -40
1118000 -40.6265 -40
1118100 -40.3428 -40
1118200 -40.0134 -40
1118300 -39.7009 -40
1118400 -39.6754 -40
1118500 -40.0081 -40
1118600 -40.432 -40
1118700 -40.723 -40
1118800 -40.8507 -40
1118900 -40.9525 -40
1119000 -40.7813 -40
1119100 -40.3511 -40
1119200 -40.1563 -40
1119300 -40.1895 -40
1119400 -40.2223 -40
1119500 -40.2931 -40
1119600 -40.2348 -40
1119700 -40.1548 -40
1119800 -39.7108 -40
1119900 -39.7237 -40
1120000 -39.963 -40
1120100 -40.1232 -40
1120200 -40.2864 -40
1120300 -40.3998 -40
1120400 -40.3344 -40
1120500 -39.9644 -40
1120600 -39.8181 -40
1120700 -39.8875 -40
1120800 -39.7239 -40
1120900 -39.5521 -40
1121000 -39.4772 -40
1121100 -39.4097 -40
1121200 -39.6127 -40
1121300 -39.8631 -40
1121400 -40.1674 -40
1121500 -40.2605 -40
1121600 -40.1448 -40
1121700 -39.9494 -40
1121800 -39.8501 -40
1121900 -39.8053 -40
1122000 -39.9102 -40
1122100 -39.953 -40
1122200 -39.7604 -40
1122300 -39.5073 -40
1122400 -39.7198 -40
1122500 -40.1444 -40
1122600 -40.3452 -40
1122700 -40.2241 -40
1122800 -40.2752 -40
1122900 -40.3507 -40
1123000 -40.1039 -40
1123100 -39.995 -40
1123200 -40.0967 -40
1123300 -40.1031 -40
1123400 -39.9275 -40
1123500 -40.1228 -40
1123600 -40.2041 -40
1123700 -40.1171 -40
1123800 -40.1405 -40
1123900 -40.1691 -40
1124000 -40.0845 -40
1124100 -39.7266 -40
1124200 -39.128 -40
1124300 -38.3532 -40
1124400 -38.2646 -40
1124500 -38.9324 -40
1124600 -39.6619 -40
1124700 -40.0863 -40
1124800 -40.4524 -40
1124900 -40.5528 -40
1125000 -40.5009 -40
1125100 -40.3805 -40
1125200 -40.3594 -40
1125300 -40.168 -40
1125400 -39.8453 -40
1125500 -39.828 -40
1125600 -39.8961 -40
1125700 -39.8897 -40
1125800 -40.0394 -40
1125900 -40.1028 -40
1126000 -39.9733 -40
1126100 -40.0479 -40
1126200 -40.2224 -40
1126300 -40.3231 -40
1126400 -40.2739 -40
1126500 -40.1009 -40
1126600 -39.9266 -40
1126700 -39.8599 -40
1126800 -39.8904 -40
1126900 -39.9264 -40
1127000 -40.0086 -40
1127100 -40.0194 -40
1127200 -39.968 -40
1127300 -39.9608 -40
1127400 -39.9565 -40
1127500 -39.88 -40
1127600 -39.7431 -40
1127700 -39.5457 -40
1127800 -39.1729 -40
1127900 -38.8577 -40
1128000 -39.0466 -40
1128100 -39.7341 -40
1128200 -40.341 -40
1128300 -40.505 -40
1128400 -40.4399 -40
1128500 -40.2265 -40
1128600 -40.078 -40
1128700 -40.066 -40
1128800 -39.8536 -40
1128900 -39.6263 -40
1129000 -39.4384 -40
1129100 -39.5852 -40
1129200 -39.692 -40
1129300 -39.5563 -40
1129400 -39.1726 -40
1129500 -39.0345 -40
1129600 -39.6004 -40
1129700 -40.094 -40
1129800 -40.2339 -40
1129900 -40.0271 -40
1130000 -40.0743 -40
1130100 -40.3153 -40
1130200 -40.3079 -40
1130300 -40.2025 -40
1130400 -40.1319 -40
1130500 -40.2715 -40
1130600 -40.6033 -40
1130700 -40.9615 -40
1130800 -40.9652 -40
1130900 -40.7439 -40
1131000 -40.6614 -40
1131100 -40.5457 -40
1131200 -40.2293 -40
1131300 -40.0457 -40
1131400 -39.9084 -40
1131500 -39.464 -40
1131600 -38.9833 -40
1131700 -38.6767 -40
1131800 -39.0862 -40
1131900 -39.7831 -40
1132000 -40.4306 -40
1132100 -40.6666 -40
1132200 -40.3527 -40
1132300 -40.0413 -40
1132400 -39.9212 -40
1132500 -39.6136 -40
1132600 -39.4578 -40
1132700 -39.8717 -40
1132800 -40.3941 -40
1132900 -40.7246 -40
1133000 -40.8465 -40
1133100 -40.7598 -40
1133200 -40.463 -40
1133300 -40.3231 -40
1133400 -40.1897 -40
1133500 -40.139 -40
1133600 -40.0503 -40
1133700 -39.873 -40
1133800 -39.8616 -40
1133900 -39.8492 -40
1134000 -39.6974 -40
1134100 -39.7629 -40
1134200 -40.1393 -40
1134300 -40.4897 -40
1134400 -40.688 -40
1134500 -40.5767 -40
1134600 -40.1644 -40
1134700 -39.7358 -40
1134800 -39.4519 -40
1134900 -39.7968 -40
1135000 -40.2824 -40
1135100 -40.4486 -40
1135200 -40.1242 -40
1135300 -39.9459 -40
1135400 -39.7686 -40
1135500 -39.4645 -40
1135600 -39.2909 -40
1135700 -39.4656 -40
1135800 -39.8034 -40
1135900 -40.3167 -40
1136000 -40.8618 -40
1136100 -40.9836 -40
1136200 -40.8142 -40
1136300 -40.5627 -40
1136400 -39.9855 -40
1136500 -39.3727 -40
1136600 -38.9854 -40
1136700 -39.137 -40
1136800 -39.6542 -40
1136900 -40.4331 -40
1137000 -40.6795 -40
1137100 -40.3786 -40
1137200 -39.8518 -40
1137300 -39.5479 -40
1137400 -39.558 -40
1137500 -39.8278 -40
1137600 -40.189 -40
1137700 -40.3319 -40
1137800 -39.9877 -40
1137900 -39.5396 -40
1138000 -39.0947 -40
1138100 -38.9227 -40
1138200 -38.9902 -40
1138300 -39.2627 -40
1138400 -39.6571 -40
1138500 -40.0535 -40
1138600 -40.3837 -40
1138700 -40.5917 -40
1138800 -40.5128 -40
1138900 -40.3477 -40
1139000 -40.2786 -40
1139100 -40.0924 -40
1139200 -39.645 -40
1139300 -39.2839 -40
1139400 -39.5752 -40
1139500 -40.1825 -40
1139600 -40.3478 -40
1139700 -40.2334 -40
1139800 -40.1405 -40
1139900 -39.9526 -40
1140000 -39.7613 -40
1140100 -39.6609 -40
1140200 -39.6047 -40
1140300 -39.7269 -40
1140400 -39.7323 -40
1140500 -39.8066 -40
1140600 -40.066 -40
1140700 -40.4795 -40
1140800 -40.8388 -40
1140900 -40.8712 -40
1141000 -40.5694 -40
1141100 -40.5274 -40
1141200 -40.439 -40
1141300 -40.0726 -40
1141400 -39.4414 -40
1141500 -38.9334 -40
1141600 -38.8941 -40
1141700 -39.3566 -40
1141800 -39.9591 -40
1141900 -40.4372 -40
1142000 -40.7214 -40
1142100 -40.9019 -40
1142200 -40.6166 -40
1142300 -40.0607 -40
1142400 -39.3662 -40
1142500 -39.0354 -40
1142600 -38.9649 -40
1142700 -39.2643 -40
1142800 -39.9029 -40
1142900 -40.2248 -40
1143000 -40.3048 -40
1143100 -40.467 -40
1143200 -40.5451 -40
1143300 -40.4632 -40
1143400 -40.2604 -40
1143500 -39.7479 -40
1143600 -39.5851 -40
1143700 -39.8522 -40
1143800 -40.0347 -40
1143900 -39.9331 -40
1144000 -39.4858 -40
1144100 -39.211 -40
1144200 -39.2786 -40
1144300 -39.5198 -40
1144400 -39.7984 -40
1144500 -40.06 -40
1144600 -40.2484 -40
1144700 -40.4069 -40
1144800 -40.651 -40
1144900 -40.6331 -40
1145000 -40.3839 -40
1145100 -40.0128 -40
1145200 -39.5764 -40
1145300 -39.532 -40
1145400 -39.852 -40
1145500 -39.8863 -40
1145600 -39.8954 -40
1145700 -40.0345 -40
1145800 -39.9615 -40
1145900 -39.8529 -40
1146000 -39.8656 -40
1146100 -39.8241 -40
1146200 -39.6836 -40
1146300 -39.5109 -40
1146400 -39.1664 -40
1146500 -39.128 -40
1146600 -39.3284 -40
1146700 -39.6411 -40
1146800 -39.9359 -40
1146900 -40.1091 -40
1147000 -40.0246 -40
1147100 -39.9059 -40
1147200 -39.5358 -40
1147300 -39.0752 -40
1147400 -38.7661 -40
1147500 -38.9102 -40
1147600 -39.2221 -40
1147700 -39.4336 -40
1147800 -39.7419 -40
1147900 -40.1673 -40
1148000 -40.4252 -40
1148100 -40.3766 -40
1148200 -40.2323 -40
1148300 -40.2465 -40
1148400 -40.2077 -40
1148500 -39.9821 -40
1148600 -39.5334 -40
1148700 -39.0394 -40
1148800 -39.0473 -40
1148900 -39.948 -40
1149000 -40.8088 -40
1149100 -41.0754 -40
1149200 -41.0967 -40
1149300 -40.6373 -40
1149400 -40.0858 -40
1149500 -39.7748 -40
1149600 -39.9078 -40
1149700 -40.1215 -40
1149800 -40.0679 -40
1149900 -40.1265 -40
1150000 -40.2577 -40
