# Time-averaged data for fix myat1
# TimeStep v_xave v_xdes
2490100 -26.3354 -26
2490200 -26.1771 -26
2490300 -26.2138 -26
2490400 -26.1392 -26
2490500 -25.973 -26
2490600 -25.7069 -26
2490700 -25.4967 -26
2490800 -25.5354 -26
2490900 -25.7914 -26
2491000 -26.0229 -26
2491100 -26.3719 -26
2491200 -26.6909 -26
2491300 -26.8635 -26
2491400 -26.9416 -26
2491500 -26.6626 -26
2491600 -26.3621 -26
2491700 -26.0562 -26
2491800 -25.9441 -26
2491900 -26.1195 -26
2492000 -25.9511 -26
2492100 -25.9387 -26
2492200 -26.2502 -26
2492300 -26.4155 -26
2492400 -26.2965 -26
2492500 -26.0376 -26
2492600 -25.762 -26
2492700 -25.3511 -26
2492800 -25.3643 -26
2492900 -25.6198 -26
2493000 -25.6379 -26
2493100 -25.7113 -26
2493200 -25.9578 -26
2493300 -26.1785 -26
2493400 -26.2273 -26
2493500 -26.1408 -26
2493600 -26.0659 -26
2493700 -26.2203 -26
2493800 -26.3298 -26
2493900 -26.4726 -26
2494000 -26.2515 -26
2494100 -25.9016 -26
2494200 -25.5996 -26
2494300 -25.4954 -26
2494400 -25.5158 -26
2494500 -25.8042 -26
2494600 -26.0258 -26
2494700 -26.1053 -26
2494800 -26.2133 -26
2494900 -26.5125 -26
2495000 -26.631 -26
2495100 -26.613 -26
2495200 -26.4361 -26
2495300 -26.0924 -26
2495400 -25.7913 -26
2495500 -25.7361 -26
2495600 -25.8811 -26
2495700 -25.9527 -26
2495800 -25.8124 -26
2495900 -25.552 -26
2496000 -25.5825 -26
2496100 -25.7361 -26
2496200 -25.7564 -26
2496300 -25.7424 -26
2496400 -25.7807 -26
2496500 -25.6776 -26
2496600 -25.5008 -26
2496700 -25.6636 -26
2496800 -25.7286 -26
2496900 -25.6161 -26
2497000 -25.7558 -26
2497100 -25.975 -26
2497200 -26.1682 -26
2497300 -26.3138 -26
2497400 -26.3531 -26
2497500 -26.4817 -26
2497600 -26.4485 -26
2497700 -26.1788 -26
2497800 -25.9346 -26
2497900 -26.0008 -26
2498000 -26.1871 -26
2498100 -26.0897 -26
2498200 -25.9716 -26
2498300 -25.6342 -26
2498400 -25.2232 -26
2498500 -25.1683 -26
2498600 -25.3359 -26
2498700 -25.4366 -26
2498800 -25.8162 -26
2498900 -26.4174 -26
2499000 -26.9551 -26
2499100 -27.189 -26
2499200 -27.0634 -26
2499300 -26.8107 -26
2499400 -26.5785 -26
2499500 -26.2952 -26
2499600 -26.2862 -26
2499700 -26.2094 -26
2499800 -25.8983 -26
2499900 -25.5872 -26
2500000 -25.3857 -26
2500100 -25.5396 -26
2500200 -25.6812 -26
2500300 -25.7537 -26
2500400 -25.9668 -26
2500500 -26.2873 -26
2500600 -26.4863 -26
2500700 -26.4493 -26
2500800 -25.964 -26
2500900 -25.4353 -26
2501000 -25.2413 -26
2501100 -25.262 -26
2501200 -25.2689 -26
2501300 -25.1208 -26
2501400 -25.0873 -26
2501500 -25.3309 -26
2501600 -25.6832 -26
2501700 -25.9889 -26
2501800 -26.096 -26
2501900 -25.9271 -26
2502000 -25.5954 -26
2502100 -25.5473 -26
2502200 -25.4878 -26
2502300 -25.8294 -26
2502400 -26.5177 -26
2502500 -27.0054 -26
2502600 -27.08 -26
2502700 -26.8467 -26
2502800 -26.3503 -26
2502900 -25.7957 -26
2503000 -25.4187 -26
2503100 -25.5623 -26
2503200 -25.4536 -26
2503300 -25.2025 -26
2503400 -25.2913 -26
2503500 -25.4458 -26
2503600 -25.4542 -26
2503700 -25.4178 -26
2503800 -25.3116 -26
2503900 -25.4808 -26
2504000 -25.9394 -26
2504100 -26.0328 -26
2504200 -25.6984 -26
2504300 -25.5636 -26
2504400 -25.4052 -26
2504500 -25.3826 -26
2504600 -25.4441 -26
2504700 -25.434 -26
2504800 -25.096 -26
2504900 -24.7485 -26
2505000 -24.4811 -26
2505100 -24.4713 -26
2505200 -24.6971 -26
2505300 -25.1259 -26
2505400 -25.9441 -26
2505500 -26.7309 -26
2505600 -26.6232 -26
2505700 -25.9617 -26
2505800 -25.4484 -26
2505900 -25.199 -26
2506000 -25.0652 -26
2506100 -25.0524 -26
2506200 -25.1553 -26
2506300 -25.5239 -26
2506400 -26.1485 -26
2506500 -26.449 -26
2506600 -26.5145 -26
2506700 -26.4678 -26
2506800 -26.5272 -26
2506900 -26.4357 -26
2507000 -26.0194 -26
2507100 -25.8182 -26
2507200 -25.8914 -26
2507300 -25.9522 -26
2507400 -25.7817 -26
2507500 -25.356 -26
2507600 -25.2142 -26
2507700 -25.4001 -26
2507800 -25.7412 -26
2507900 -26.012 -26
2508000 -26.0666 -26
2508100 -26.0213 -26
2508200 -26.1051 -26
2508300 -26.2247 -26
2508400 -26.2138 -26
2508500 -26.2753 -26
2508600 -26.1883 -26
2508700 -26.261 -26
2508800 -26.332 -26
2508900 -26.2671 -26
2509000 -26.1647 -26
2509100 -26.0665 -26
2509200 -26.0403 -26
2509300 -25.9959 -26
2509400 -26.0309 -26
2509500 -25.9872 -26
2509600 -25.7865 -26
2509700 -25.975 -26
2509800 -26.0766 -26
2509900 -26.0205 -26
2510000 -25.9061 -26
2510100 -25.8078 -26
2510200 -25.8774 -26
2510300 -25.7921 -26
2510400 -25.5836 -26
2510500 -25.6257 -26
2510600 -25.6316 -26
2510700 -25.7559 -26
2510800 -25.7982 -26
2510900 -25.7324 -26
2511000 -25.5448 -26
2511100 -25.4843 -26
2511200 -25.5385 -26
2511300 -25.3514 -26
2511400 -25.3579 -26
2511500 -25.4464 -26
2511600 -25.5104 -26
2511700 -25.6247 -26
2511800 -25.6805 -26
2511900 -25.8076 -26
2512000 -26.0073 -26
2512100 -26.2192 -26
2512200 -26.3186 -26
2512300 -26.1672 -26
2512400 -26.1607 -26
2512500 -26.3527 -26
2512600 -26.4107 -26
2512700 -26.1577 -26
2512800 -25.7519 -26
2512900 -25.2248 -26
2513000 -24.883 -26
2513100 -24.9331 -26
2513200 -25.5096 -26
2513300 -26.1208 -26
2513400 -26.6558 -26
2513500 -26.8867 -26
2513600 -26.9695 -26
2513700 -26.8184 -26
2513800 -26.5485 -26
2513900 -26.0833 -26
2514000 -25.3885 -26
2514100 -24.9544 -26
2514200 -24.8706 -26
2514300 -25.0728 -26
2514400 -25.6258 -26
2514500 -25.9622 -26
2514600 -26.3115 -26
2514700 -26.5793 -26
2514800 -26.461 -26
2514900 -25.95 -26
2515000 -25.629 -26
2515100 -25.5211 -26
2515200 -25.684 -26
2515300 -26.0202 -26
2515400 -26.2612 -26
2515500 -26.4542 -26
2515600 -26.5397 -26
2515700 -26.534 -26
2515800 -26.4921 -26
2515900 -26.4539 -26
2516000 -26.2838 -26
2516100 -26.1217 -26
2516200 -26.0145 -26
2516300 -25.8655 -26
2516400 -25.7808 -26
2516500 -25.9059 -26
2516600 -26.0662 -26
2516700 -26.2732 -26
2516800 -26.47 -26
2516900 -26.5032 -26
2517000 -26.2358 -26
2517100 -25.85 -26
2517200 -25.6054 -26
2517300 -25.5809 -26
2517400 -26.0438 -26
2517500 -26.7546 -26
2517600 -27.2264 -26
2517700 -27.0231 -26
2517800 -26.3892 -26
2517900 -25.5315 -26
2518000 -24.9054 -26
2518100 -24.9276 -26
2518200 -25.2964 -26
2518300 -25.7137 -26
2518400 -26.2218 -26
2518500 -26.7559 -26
2518600 -27.1543 -26
2518700 -27.1997 -26
2518800 -27.0977 -26
2518900 -26.8041 -26
2519000 -26.2845 -26
2519100 -25.9813 -26
2519200 -25.9175 -26
2519300 -26.0727 -26
2519400 -26.4472 -26
2519500 -26.4668 -26
2519600 -25.9956 -26
2519700 -25.6687 -26
2519800 -25.8878 -26
2519900 -26.0766 -26
2520000 -26.1867 -26
2520100 -26.2276 -26
2520200 -26.1678 -26
2520300 -26.0868 -26
2520400 -25.9603 -26
2520500 -25.6968 -26
2520600 -25.2821 -26
2520700 -25.1133 -26
2520800 -25.2659 -26
2520900 -25.752 -26
2521000 -26.4868 -26
2521100 -26.8177 -26
2521200 -26.8048 -26
2521300 -26.3319 -26
2521400 -25.8323 -26
2521500 -25.8205 -26
2521600 -25.7963 -26
2521700 -25.8662 -26
2521800 -26.0579 -26
2521900 -26.2334 -26
2522000 -26.2578 -26
2522100 -26.0089 -26
2522200 -25.6474 -26
2522300 -25.4931 -26
2522400 -25.4009 -26
2522500 -25.5785 -26
2522600 -25.8895 -26
2522700 -26.1154 -26
2522800 -26.195 -26
2522900 -26.2607 -26
2523000 -25.9522 -26
2523100 -25.7585 -26
2523200 -25.7767 -26
2523300 -25.8417 -26
2523400 -25.8308 -26
2523500 -25.9717 -26
2523600 -26.1523 -26
2523700 -26.6168 -26
2523800 -26.7143 -26
2523900 -26.4611 -26
2524000 -26.4841 -26
2524100 -26.444 -26
2524200 -26.0726 -26
2524300 -25.7759 -26
2524400 -25.4621 -26
2524500 -25.2762 -26
2524600 -25.3122 -26
2524700 -25.4126 -26
2524800 -25.5364 -26
2524900 -25.7602 -26
2525000 -25.9698 -26
2525100 -26.1139 -26
2525200 -26.1471 -26
2525300 -26.1931 -26
2525400 -26.1437 -26
2525500 -25.8583 -26
2525600 -25.3288 -26
2525700 -25.1379 -26
2525800 -25.045 -26
2525900 -25.1097 -26
2526000 -25.3294 -26
2526100 -25.8347 -26
2526200 -26.398 -26
2526300 -26.2757 -26
2526400 -25.6822 -26
2526500 -25.059 -26
2526600 -25.0351 -26
2526700 -25.1536 -26
2526800 -25.6176 -26
2526900 -26.1164 -26
2527000 -26.4886 -26
2527100 -26.3401 -26
2527200 -26.1629 -26
2527300 -26.2051 -26
2527400 -25.9616 -26
2527500 -25.6476 -26
2527600 -25.322 -26
2527700 -25.1242 -26
2527800 -25.4632 -26
2527900 -25.9493 -26
2528000 -26.0236 -26
2528100 -25.7902 -26
2528200 -25.6863 -26
2528300 -25.7778 -26
2528400 -25.9565 -26
2528500 -26.09 -26
2528600 -26.2842 -26
2528700 -26.6311 -26
2528800 -26.6649 -26
2528900 -26.3919 -26
2529000 -26.1985 -26
2529100 -25.998 -26
2529200 -25.6402 -26
2529300 -25.1381 -26
2529400 -24.9758 -26
2529500 -25.2789 -26
2529600 -25.8587 -26
2529700 -26.0621 -26
2529800 -25.9689 -26
2529900 -25.7413 -26
2530000 -25.875 -26
2530100 -25.9276 -26
2530200 -25.798 -26
2530300 -25.9587 -26
2530400 -26.0301 -26
2530500 -25.7579 -26
2530600 -25.5612 -26
2530700 -25.6963 -26
2530800 -25.966 -26
2530900 -26.2332 -26
2531000 -26.6068 -26
2531100 -26.6961 -26
2531200 -26.2416 -26
2531300 -25.6389 -26
2531400 -25.4283 -26
2531500 -25.6512 -26
2531600 -26.1715 -26
2531700 -26.6132 -26
2531800 -26.8261 -26
2531900 -26.6763 -26
2532000 -26.2019 -26
2532100 -25.6995 -26
2532200 -25.7195 -26
2532300 -26.046 -26
2532400 -26.1355 -26
2532500 -26.2545 -26
2532600 -26.3985 -26
2532700 -26.3323 -26
2532800 -26.0587 -26
2532900 -25.69 -26
2533000 -25.3778 -26
2533100 -25.0646 -26
2533200 -24.9698 -26
2533300 -25.1843 -26
2533400 -25.5307 -26
2533500 -26.1097 -26
2533600 -26.3979 -26
2533700 -26.443 -26
2533800 -26.6157 -26
2533900 -26.5119 -26
2534000 -26.2817 -26
2534100 -26.1268 -26
2534200 -26.1252 -26
2534300 -26.3578 -26
2534400 -26.3263 -26
2534500 -26.4344 -26
2534600 -26.4079 -26
2534700 -26.288 -26
2534800 -26.4016 -26
2534900 -26.4275 -26
2535000 -26.2336 -26
2535100 -25.7057 -26
2535200 -25.3443 -26
2535300 -25.2868 -26
2535400 -25.4292 -26
2535500 -25.6693 -26
2535600 -25.6398 -26
2535700 -25.608 -26
2535800 -25.7724 -26
2535900 -26.041 -26
2536000 -26.0995 -26
2536100 -25.6914 -26
2536200 -25.2801 -26
2536300 -25.0868 -26
2536400 -25.1818 -26
2536500 -25.4811 -26
2536600 -25.6327 -26
2536700 -25.9671 -26
2536800 -26.0928 -26
2536900 -25.99 -26
2537000 -25.8702 -26
2537100 -25.9778 -26
2537200 -26.2088 -26
2537300 -26.481 -26
2537400 -26.7462 -26
2537500 -26.7995 -26
2537600 -26.5522 -26
2537700 -26.2688 -26
2537800 -25.973 -26
2537900 -25.9271 -26
2538000 -25.7795 -26
2538100 -25.4187 -26
2538200 -25.1321 -26
2538300 -25.2256 -26
2538400 -25.7328 -26
2538500 -25.9986 -26
2538600 -25.9461 -26
2538700 -25.5686 -26
2538800 -25.3166 -26
2538900 -25.153 -26
2539000 -25.3505 -26
2539100 -25.8032 -26
2539200 -26.1003 -26
2539300 -26.4082 -26
2539400 -26.5706 -26
2539500 -26.3959 -26
2539600 -25.9954 -26
2539700 -25.6722 -26
2539800 -25.8065 -26
2539900 -26.2208 -26
2540000 -26.7504 -26
2540100 -26.8761 -26
2540200 -26.565 -26
2540300 -26.2348 -26
2540400 -26.0811 -26
2540500 -26.1622 -26
2540600 -26.3543 -26
2540700 -26.5117 -26
2540800 -26.3251 -26
2540900 -25.9759 -26
2541000 -25.4963 -26
2541100 -25.2764 -26
2541200 -25.5528 -26
2541300 -26.1019 -26
2541400 -26.1656 -26
2541500 -26.1753 -26
2541600 -26.0581 -26
2541700 -25.8747 -26
2541800 -25.9444 -26
2541900 -26.0356 -26
2542000 -26.1967 -26
2542100 -26.3625 -26
2542200 -26.3153 -26
2542300 -26.4367 -26
2542400 -26.5241 -26
2542500 -26.4908 -26
2542600 -26.2558 -26
2542700 -25.8874 -26
2542800 -25.6664 -26
2542900 -25.8902 -26
2543000 -26.1367 -26
2543100 -26.0451 -26
2543200 -25.6156 -26
2543300 -25.3649 -26
2543400 -25.343 -26
2543500 -25.4261 -26
2543600 -25.7493 -26
2543700 -26.1458 -26
2543800 -26.7089 -26
2543900 -26.9617 -26
2544000 -26.4377 -26
2544100 -25.8326 -26
2544200 -25.5588 -26
2544300 -25.723 -26
2544400 -25.9745 -26
2544500 -26.2506 -26
2544600 -26.3249 -26
2544700 -26.237 -26
2544800 -26.1945 -26
2544900 -26.1879 -26
2545000 -26.0819 -26
2545100 -25.7131 -26
2545200 -25.3851 -26
2545300 -25.6495 -26
2545400 -26.0649 -26
2545500 -26.1064 -26
2545600 -25.8804 -26
2545700 -25.9277 -26
2545800 -26.0076 -26
2545900 -25.8649 -26
2546000 -25.6549 -26
2546100 -25.4541 -26
2546200 -25.3495 -26
2546300 -25.1897 -26
2546400 -25.2644 -26
2546500 -25.4312 -26
2546600 -25.5582 -26
2546700 -25.5007 -26
2546800 -25.3383 -26
2546900 -25.5555 -26
2547000 -25.612 -26
2547100 -25.7406 -26
2547200 -26.1071 -26
2547300 -26.3288 -26
2547400 -26.2493 -26
2547500 -25.833 -26
2547600 -25.5423 -26
2547700 -25.4451 -26
2547800 -25.5815 -26
2547900 -26.0253 -26
2548000 -26.2549 -26
2548100 -26.0819 -26
2548200 -25.5772 -26
2548300 -25.3087 -26
2548400 -25.2511 -26
2548500 -25.3076 -26
2548600 -25.3405 -26
2548700 -25.3391 -26
2548800 -25.6267 -26
2548900 -26.1493 -26
2549000 -26.293 -26
2549100 -26.3867 -26
2549200 -26.4378 -26
2549300 -26.3973 -26
2549400 -26.4592 -26
2549500 -26.4379 -26
2549600 -26.3943 -26
2549700 -26.1619 -26
2549800 -25.936 -26
2549900 -25.8573 -26
2550000 -25.8794 -26
2550100 -26.2305 -26
2550200 -26.6599 -26
2550300 -26.7923 -26
2550400 -26.7185 -26
2550500 -26.2801 -26
2550600 -25.9047 -26
2550700 -25.8777 -26
2550800 -25.8632 -26
2550900 -25.7734 -26
2551000 -25.7504 -26
2551100 -25.6857 -26
2551200 -25.4863 -26
2551300 -25.5056 -26
2551400 -25.8201 -26
2551500 -26.0327 -26
2551600 -26.1762 -26
2551700 -26.4881 -26
2551800 -26.7653 -26
2551900 -26.7551 -26
2552000 -26.5923 -26
2552100 -26.4309 -26
2552200 -26.2527 -26
2552300 -26.2118 -26
2552400 -26.4941 -26
2552500 -26.6308 -26
2552600 -26.3764 -26
2552700 -26.0422 -26
2552800 -25.836 -26
2552900 -25.5786 -26
2553000 -25.5655 -26
2553100 -25.5535 -26
2553200 -25.5751 -26
2553300 -25.9268 -26
2553400 -26.218 -26
2553500 -26.398 -26
2553600 -26.6873 -26
2553700 -26.7687 -26
2553800 -26.8206 -26
2553900 -26.4174 -26
2554000 -26.0642 -26
2554100 -25.9112 -26
2554200 -25.7365 -26
2554300 -25.7429 -26
2554400 -25.857 -26
2554500 -26.1783 -26
2554600 -26.3 -26
2554700 -26.1998 -26
2554800 -26.0911 -26
2554900 -25.9482 -26
2555000 -25.9875 -26
2555100 -26.2013 -26
2555200 -26.3698 -26
2555300 -26.4886 -26
2555400 -26.6421 -26
2555500 -26.6351 -26
2555600 -26.1382 -26
2555700 -25.5416 -26
2555800 -25.2852 -26
2555900 -25.2608 -26
2556000 -25.401 -26
2556100 -25.1762 -26
2556200 -24.9849 -26
2556300 -25.0947 -26
2556400 -25.2362 -26
2556500 -25.6291 -26
2556600 -25.862 -26
2556700 -25.8184 -26
2556800 -25.6207 -26
2556900 -25.5292 -26
2557000 -25.6497 -26
2557100 -25.6802 -26
2557200 -25.6907 -26
2557300 -25.6751 -26
2557400 -25.4168 -26
2557500 -25.2528 -26
2557600 -25.2953 -26
2557700 -25.2415 -26
2557800 -25.1924 -26
2557900 -25.1805 -26
2558000 -25.427 -26
2558100 -26.1115 -26
2558200 -26.9152 -26
2558300 -27.3708 -26
2558400 -27.2675 -26
2558500 -26.6549 -26
2558600 -25.8135 -26
2558700 -25.0158 -26
2558800 -24.8964 -26
2558900 -25.2471 -26
2559000 -25.8089 -26
2559100 -26.409 -26
2559200 -26.7084 -26
2559300 -26.4503 -26
2559400 -26.128 -26
2559500 -26.0957 -26
2559600 -26.3805 -26
2559700 -26.4348 -26
2559800 -26.0522 -26
2559900 -25.7597 -26
2560000 -25.8623 -26
2560100 -26.3771 -26
2560200 -26.7951 -26
2560300 -26.6925 -26
2560400 -26.3664 -26
2560500 -25.8166 -26
2560600 -25.2935 -26
2560700 -25.2412 -26
2560800 -25.4507 -26
2560900 -25.8819 -26
2561000 -26.373 -26
2561100 -26.5103 -26
2561200 -26.3414 -26
2561300 -25.9249 -26
2561400 -25.6269 -26
2561500 -25.2915 -26
2561600 -25.0945 -26
2561700 -25.3733 -26
2561800 -25.7062 -26
2561900 -25.8705 -26
2562000 -26.049 -26
2562100 -26.2371 -26
2562200 -26.2215 -26
2562300 -25.9322 -26
2562400 -25.8753 -26
2562500 -25.9821 -26
2562600 -26.2515 -26
2562700 -26.7182 -26
2562800 -26.9955 -26
2562900 -26.8377 -26
2563000 -26.378 -26
2563100 -25.8754 -26
2563200 -25.3483 -26
2563300 -25.0218 -26
2563400 -25.2802 -26
2563500 -25.6688 -26
2563600 -26.3778 -26
2563700 -26.8221 -26
2563800 -26.7337 -26
2563900 -26.3026 -26
2564000 -25.7025 -26
2564100 -25.2791 -26
2564200 -25.2585 -26
2564300 -25.7576 -26
2564400 -26.0804 -26
2564500 -26.2577 -26
2564600 -26.3914 -26
2564700 -26.1888 -26
2564800 -26.2897 -26
2564900 -26.7252 -26
2565000 -26.9539 -26
2565100 -26.7899 -26
2565200 -26.4586 -26
2565300 -26.0753 -26
2565400 -25.6524 -26
2565500 -25.4616 -26
2565600 -25.5609 -26
2565700 -26.0732 -26
2565800 -26.5826 -26
2565900 -26.7685 -26
2566000 -26.6832 -26
2566100 -26.1733 -26
2566200 -25.5262 -26
2566300 -25.3888 -26
2566400 -25.4202 -26
2566500 -25.6563 -26
2566600 -25.5934 -26
2566700 -25.3616 -26
2566800 -25.4599 -26
2566900 -25.8147 -26
2567000 -25.9799 -26
2567100 -25.8737 -26
2567200 -25.787 -26
2567300 -25.865 -26
2567400 -25.7806 -26
2567500 -25.9121 -26
2567600 -25.9675 -26
2567700 -25.9111 -26
2567800 -25.8544 -26
2567900 -25.8914 -26
2568000 -25.843 -26
2568100 -25.8111 -26
2568200 -26.1385 -26
2568300 -26.5685 -26
2568400 -26.5467 -26
2568500 -26.0238 -26
2568600 -25.5658 -26
2568700 -25.117 -26
2568800 -24.754 -26
2568900 -24.5293 -26
2569000 -24.5349 -26
2569100 -24.8695 -26
2569200 -25.3909 -26
2569300 -25.7944 -26
2569400 -26.1764 -26
2569500 -26.5856 -26
2569600 -26.6743 -26
2569700 -26.3074 -26
2569800 -25.6918 -26
2569900 -25.5111 -26
2570000 -25.8707 -26
2570100 -26.3415 -26
2570200 -26.5679 -26
2570300 -26.6114 -26
2570400 -26.3117 -26
2570500 -25.6986 -26
2570600 -25.2685 -26
2570700 -25.1527 -26
2570800 -25.2644 -26
2570900 -25.5889 -26
2571000 -25.925 -26
2571100 -26.0801 -26
2571200 -26.3536 -26
2571300 -26.5427 -26
2571400 -26.5719 -26
2571500 -26.6447 -26
2571600 -26.5397 -26
2571700 -25.9655 -26
2571800 -25.7107 -26
2571900 -25.9506 -26
2572000 -26.2212 -26
2572100 -26.4473 -26
2572200 -26.5408 -26
2572300 -26.4162 -26
2572400 -25.8311 -26
2572500 -25.1984 -26
2572600 -24.8978 -26
2572700 -25.3768 -26
2572800 -25.9531 -26
2572900 -26.3936 -26
2573000 -26.7204 -26
2573100 -27.0351 -26
2573200 -26.8536 -26
2573300 -26.3829 -26
2573400 -25.9335 -26
2573500 -25.502 -26
2573600 -25.2015 -26
2573700 -25.3426 -26
2573800 -25.6213 -26
2573900 -25.6506 -26
2574000 -25.7782 -26
2574100 -25.8761 -26
2574200 -25.7296 -26
2574300 -25.3883 -26
2574400 -25.333 -26
2574500 -25.4615 -26
2574600 -25.7547 -26
2574700 -26.1361 -26
2574800 -26.5278 -26
2574900 -26.5726 -26
2575000 -26.3517 -26
2575100 -26.0056 -26
2575200 -25.7732 -26
2575300 -25.8041 -26
2575400 -26.0976 -26
2575500 -26.4256 -26
2575600 -26.4816 -26
2575700 -26.1557 -26
2575800 -25.8306 -26
2575900 -25.6235 -26
2576000 -25.5539 -26
2576100 -25.4593 -26
2576200 -25.3562 -26
2576300 -25.3024 -26
2576400 -25.4408 -26
2576500 -25.6449 -26
2576600 -25.8134 -26
2576700 -25.8564 -26
2576800 -25.7144 -26
2576900 -25.3598 -26
2577000 -25.3311 -26
2577100 -25.7304 -26
2577200 -26.2748 -26
2577300 -26.7083 -26
2577400 -26.8805 -26
2577500 -27.0244 -26
2577600 -27.1309 -26
2577700 -26.6191 -26
2577800 -25.7354 -26
2577900 -25.2344 -26
2578000 -25.1301 -26
2578100 -25.3755 -26
2578200 -25.4892 -26
2578300 -25.7929 -26
2578400 -26.123 -26
2578500 -26.428 -26
2578600 -26.7141 -26
2578700 -26.8568 -26
2578800 -26.8751 -26
2578900 -26.7189 -26
2579000 -26.404 -26
2579100 -26.0065 -26
2579200 -25.5975 -26
2579300 -25.4811 -26
2579400 -25.8318 -26
2579500 -26.1583 -26
2579600 -26.2311 -26
2579700 -26.1698 -26
2579800 -26.3156 -26
2579900 -26.6476 -26
2580000 -26.621 -26
2580100 -26.2423 -26
2580200 -26.0479 -26
2580300 -26.331 -26
2580400 -26.8953 -26
2580500 -27.1662 -26
2580600 -26.9719 -26
2580700 -26.5827 -26
2580800 -26.1934 -26
2580900 -26.0346 -26
2581000 -26.1423 -26
2581100 -26.4102 -26
2581200 -26.5233 -26
2581300 -26.6073 -26
2581400 -26.4297 -26
2581500 -26.1657 -26
2581600 -25.9287 -26
2581700 -25.908 -26
2581800 -25.9691 -26
2581900 -25.9778 -26
2582000 -26.0484 -26
2582100 -26.1077 -26
2582200 -26.2382 -26
2582300 -26.3364 -26
2582400 -26.2635 -26
2582500 -26.4275 -26
2582600 -26.62 -26
2582700 -26.8135 -26
2582800 -26.8523 -26
2582900 -26.4363 -26
2583000 -25.8645 -26
2583100 -25.3344 -26
2583200 -25.0339 -26
2583300 -25.1792 -26
2583400 -25.6468 -26
2583500 -26.1107 -26
2583600 -26.4359 -26
2583700 -26.467 -26
2583800 -26.6047 -26
2583900 -26.5374 -26
2584000 -26.4047 -26
2584100 -26.3316 -26
2584200 -26.2213 -26
2584300 -26.1024 -26
2584400 -25.9477 -26
2584500 -25.5887 -26
2584600 -25.3854 -26
2584700 -25.4975 -26
2584800 -25.8244 -26
2584900 -26.0234 -26
2585000 -26.0496 -26
2585100 -26.2273 -26
2585200 -26.3877 -26
2585300 -26.3121 -26
2585400 -26.1048 -26
2585500 -25.8923 -26
2585600 -25.6194 -26
2585700 -25.5238 -26
2585800 -25.4966 -26
2585900 -25.4439 -26
2586000 -25.6201 -26
2586100 -25.8444 -26
2586200 -26.1001 -26
2586300 -26.118 -26
2586400 -25.9783 -26
2586500 -25.7241 -26
2586600 -25.607 -26
2586700 -25.6926 -26
2586800 -25.7578 -26
2586900 -25.7163 -26
2587000 -25.6536 -26
2587100 -25.6835 -26
2587200 -25.9103 -26
2587300 -25.9979 -26
2587400 -25.9766 -26
2587500 -26.0475 -26
2587600 -26.0672 -26
2587700 -26.1801 -26
2587800 -26.1245 -26
2587900 -25.8966 -26
2588000 -25.9626 -26
2588100 -26.1105 -26
2588200 -26.2222 -26
2588300 -26.1524 -26
2588400 -25.6555 -26
2588500 -25.3229 -26
2588600 -25.2895 -26
2588700 -25.8094 -26
2588800 -26.0884 -26
2588900 -25.919 -26
2589000 -25.7281 -26
2589100 -25.829 -26
2589200 -26.1749 -26
2589300 -26.4253 -26
2589400 -26.6774 -26
2589500 -26.6684 -26
2589600 -26.3429 -26
2589700 -26.1325 -26
2589800 -26.0227 -26
2589900 -26.0069 -26
2590000 -26.1221 -26
2590100 -26.1061 -26
2590200 -26.1094 -26
2590300 -25.8661 -26
2590400 -25.6767 -26
2590500 -25.564 -26
2590600 -25.5177 -26
2590700 -25.6658 -26
2590800 -25.8622 -26
2590900 -25.9447 -26
2591000 -25.8084 -26
2591100 -25.8006 -26
2591200 -25.7365 -26
2591300 -25.6635 -26
2591400 -25.7497 -26
2591500 -25.8857 -26
2591600 -25.8118 -26
2591700 -25.7066 -26
2591800 -25.7608 -26
2591900 -25.8015 -26
2592000 -25.9466 -26
2592100 -26.1205 -26
2592200 -26.1457 -26
2592300 -25.9626 -26
2592400 -25.7499 -26
2592500 -25.6026 -26
2592600 -25.583 -26
2592700 -25.8024 -26
2592800 -25.9667 -26
2592900 -26.0224 -26
2593000 -25.9191 -26
2593100 -25.7744 -26
2593200 -25.737 -26
2593300 -25.8512 -26
2593400 -25.8078 -26
2593500 -25.7684 -26
2593600 -26.0036 -26
2593700 -26.447 -26
2593800 -26.7123 -26
2593900 -26.718 -26
2594000 -26.399 -26
2594100 -25.9577 -26
2594200 -25.5862 -26
2594300 -25.495 -26
2594400 -25.8168 -26
2594500 -26.2861 -26
2594600 -26.2694 -26
2594700 -26.015 -26
2594800 -25.9092 -26
2594900 -25.9303 -26
2595000 -25.9784 -26
2595100 -26.2139 -26
2595200 -26.4096 -26
2595300 -26.5319 -26
2595400 -26.4635 -26
2595500 -26.674 -26
2595600 -26.5835 -26
2595700 -26.6776 -26
2595800 -26.6875 -26
2595900 -26.3964 -26
2596000 -26.1739 -26
2596100 -26.0384 -26
2596200 -25.9399 -26
2596300 -26.1528 -26
2596400 -26.226 -26
2596500 -25.7546 -26
2596600 -25.0761 -26
2596700 -24.4177 -26
2596800 -24.5112 -26
2596900 -25.0233 -26
2597000 -25.5111 -26
2597100 -25.6916 -26
2597200 -25.6173 -26
2597300 -25.7598 -26
2597400 -25.9143 -26
2597500 -26.0247 -26
2597600 -26.328 -26
2597700 -26.7156 -26
2597800 -26.8035 -26
2597900 -26.2098 -26
2598000 -25.6704 -26
2598100 -25.5283 -26
2598200 -25.6238 -26
2598300 -25.6911 -26
2598400 -25.6203 -26
2598500 -25.666 -26
2598600 -25.7634 -26
2598700 -25.8603 -26
2598800 -25.8736 -26
2598900 -25.6746 -26
2599000 -25.5336 -26
2599100 -25.5639 -26
2599200 -25.7798 -26
2599300 -25.8638 -26
2599400 -25.8021 -26
2599500 -25.6571 -26
2599600 -25.5072 -26
2599700 -25.8169 -26
2599800 -26.1745 -26
2599900 -26.3114 -26
2600000 -26.247 -26
2600100 -26.001 -26
2600200 -25.7802 -26
2600300 -25.5713 -26
2600400 -25.3177 -26
2600500 -25.3084 -26
2600600 -25.3636 -26
2600700 -25.5356 -26
2600800 -25.9974 -26
2600900 -26.2764 -26
2601000 -26.1537 -26
2601100 -25.9278 -26
2601200 -25.8687 -26
2601300 -26.0742 -26
2601400 -26.3912 -26
2601500 -26.6227 -26
2601600 -26.6914 -26
2601700 -26.5102 -26
2601800 -26.2293 -26
2601900 -25.9768 -26
2602000 -25.5746 -26
2602100 -25.0839 -26
2602200 -24.9911 -26
2602300 -25.3914 -26
2602400 -25.8017 -26
2602500 -26.1455 -26
2602600 -26.2586 -26
2602700 -26.1309 -26
2602800 -26.1455 -26
2602900 -26.1706 -26
2603000 -26.142 -26
2603100 -25.8188 -26
2603200 -25.551 -26
2603300 -25.6768 -26
2603400 -25.9685 -26
2603500 -26.3557 -26
2603600 -26.7153 -26
2603700 -26.5693 -26
2603800 -26.2767 -26
2603900 -26.1741 -26
2604000 -26.1286 -26
2604100 -25.7604 -26
2604200 -25.6275 -26
2604300 -25.8259 -26
2604400 -26.154 -26
2604500 -26.4594 -26
2604600 -26.7647 -26
2604700 -26.6286 -26
2604800 -26.0306 -26
2604900 -25.4965 -26
2605000 -25.2229 -26
2605100 -24.8922 -26
2605200 -24.88 -26
2605300 -25.4478 -26
2605400 -25.9332 -26
2605500 -26.177 -26
2605600 -26.444 -26
2605700 -26.3861 -26
2605800 -26.2855 -26
2605900 -26.4613 -26
2606000 -26.5262 -26
2606100 -26.3906 -26
2606200 -26.3294 -26
2606300 -26.1197 -26
2606400 -26.0018 -26
2606500 -25.7471 -26
2606600 -25.856 -26
2606700 -26.0336 -26
2606800 -26.0551 -26
2606900 -26.1582 -26
2607000 -26.425 -26
2607100 -26.8151 -26
2607200 -27.1097 -26
2607300 -26.9608 -26
2607400 -26.3847 -26
2607500 -25.8775 -26
2607600 -25.5886 -26
2607700 -25.5633 -26
2607800 -25.6368 -26
2607900 -25.8197 -26
2608000 -26.1481 -26
2608100 -26.2525 -26
2608200 -26.1949 -26
2608300 -26.2075 -26
2608400 -26.3072 -26
2608500 -26.2371 -26
2608600 -25.9988 -26
2608700 -25.7864 -26
2608800 -25.5177 -26
2608900 -25.4089 -26
2609000 -25.5326 -26
2609100 -25.6374 -26
2609200 -26.0089 -26
2609300 -26.17 -26
2609400 -26.0177 -26
2609500 -25.7587 -26
2609600 -25.4799 -26
2609700 -25.684 -26
2609800 -26.1084 -26
2609900 -26.4255 -26
2610000 -26.418 -26
2610100 -26.4021 -26
2610200 -26.3003 -26
2610300 -25.9571 -26
2610400 -25.8128 -26
2610500 -26.1663 -26
2610600 -26.4524 -26
2610700 -26.4686 -26
2610800 -26.0363 -26
2610900 -25.7748 -26
2611000 -25.7501 -26
2611100 -25.604 -26
2611200 -25.3637 -26
2611300 -25.5811 -26
2611400 -26.1434 -26
2611500 -26.5936 -26
2611600 -26.8696 -26
2611700 -26.8736 -26
2611800 -26.6446 -26
2611900 -26.1787 -26
2612000 -25.8876 -26
2612100 -25.8457 -26
2612200 -25.7598 -26
2612300 -25.7033 -26
2612400 -25.6693 -26
2612500 -25.566 -26
2612600 -25.6608 -26
2612700 -25.8467 -26
2612800 -25.9135 -26
2612900 -25.8525 -26
2613000 -25.7266 -26
2613100 -25.7756 -26
2613200 -26.1561 -26
2613300 -26.2394 -26
2613400 -26.1108 -26
2613500 -25.8353 -26
2613600 -25.5326 -26
2613700 -25.1589 -26
2613800 -25.0285 -26
2613900 -25.2889 -26
2614000 -25.8046 -26
2614100 -26.2403 -26
2614200 -26.326 -26
2614300 -26.1622 -26
2614400 -26.073 -26
2614500 -26.0129 -26
2614600 -26.234 -26
2614700 -26.4783 -26
2614800 -26.4966 -26
2614900 -26.1706 -26
2615000 -25.8026 -26
2615100 -25.8904 -26
2615200 -25.9965 -26
2615300 -26.172 -26
2615400 -26.1704 -26
2615500 -26 -26
2615600 -25.9663 -26
2615700 -25.9061 -26
2615800 -25.8235 -26
2615900 -25.619 -26
2616000 -25.6047 -26
2616100 -25.971 -26
2616200 -26.2643 -26
2616300 -26.0761 -26
2616400 -25.6057 -26
2616500 -25.1407 -26
2616600 -24.9078 -26
2616700 -24.8616 -26
2616800 -25.303 -26
2616900 -25.8573 -26
2617000 -26.3146 -26
2617100 -26.6329 -26
2617200 -26.9598 -26
2617300 -26.7468 -26
2617400 -26.3141 -26
2617500 -26.1454 -26
2617600 -26.1832 -26
2617700 -26.0908 -26
2617800 -25.9104 -26
2617900 -25.7942 -26
2618000 -25.8344 -26
2618100 -25.9993 -26
2618200 -26.154 -26
2618300 -26.2121 -26
2618400 -26.3588 -26
2618500 -26.2224 -26
2618600 -26.0594 -26
2618700 -25.9542 -26
2618800 -26.0413 -26
2618900 -26.1268 -26
2619000 -26.1642 -26
2619100 -26.2215 -26
2619200 -26.1032 -26
2619300 -25.7629 -26
2619400 -25.5232 -26
2619500 -25.6033 -26
2619600 -25.8457 -26
2619700 -26.1672 -26
2619800 -26.4947 -26
2619900 -26.5107 -26
2620000 -26.3175 -26
2620100 -26.369 -26
2620200 -26.3299 -26
2620300 -26.037 -26
2620400 -25.8375 -26
2620500 -25.5825 -26
2620600 -25.4583 -26
2620700 -25.5051 -26
2620800 -25.3654 -26
2620900 -25.3857 -26
2621000 -25.9673 -26
2621100 -26.3495 -26
2621200 -26.5104 -26
2621300 -26.5385 -26
2621400 -26.3581 -26
2621500 -25.9998 -26
2621600 -25.7923 -26
2621700 -25.8132 -26
2621800 -26.3138 -26
2621900 -26.882 -26
2622000 -26.8157 -26
2622100 -26.1699 -26
2622200 -25.4846 -26
2622300 -25.0782 -26
2622400 -25.1513 -26
2622500 -25.4209 -26
2622600 -25.8648 -26
2622700 -26.2574 -26
2622800 -26.4049 -26
2622900 -26.311 -26
2623000 -26.2259 -26
2623100 -26.3781 -26
2623200 -26.4078 -26
2623300 -26.3389 -26
2623400 -26.3482 -26
2623500 -26.4108 -26
2623600 -26.5022 -26
2623700 -26.6518 -26
2623800 -26.6699 -26
2623900 -26.6185 -26
2624000 -26.5394 -26
2624100 -26.2431 -26
2624200 -26.114 -26
2624300 -26.2462 -26
2624400 -26.4611 -26
2624500 -26.5576 -26
2624600 -26.6999 -26
2624700 -26.7418 -26
2624800 -26.4669 -26
2624900 -26.2146 -26
2625000 -26.0966 -26
2625100 -25.9082 -26
2625200 -25.6987 -26
2625300 -25.5745 -26
2625400 -25.7953 -26
2625500 -26.0055 -26
2625600 -26.2567 -26
2625700 -26.2824 -26
2625800 -25.9924 -26
2625900 -25.8369 -26
2626000 -25.9794 -26
2626100 -26.1674 -26
2626200 -26.3653 -26
2626300 -26.2331 -26
2626400 -26.1779 -26
2626500 -26.3911 -26
2626600 -26.5413 -26
2626700 -26.8806 -26
2626800 -26.814 -26
2626900 -26.4697 -26
2627000 -26.4432 -26
2627100 -26.8463 -26
2627200 -27.162 -26
2627300 -27.0501 -26
2627400 -26.6467 -26
2627500 -26.4776 -26
2627600 -26.2124 -26
2627700 -25.7251 -26
2627800 -25.5902 -26
2627900 -25.7476 -26
2628000 -25.851 -26
2628100 -25.7165 -26
2628200 -25.7752 -26
2628300 -25.9682 -26
2628400 -26.0967 -26
2628500 -26.2859 -26
2628600 -26.1648 -26
2628700 -25.7018 -26
2628800 -25.3984 -26
2628900 -25.2911 -26
2629000 -25.4319 -26
2629100 -25.8284 -26
2629200 -26.2506 -26
2629300 -26.5691 -26
2629400 -26.4619 -26
2629500 -26.1054 -26
2629600 -25.8819 -26
2629700 -25.843 -26
2629800 -25.8804 -26
2629900 -25.7699 -26
2630000 -25.7962 -26
2630100 -25.9264 -26
2630200 -26.0904 -26
2630300 -26.2726 -26
2630400 -26.576 -26
2630500 -26.5838 -26
2630600 -26.3295 -26
2630700 -26.0685 -26
2630800 -26.0095 -26
2630900 -25.7618 -26
2631000 -25.4218 -26
2631100 -25.2145 -26
2631200 -25.3585 -26
2631300 -25.7887 -26
2631400 -26.3046 -26
2631500 -26.5835 -26
2631600 -26.8453 -26
2631700 -26.7332 -26
2631800 -26.274 -26
2631900 -25.9443 -26
2632000 -25.5318 -26
2632100 -25.4414 -26
2632200 -25.9398 -26
2632300 -26.682 -26
2632400 -27.231 -26
2632500 -27.455 -26
2632600 -27.1046 -26
2632700 -26.4453 -26
2632800 -25.7493 -26
2632900 -25.5673 -26
2633000 -25.7285 -26
2633100 -26.0948 -26
2633200 -26.3515 -26
2633300 -26.4075 -26
2633400 -26.338 -26
2633500 -26.0236 -26
2633600 -25.8909 -26
2633700 -25.5936 -26
2633800 -25.3757 -26
2633900 -25.3573 -26
2634000 -25.3293 -26
2634100 -25.5943 -26
2634200 -26.0679 -26
2634300 -26.3102 -26
2634400 -26.1184 -26
2634500 -25.6518 -26
2634600 -25.4224 -26
2634700 -25.6687 -26
2634800 -25.9763 -26
2634900 -26.0321 -26
2635000 -25.8938 -26
2635100 -25.7097 -26
2635200 -25.9352 -26
2635300 -26.4847 -26
2635400 -26.5183 -26
2635500 -26.1829 -26
2635600 -25.7946 -26
2635700 -25.3368 -26
2635800 -25.0185 -26
2635900 -24.9873 -26
2636000 -25.1267 -26
2636100 -25.3767 -26
2636200 -25.8696 -26
2636300 -26.1967 -26
2636400 -26.1813 -26
2636500 -26.2524 -26
2636600 -26.2554 -26
2636700 -25.9861 -26
2636800 -25.7074 -26
2636900 -25.4862 -26
2637000 -25.2894 -26
2637100 -25.2323 -26
2637200 -25.2754 -26
2637300 -25.6981 -26
2637400 -26.2746 -26
2637500 -26.5666 -26
2637600 -26.8668 -26
2637700 -26.8874 -26
2637800 -26.3313 -26
2637900 -25.8817 -26
2638000 -25.6446 -26
2638100 -25.5032 -26
2638200 -25.569 -26
2638300 -25.7615 -26
2638400 -26.0294 -26
2638500 -26.0865 -26
2638600 -25.8142 -26
2638700 -25.5198 -26
2638800 -25.3503 -26
2638900 -25.2571 -26
2639000 -25.0184 -26
2639100 -25.0215 -26
2639200 -25.5666 -26
2639300 -26.1794 -26
2639400 -26.321 -26
2639500 -26.3889 -26
2639600 -26.3125 -26
2639700 -26.1886 -26
2639800 -26.3051 -26
2639900 -26.4522 -26
2640000 -26.4398 -26
2640100 -26.2982 -26
2640200 -26.1757 -26
2640300 -25.9766 -26
2640400 -25.9556 -26
2640500 -25.8841 -26
2640600 -25.5857 -26
2640700 -25.7379 -26
2640800 -26.1722 -26
2640900 -26.4488 -26
2641000 -26.4689 -26
2641100 -26.4542 -26
2641200 -25.9847 -26
2641300 -25.4538 -26
2641400 -25.4509 -26
2641500 -25.5587 -26
2641600 -25.7729 -26
2641700 -25.7799 -26
2641800 -25.5553 -26
2641900 -25.3029 -26
2642000 -25.1785 -26
2642100 -25.1094 -26
2642200 -25.2237 -26
2642300 -25.3027 -26
2642400 -25.2704 -26
2642500 -25.6115 -26
2642600 -25.9515 -26
2642700 -26.1536 -26
2642800 -26.3625 -26
2642900 -26.6666 -26
2643000 -26.7051 -26
2643100 -26.475 -26
2643200 -26.1272 -26
2643300 -26.1482 -26
2643400 -26.3352 -26
2643500 -26.2759 -26
2643600 -26.1174 -26
2643700 -25.9933 -26
2643800 -25.7481 -26
2643900 -25.5631 -26
2644000 -25.6953 -26
2644100 -26.0254 -26
2644200 -26.196 -26
2644300 -26.1418 -26
2644400 -26.0193 -26
2644500 -25.7899 -26
2644600 -25.7149 -26
2644700 -25.8193 -26
2644800 -25.8963 -26
2644900 -26.0881 -26
2645000 -26.3006 -26
2645100 -26.2496 -26
2645200 -26.1458 -26
2645300 -26.1844 -26
2645400 -26.4923 -26
2645500 -26.6631 -26
2645600 -26.7333 -26
2645700 -26.5785 -26
2645800 -25.8809 -26
2645900 -25.585 -26
2646000 -25.9584 -26
2646100 -26.253 -26
2646200 -26.1429 -26
2646300 -26.055 -26
2646400 -26.1329 -26
2646500 -26.1483 -26
2646600 -25.9706 -26
2646700 -25.5906 -26
2646800 -25.3001 -26
2646900 -25.312 -26
2647000 -25.194 -26
2647100 -25.455 -26
2647200 -25.9903 -26
2647300 -26.1388 -26
2647400 -25.7603 -26
2647500 -25.1858 -26
2647600 -24.8175 -26
2647700 -24.9688 -26
2647800 -25.5243 -26
2647900 -25.9949 -26
2648000 -26.3432 -26
2648100 -26.6331 -26
2648200 -26.9397 -26
2648300 -26.8825 -26
2648400 -26.3487 -26
2648500 -25.7408 -26
2648600 -25.3835 -26
2648700 -25.2766 -26
2648800 -25.5377 -26
2648900 -26.0129 -26
2649000 -26.2176 -26
2649100 -26.3831 -26
2649200 -26.6258 -26
2649300 -26.7077 -26
2649400 -26.6897 -26
2649500 -26.5214 -26
2649600 -26.2804 -26
2649700 -25.9485 -26
2649800 -26.1129 -26
2649900 -26.4927 -26
2650000 -26.4251 -26
2650100 -25.9557 -26
2650200 -25.8129 -26
2650300 -26.1938 -26
2650400 -26.7296 -26
2650500 -26.9487 -26
2650600 -26.9555 -26
2650700 -26.5033 -26
2650800 -25.8918 -26
2650900 -25.3231 -26
2651000 -25.1302 -26
2651100 -25.3677 -26
2651200 -25.7154 -26
2651300 -26.1366 -26
2651400 -26.4799 -26
2651500 -26.3293 -26
2651600 -25.8381 -26
2651700 -25.5199 -26
2651800 -25.8222 -26
2651900 -26.3737 -26
2652000 -27.0453 -26
2652100 -27.4034 -26
2652200 -26.958 -26
2652300 -26.3644 -26
2652400 -25.7335 -26
2652500 -25.8192 -26
2652600 -26.3327 -26
2652700 -26.9038 -26
2652800 -26.9988 -26
2652900 -26.7823 -26
2653000 -26.4137 -26
2653100 -26.0358 -26
2653200 -25.7451 -26
2653300 -25.6983 -26
2653400 -25.6174 -26
2653500 -25.4917 -26
2653600 -25.5393 -26
2653700 -25.7419 -26
2653800 -26.0176 -26
2653900 -26.2528 -26
2654000 -26.3086 -26
2654100 -26.2394 -26
2654200 -25.9368 -26
2654300 -25.8217 -26
2654400 -25.9526 -26
2654500 -25.9432 -26
2654600 -26.0033 -26
2654700 -26.0496 -26
2654800 -26.0424 -26
2654900 -25.7312 -26
2655000 -25.6864 -26
2655100 -26.0806 -26
2655200 -26.4974 -26
2655300 -26.5468 -26
2655400 -26.5654 -26
2655500 -26.1876 -26
2655600 -25.7393 -26
2655700 -25.7462 -26
2655800 -25.874 -26
2655900 -25.9408 -26
2656000 -25.8724 -26
2656100 -25.8165 -26
2656200 -26.1244 -26
2656300 -26.5362 -26
2656400 -26.4832 -26
2656500 -26.529 -26
2656600 -26.5099 -26
2656700 -26.357 -26
2656800 -26.0409 -26
2656900 -25.7276 -26
2657000 -25.5765 -26
2657100 -25.4817 -26
2657200 -25.2438 -26
2657300 -25.2454 -26
2657400 -25.3896 -26
2657500 -25.4779 -26
2657600 -25.4899 -26
2657700 -25.4479 -26
2657800 -25.6866 -26
2657900 -25.9785 -26
2658000 -25.9303 -26
2658100 -25.6522 -26
2658200 -25.2734 -26
2658300 -25.0085 -26
2658400 -25.0819 -26
2658500 -25.4279 -26
2658600 -25.8848 -26
2658700 -26.1971 -26
2658800 -26.2355 -26
2658900 -26.2829 -26
2659000 -26.057 -26
2659100 -25.6558 -26
2659200 -25.3224 -26
2659300 -25.1995 -26
2659400 -25.1034 -26
2659500 -25.1889 -26
2659600 -25.687 -26
2659700 -26.3536 -26
2659800 -27.0313 -26
2659900 -27.3031 -26
2660000 -27.0196 -26
2660100 -26.8296 -26
2660200 -26.6995 -26
2660300 -26.4929 -26
2660400 -26.0952 -26
2660500 -25.4549 -26
2660600 -24.8693 -26
2660700 -24.3922 -26
2660800 -24.2292 -26
2660900 -24.7583 -26
2661000 -25.5278 -26
2661100 -26.1692 -26
2661200 -26.3892 -26
2661300 -26.3371 -26
2661400 -26.0792 -26
2661500 -25.6281 -26
2661600 -25.5581 -26
2661700 -25.9009 -26
2661800 -26.3967 -26
2661900 -26.7998 -26
2662000 -26.8936 -26
2662100 -26.6342 -26
2662200 -26.2773 -26
2662300 -26.3527 -26
2662400 -26.3709 -26
2662500 -26.0941 -26
2662600 -25.9487 -26
2662700 -25.8171 -26
2662800 -25.814 -26
2662900 -26.0678 -26
2663000 -26.2516 -26
2663100 -26.2985 -26
2663200 -26.3592 -26
2663300 -26.2982 -26
2663400 -25.9807 -26
2663500 -25.8357 -26
2663600 -25.7709 -26
2663700 -25.6904 -26
2663800 -25.7948 -26
2663900 -26.1145 -26
2664000 -26.0844 -26
2664100 -26.0184 -26
2664200 -25.8148 -26
2664300 -25.3381 -26
2664400 -24.9849 -26
2664500 -24.8911 -26
2664600 -25.2509 -26
2664700 -25.5691 -26
2664800 -25.7707 -26
2664900 -25.779 -26
2665000 -25.9054 -26
2665100 -25.9591 -26
2665200 -26.0509 -26
2665300 -26.2135 -26
2665400 -26.3191 -26
2665500 -26.3833 -26
2665600 -26.3798 -26
2665700 -26.5657 -26
2665800 -26.3656 -26
2665900 -26.3829 -26
2666000 -26.5345 -26
2666100 -26.4101 -26
2666200 -26.2692 -26
2666300 -26.0881 -26
2666400 -25.5996 -26
2666500 -25.0922 -26
2666600 -24.9798 -26
2666700 -25.3459 -26
2666800 -26.0495 -26
2666900 -26.738 -26
2667000 -26.8944 -26
2667100 -26.8473 -26
2667200 -26.8874 -26
2667300 -26.7618 -26
2667400 -26.5059 -26
2667500 -25.9857 -26
2667600 -25.7766 -26
2667700 -26.0022 -26
2667800 -26.1715 -26
2667900 -26.1056 -26
2668000 -26.0623 -26
2668100 -26.0143 -26
2668200 -26.0849 -26
2668300 -26.1949 -26
2668400 -26.1711 -26
2668500 -26.0446 -26
2668600 -25.762 -26
2668700 -25.6831 -26
2668800 -25.5275 -26
2668900 -25.6277 -26
2669000 -25.9762 -26
2669100 -26.4089 -26
2669200 -26.6691 -26
2669300 -26.7351 -26
2669400 -26.6707 -26
2669500 -26.3931 -26
2669600 -26.1314 -26
2669700 -25.9153 -26
2669800 -25.9159 -26
2669900 -25.9511 -26
2670000 -25.9794 -26
2670100 -25.9167 -26
2670200 -25.7787 -26
2670300 -26.0936 -26
2670400 -26.4428 -26
2670500 -26.5185 -26
2670600 -26.3919 -26
2670700 -26.4627 -26
2670800 -26.7694 -26
2670900 -26.6622 -26
2671000 -26.3984 -26
2671100 -26.3466 -26
2671200 -26.4945 -26
2671300 -26.8914 -26
2671400 -27.3832 -26
2671500 -27.3409 -26
2671600 -27.232 -26
2671700 -26.7146 -26
2671800 -25.9986 -26
2671900 -25.4853 -26
2672000 -25.2556 -26
2672100 -25.5758 -26
2672200 -25.8244 -26
2672300 -26.1366 -26
2672400 -26.2563 -26
2672500 -26.1693 -26
2672600 -25.9894 -26
2672700 -25.9347 -26
2672800 -26.0567 -26
2672900 -26.2169 -26
2673000 -26.1206 -26
2673100 -26.0176 -26
2673200 -26.1873 -26
2673300 -26.7015 -26
2673400 -27.025 -26
2673500 -26.7369 -26
2673600 -26.1254 -26
2673700 -25.6569 -26
2673800 -25.4555 -26
2673900 -25.4626 -26
2674000 -25.6616 -26
2674100 -25.6667 -26
2674200 -25.7898 -26
2674300 -25.9727 -26
2674400 -26.1686 -26
2674500 -26.0496 -26
2674600 -25.8773 -26
2674700 -25.9053 -26
2674800 -25.907 -26
2674900 -26.0393 -26
2675000 -26.0156 -26
2675100 -26.0619 -26
2675200 -26.2241 -26
2675300 -26.3236 -26
2675400 -26.2387 -26
2675500 -26.1147 -26
2675600 -25.8991 -26
2675700 -25.7149 -26
2675800 -25.5666 -26
2675900 -25.7853 -26
2676000 -26.2707 -26
2676100 -26.6872 -26
2676200 -26.535 -26
2676300 -26.3115 -26
2676400 -26.1384 -26
2676500 -25.7873 -26
2676600 -25.3104 -26
2676700 -25.3066 -26
2676800 -25.6598 -26
2676900 -26.1464 -26
2677000 -26.49 -26
2677100 -26.4195 -26
2677200 -26.1265 -26
2677300 -26.0373 -26
2677400 -26.2218 -26
2677500 -26.688 -26
2677600 -27.091 -26
2677700 -26.8958 -26
2677800 -26.1959 -26
2677900 -25.5999 -26
2678000 -25.4824 -26
2678100 -25.4745 -26
2678200 -25.816 -26
2678300 -26.494 -26
2678400 -26.7262 -26
2678500 -26.659 -26
2678600 -26.3031 -26
2678700 -26.1083 -26
2678800 -25.9518 -26
2678900 -25.5226 -26
2679000 -25.4305 -26
2679100 -25.9589 -26
2679200 -26.5693 -26
2679300 -26.7246 -26
2679400 -26.3076 -26
2679500 -25.9661 -26
2679600 -25.7932 -26
2679700 -25.9011 -26
2679800 -26.3195 -26
2679900 -27.2157 -26
2680000 -27.4479 -26
2680100 -26.8965 -26
2680200 -26.1608 -26
2680300 -25.516 -26
2680400 -25.1974 -26
2680500 -25.2038 -26
2680600 -25.3758 -26
2680700 -25.4777 -26
2680800 -25.547 -26
2680900 -25.8823 -26
2681000 -26.3769 -26
2681100 -26.5165 -26
2681200 -26.5183 -26
2681300 -26.5085 -26
2681400 -26.2268 -26
2681500 -26.046 -26
2681600 -26.0895 -26
2681700 -26.0673 -26
2681800 -26.0161 -26
2681900 -25.8965 -26
2682000 -25.6478 -26
2682100 -25.575 -26
2682200 -25.4725 -26
2682300 -25.6996 -26
2682400 -26.0385 -26
2682500 -26.2459 -26
2682600 -26.2519 -26
2682700 -26.435 -26
2682800 -26.5206 -26
2682900 -26.421 -26
2683000 -26.5763 -26
2683100 -26.6373 -26
2683200 -26.4958 -26
2683300 -26.1942 -26
2683400 -25.8863 -26
2683500 -25.951 -26
2683600 -26.1676 -26
2683700 -26.3358 -26
2683800 -26.3551 -26
2683900 -26.4849 -26
2684000 -26.638 -26
2684100 -26.8092 -26
2684200 -26.5433 -26
2684300 -25.888 -26
2684400 -25.4429 -26
2684500 -25.2284 -26
2684600 -25.424 -26
2684700 -25.7284 -26
2684800 -25.9617 -26
2684900 -26.0387 -26
2685000 -26.0295 -26
2685100 -26.1668 -26
2685200 -26.146 -26
2685300 -26.2061 -26
2685400 -26.2106 -26
2685500 -25.9555 -26
2685600 -25.8292 -26
2685700 -25.8286 -26
2685800 -25.9446 -26
2685900 -26.2526 -26
2686000 -26.31 -26
2686100 -26.2231 -26
2686200 -26.4525 -26
2686300 -26.8825 -26
2686400 -26.9099 -26
2686500 -26.5118 -26
2686600 -26.0219 -26
2686700 -25.9614 -26
2686800 -25.9712 -26
2686900 -25.9031 -26
2687000 -25.9174 -26
2687100 -25.9054 -26
2687200 -25.9511 -26
2687300 -25.883 -26
2687400 -25.5636 -26
2687500 -25.312 -26
2687600 -25.4214 -26
2687700 -25.6737 -26
2687800 -25.7337 -26
2687900 -25.6578 -26
2688000 -25.9453 -26
2688100 -26.3139 -26
2688200 -26.6415 -26
2688300 -26.6109 -26
2688400 -26.4018 -26
2688500 -26.2171 -26
2688600 -26.1261 -26
2688700 -26.1124 -26
2688800 -26.3794 -26
2688900 -26.5577 -26
2689000 -26.4857 -26
2689100 -26.1197 -26
2689200 -25.7041 -26
2689300 -25.8029 -26
2689400 -26.0558 -26
2689500 -26.0767 -26
2689600 -25.9939 -26
2689700 -26.1992 -26
2689800 -26.3356 -26
2689900 -26.3977 -26
2690000 -26.3031 -26
