# Time-averaged data for fix myat1
# TimeStep v_xave v_xdes
3810100 -14.0081 -14
3810200 -13.7555 -14
3810300 -13.9005 -14
3810400 -14.3229 -14
3810500 -14.6165 -14
3810600 -14.7005 -14
3810700 -14.3875 -14
3810800 -13.7033 -14
3810900 -13.0415 -14
3811000 -13.1448 -14
3811100 -13.6304 -14
3811200 -14.4482 -14
3811300 -14.7202 -14
3811400 -14.3156 -14
3811500 -13.7927 -14
3811600 -13.7513 -14
3811700 -14.1521 -14
3811800 -14.5418 -14
3811900 -14.6658 -14
3812000 -14.6038 -14
3812100 -14.5553 -14
3812200 -14.2335 -14
3812300 -14.1042 -14
3812400 -14.2147 -14
3812500 -14.4059 -14
3812600 -14.4368 -14
3812700 -14.4038 -14
3812800 -14.2749 -14
3812900 -14.0323 -14
3813000 -13.6755 -14
3813100 -13.5787 -14
3813200 -13.5313 -14
3813300 -13.5 -14
3813400 -13.7143 -14
3813500 -13.9628 -14
3813600 -14.1749 -14
3813700 -14.4167 -14
3813800 -14.3418 -14
3813900 -14.0729 -14
3814000 -14.0776 -14
3814100 -14.0683 -14
3814200 -13.93 -14
3814300 -13.887 -14
3814400 -13.6241 -14
3814500 -13.4477 -14
3814600 -13.601 -14
3814700 -14.0778 -14
3814800 -14.2675 -14
3814900 -14.2999 -14
3815000 -14.153 -14
3815100 -14.0158 -14
3815200 -14.1419 -14
3815300 -14.3172 -14
3815400 -14.5862 -14
3815500 -14.5621 -14
3815600 -14.2629 -14
3815700 -14.1193 -14
3815800 -14.0593 -14
3815900 -14.1052 -14
3816000 -14.3263 -14
3816100 -14.4926 -14
3816200 -14.3354 -14
3816300 -14.2998 -14
3816400 -14.2255 -14
3816500 -14.0077 -14
3816600 -13.4951 -14
3816700 -13.3916 -14
3816800 -13.5267 -14
3816900 -13.7909 -14
3817000 -14.285 -14
3817100 -14.4416 -14
3817200 -14.3602 -14
3817300 -14.1943 -14
3817400 -14.1166 -14
3817500 -14.0932 -14
3817600 -13.9668 -14
3817700 -14.1215 -14
3817800 -14.2622 -14
3817900 -14.1963 -14
3818000 -14.1815 -14
3818100 -14.2938 -14
3818200 -14.2897 -14
3818300 -14.2065 -14
3818400 -14.1712 -14
3818500 -14.2312 -14
3818600 -14.3821 -14
3818700 -14.4701 -14
3818800 -14.5751 -14
3818900 -14.5482 -14
3819000 -13.9899 -14
3819100 -13.388 -14
3819200 -13.137 -14
3819300 -13.4201 -14
3819400 -13.8543 -14
3819500 -14.0477 -14
3819600 -14.2107 -14
3819700 -14.2315 -14
3819800 -14.3436 -14
3819900 -14.4969 -14
3820000 -14.6312 -14
3820100 -14.6991 -14
3820200 -14.5803 -14
3820300 -14.0843 -14
3820400 -13.5425 -14
3820500 -13.4999 -14
3820600 -13.5505 -14
3820700 -13.7846 -14
3820800 -14.175 -14
3820900 -14.2638 -14
3821000 -14.1376 -14
3821100 -13.9289 -14
3821200 -13.7505 -14
3821300 -13.3561 -14
3821400 -13.2705 -14
3821500 -13.4746 -14
3821600 -13.7161 -14
3821700 -14.1477 -14
3821800 -14.5382 -14
3821900 -14.7866 -14
3822000 -14.5497 -14
3822100 -14.2184 -14
3822200 -13.9716 -14
3822300 -13.664 -14
3822400 -13.7941 -14
3822500 -14.1596 -14
3822600 -14.4877 -14
3822700 -14.6982 -14
3822800 -14.9785 -14
3822900 -15.0244 -14
3823000 -14.766 -14
3823100 -14.2418 -14
3823200 -13.6387 -14
3823300 -13.3905 -14
3823400 -13.4737 -14
3823500 -14.1318 -14
3823600 -14.9905 -14
3823700 -15.1825 -14
3823800 -14.8848 -14
3823900 -14.4741 -14
3824000 -14.2122 -14
3824100 -13.9156 -14
3824200 -13.995 -14
3824300 -14.1778 -14
3824400 -14.2434 -14
3824500 -14.1271 -14
3824600 -13.9776 -14
3824700 -13.8673 -14
3824800 -13.7834 -14
3824900 -13.7417 -14
3825000 -13.785 -14
3825100 -13.8919 -14
3825200 -13.8956 -14
3825300 -13.9306 -14
3825400 -13.8953 -14
3825500 -13.8824 -14
3825600 -13.786 -14
3825700 -13.5071 -14
3825800 -13.5204 -14
3825900 -13.796 -14
3826000 -14.0434 -14
3826100 -14.0299 -14
3826200 -13.9216 -14
3826300 -14.1272 -14
3826400 -14.453 -14
3826500 -14.7263 -14
3826600 -14.8497 -14
3826700 -14.3854 -14
3826800 -13.7181 -14
3826900 -13.4679 -14
3827000 -13.5651 -14
3827100 -14.0754 -14
3827200 -14.6479 -14
3827300 -14.7684 -14
3827400 -14.7559 -14
3827500 -14.8345 -14
3827600 -14.553 -14
3827700 -14.0372 -14
3827800 -13.5791 -14
3827900 -13.5489 -14
3828000 -13.7923 -14
3828100 -13.9628 -14
3828200 -14.4135 -14
3828300 -14.9224 -14
3828400 -15.1108 -14
3828500 -14.7571 -14
3828600 -14.132 -14
3828700 -13.4411 -14
3828800 -13.1759 -14
3828900 -13.1551 -14
3829000 -13.7702 -14
3829100 -14.4908 -14
3829200 -14.9862 -14
3829300 -14.9856 -14
3829400 -14.6699 -14
3829500 -14.3329 -14
3829600 -14.3351 -14
3829700 -14.0957 -14
3829800 -13.8945 -14
3829900 -13.8656 -14
3830000 -13.9596 -14
3830100 -13.9093 -14
3830200 -13.978 -14
3830300 -14.2568 -14
3830400 -14.7151 -14
3830500 -14.8255 -14
3830600 -14.8969 -14
3830700 -14.9016 -14
3830800 -14.5774 -14
3830900 -13.9462 -14
3831000 -13.4721 -14
3831100 -13.3756 -14
3831200 -13.3389 -14
3831300 -13.529 -14
3831400 -14.2447 -14
3831500 -14.8182 -14
3831600 -14.9164 -14
3831700 -14.6671 -14
3831800 -14.6363 -14
3831900 -14.4436 -14
3832000 -13.885 -14
3832100 -13.5026 -14
3832200 -13.7543 -14
3832300 -14.3761 -14
3832400 -14.9927 -14
3832500 -15.3015 -14
3832600 -14.9669 -14
3832700 -14.5232 -14
3832800 -13.8775 -14
3832900 -13.4306 -14
3833000 -13.4588 -14
3833100 -13.7661 -14
3833200 -14.2375 -14
3833300 -14.6653 -14
3833400 -14.7938 -14
3833500 -14.6903 -14
3833600 -14.5197 -14
3833700 -14.2351 -14
3833800 -14.0244 -14
3833900 -13.9614 -14
3834000 -13.8776 -14
3834100 -13.8701 -14
3834200 -14.1756 -14
3834300 -14.5027 -14
3834400 -14.341 -14
3834500 -14.2869 -14
3834600 -14.4231 -14
3834700 -14.5486 -14
3834800 -14.5546 -14
3834900 -14.604 -14
3835000 -14.8128 -14
3835100 -14.9809 -14
3835200 -14.9813 -14
3835300 -14.884 -14
3835400 -14.4637 -14
3835500 -13.9469 -14
3835600 -13.3158 -14
3835700 -12.9092 -14
3835800 -12.8221 -14
3835900 -13.0032 -14
3836000 -13.1519 -14
3836100 -13.9166 -14
3836200 -14.9978 -14
3836300 -15.4499 -14
3836400 -15.074 -14
3836500 -14.4273 -14
3836600 -13.9147 -14
3836700 -13.5071 -14
3836800 -13.7824 -14
3836900 -14.3727 -14
3837000 -14.8241 -14
3837100 -15.0059 -14
3837200 -14.9037 -14
3837300 -14.521 -14
3837400 -13.9377 -14
3837500 -13.8716 -14
3837600 -14.1104 -14
3837700 -14.5754 -14
3837800 -14.8429 -14
3837900 -14.6607 -14
3838000 -14.2116 -14
3838100 -13.8972 -14
3838200 -13.5433 -14
3838300 -13.3321 -14
3838400 -13.3401 -14
3838500 -13.5075 -14
3838600 -13.7936 -14
3838700 -13.9816 -14
3838800 -13.8489 -14
3838900 -13.786 -14
3839000 -13.6955 -14
3839100 -13.6758 -14
3839200 -13.889 -14
3839300 -13.9682 -14
3839400 -14.0569 -14
3839500 -13.9998 -14
3839600 -13.6642 -14
3839700 -13.5277 -14
3839800 -13.6936 -14
3839900 -14.1369 -14
3840000 -14.4572 -14
3840100 -14.5767 -14
3840200 -14.6446 -14
3840300 -14.5635 -14
3840400 -14.2899 -14
3840500 -14.1896 -14
3840600 -14.0807 -14
3840700 -13.9037 -14
3840800 -13.9327 -14
3840900 -13.8671 -14
3841000 -13.5686 -14
3841100 -13.7627 -14
3841200 -14.1121 -14
3841300 -14.4295 -14
3841400 -14.4443 -14
3841500 -14.1115 -14
3841600 -13.6641 -14
3841700 -13.6678 -14
3841800 -13.9222 -14
3841900 -13.9161 -14
3842000 -13.9528 -14
3842100 -14.3758 -14
3842200 -14.6961 -14
3842300 -14.5843 -14
3842400 -14.4238 -14
3842500 -14.2473 -14
3842600 -14.1466 -14
3842700 -13.8768 -14
3842800 -13.6523 -14
3842900 -13.2136 -14
3843000 -13.0685 -14
3843100 -13.2111 -14
3843200 -13.582 -14
3843300 -14.0517 -14
3843400 -14.5203 -14
3843500 -14.4993 -14
3843600 -14.2351 -14
3843700 -14.143 -14
3843800 -14.133 -14
3843900 -14.0001 -14
3844000 -13.7839 -14
3844100 -13.7752 -14
3844200 -14.1462 -14
3844300 -14.7498 -14
3844400 -14.8349 -14
3844500 -14.6316 -14
3844600 -14.3614 -14
3844700 -14.1747 -14
3844800 -13.9762 -14
3844900 -13.6539 -14
3845000 -13.5434 -14
3845100 -13.8561 -14
3845200 -14.1097 -14
3845300 -14.1303 -14
3845400 -13.7343 -14
3845500 -13.6036 -14
3845600 -13.6865 -14
3845700 -13.8412 -14
3845800 -14.179 -14
3845900 -14.522 -14
3846000 -14.9945 -14
3846100 -15.2102 -14
3846200 -15.3317 -14
3846300 -14.9944 -14
3846400 -14.3047 -14
3846500 -13.6719 -14
3846600 -13.2459 -14
3846700 -13.273 -14
3846800 -13.6855 -14
3846900 -14.1296 -14
3847000 -14.357 -14
3847100 -14.2748 -14
3847200 -14.0016 -14
3847300 -13.7213 -14
3847400 -13.6671 -14
3847500 -13.9406 -14
3847600 -14.3663 -14
3847700 -14.5529 -14
3847800 -14.598 -14
3847900 -14.6705 -14
3848000 -14.8183 -14
3848100 -14.7648 -14
3848200 -14.4191 -14
3848300 -14.026 -14
3848400 -13.6849 -14
3848500 -13.4947 -14
3848600 -13.4549 -14
3848700 -13.4906 -14
3848800 -13.6422 -14
3848900 -13.9177 -14
3849000 -14.2339 -14
3849100 -14.4019 -14
3849200 -14.1878 -14
3849300 -14.2318 -14
3849400 -14.2287 -14
3849500 -14.0726 -14
3849600 -13.9148 -14
3849700 -13.9919 -14
3849800 -13.9185 -14
3849900 -13.7759 -14
3850000 -13.7249 -14
3850100 -14.1146 -14
3850200 -14.1506 -14
3850300 -14.0362 -14
3850400 -14.114 -14
3850500 -14.4872 -14
3850600 -14.6125 -14
3850700 -14.2018 -14
3850800 -13.6531 -14
3850900 -13.3877 -14
3851000 -13.5265 -14
3851100 -13.9082 -14
3851200 -13.7428 -14
3851300 -13.358 -14
3851400 -13.3868 -14
3851500 -13.4353 -14
3851600 -13.3253 -14
3851700 -13.5383 -14
3851800 -13.829 -14
3851900 -13.9441 -14
3852000 -13.8906 -14
3852100 -13.952 -14
3852200 -13.9927 -14
3852300 -14.0404 -14
3852400 -14.0793 -14
3852500 -13.7164 -14
3852600 -13.3273 -14
3852700 -13.2892 -14
3852800 -13.835 -14
3852900 -14.5701 -14
3853000 -14.9036 -14
3853100 -14.704 -14
3853200 -14.1969 -14
3853300 -13.7871 -14
3853400 -13.654 -14
3853500 -13.7164 -14
3853600 -14.0034 -14
3853700 -14.4276 -14
3853800 -14.4149 -14
3853900 -14.2812 -14
3854000 -14.0683 -14
3854100 -13.8089 -14
3854200 -13.772 -14
3854300 -13.9863 -14
3854400 -14.3897 -14
3854500 -14.6051 -14
3854600 -14.4215 -14
3854700 -14.1543 -14
3854800 -14.0175 -14
3854900 -13.9326 -14
3855000 -13.8045 -14
3855100 -13.6092 -14
3855200 -13.6994 -14
3855300 -13.7676 -14
3855400 -13.7464 -14
3855500 -13.7499 -14
3855600 -13.8593 -14
3855700 -14.1805 -14
3855800 -14.3433 -14
3855900 -14.4309 -14
3856000 -14.1639 -14
3856100 -13.8172 -14
3856200 -13.6435 -14
3856300 -13.657 -14
3856400 -13.9745 -14
3856500 -14.4123 -14
3856600 -14.9534 -14
3856700 -15.2452 -14
3856800 -15.0869 -14
3856900 -14.7265 -14
3857000 -14.2793 -14
3857100 -13.7918 -14
3857200 -13.5909 -14
3857300 -13.5427 -14
3857400 -13.3558 -14
3857500 -13.4076 -14
3857600 -13.7624 -14
3857700 -14.08 -14
3857800 -14.3286 -14
3857900 -14.4263 -14
3858000 -14.4267 -14
3858100 -14.1579 -14
3858200 -13.9453 -14
3858300 -13.9035 -14
3858400 -13.7983 -14
3858500 -13.51 -14
3858600 -13.3202 -14
3858700 -13.357 -14
3858800 -13.6618 -14
3858900 -14.2295 -14
3859000 -14.6937 -14
3859100 -15.053 -14
3859200 -15.1573 -14
3859300 -14.8956 -14
3859400 -14.4748 -14
3859500 -14.1093 -14
3859600 -13.8156 -14
3859700 -13.5817 -14
3859800 -13.6033 -14
3859900 -13.6965 -14
3860000 -13.5439 -14
3860100 -13.5042 -14
3860200 -13.6015 -14
3860300 -13.9874 -14
3860400 -14.0145 -14
3860500 -13.8284 -14
3860600 -13.6267 -14
3860700 -13.5503 -14
3860800 -13.7572 -14
3860900 -14.103 -14
3861000 -14.3736 -14
3861100 -14.3687 -14
3861200 -14.0376 -14
3861300 -13.769 -14
3861400 -13.9352 -14
3861500 -14.29 -14
3861600 -14.3743 -14
3861700 -14.2267 -14
3861800 -14.0161 -14
3861900 -13.8207 -14
3862000 -13.7534 -14
3862100 -13.7184 -14
3862200 -14.1014 -14
3862300 -14.6209 -14
3862400 -14.8481 -14
3862500 -14.5856 -14
3862600 -14.2359 -14
3862700 -14.0399 -14
3862800 -13.9152 -14
3862900 -13.976 -14
3863000 -14.2608 -14
3863100 -14.5346 -14
3863200 -14.3726 -14
3863300 -14.2729 -14
3863400 -13.9885 -14
3863500 -13.8748 -14
3863600 -13.6643 -14
3863700 -13.3667 -14
3863800 -13.2592 -14
3863900 -13.3309 -14
3864000 -13.6838 -14
3864100 -14.2134 -14
3864200 -14.4962 -14
3864300 -14.6559 -14
3864400 -14.6354 -14
3864500 -14.4335 -14
3864600 -14.2858 -14
3864700 -14.0598 -14
3864800 -13.8963 -14
3864900 -13.827 -14
3865000 -14.0167 -14
3865100 -14.2543 -14
3865200 -14.3152 -14
3865300 -14.2004 -14
3865400 -14.0712 -14
3865500 -13.8692 -14
3865600 -13.5668 -14
3865700 -13.5576 -14
3865800 -13.9347 -14
3865900 -14.187 -14
3866000 -14.4387 -14
3866100 -14.7842 -14
3866200 -14.7335 -14
3866300 -14.0701 -14
3866400 -13.4892 -14
3866500 -13.2166 -14
3866600 -13.2502 -14
3866700 -13.6564 -14
3866800 -14.005 -14
3866900 -14.1665 -14
3867000 -14.0505 -14
3867100 -13.6858 -14
3867200 -13.4828 -14
3867300 -13.635 -14
3867400 -14.086 -14
3867500 -14.7164 -14
3867600 -15.2381 -14
3867700 -15.3049 -14
3867800 -15.0343 -14
3867900 -14.5857 -14
3868000 -13.9723 -14
3868100 -13.6129 -14
3868200 -13.9791 -14
3868300 -14.4331 -14
3868400 -14.3803 -14
3868500 -14.0034 -14
3868600 -13.8733 -14
3868700 -13.7512 -14
3868800 -13.6483 -14
3868900 -13.6408 -14
3869000 -13.7078 -14
3869100 -13.8273 -14
3869200 -14.1322 -14
3869300 -14.5254 -14
3869400 -14.9106 -14
3869500 -14.9975 -14
3869600 -14.8252 -14
3869700 -14.5221 -14
3869800 -14.1728 -14
3869900 -13.8425 -14
3870000 -13.5649 -14
3870100 -13.5259 -14
3870200 -13.6485 -14
3870300 -14.1865 -14
3870400 -14.6741 -14
3870500 -14.9401 -14
3870600 -14.6699 -14
3870700 -14.0638 -14
3870800 -13.5826 -14
3870900 -13.6808 -14
3871000 -14.2281 -14
3871100 -14.6018 -14
3871200 -14.5977 -14
3871300 -14.5422 -14
3871400 -14.4339 -14
3871500 -14.1965 -14
3871600 -13.6758 -14
3871700 -13.303 -14
3871800 -13.6499 -14
3871900 -14.2351 -14
3872000 -14.6155 -14
3872100 -14.7811 -14
3872200 -14.5731 -14
3872300 -14.2998 -14
3872400 -14.1654 -14
3872500 -14.0976 -14
3872600 -14.2324 -14
3872700 -14.1808 -14
3872800 -13.9307 -14
3872900 -13.7385 -14
3873000 -13.5557 -14
3873100 -13.3784 -14
3873200 -13.4341 -14
3873300 -13.9192 -14
3873400 -14.5156 -14
3873500 -14.7966 -14
3873600 -14.9575 -14
3873700 -14.9295 -14
3873800 -14.8816 -14
3873900 -14.7642 -14
3874000 -14.5154 -14
3874100 -14.3413 -14
3874200 -14.4944 -14
3874300 -14.7111 -14
3874400 -14.8583 -14
3874500 -14.7589 -14
3874600 -14.6018 -14
3874700 -14.5348 -14
3874800 -14.6504 -14
3874900 -14.5162 -14
3875000 -14.2856 -14
3875100 -13.9666 -14
3875200 -13.8996 -14
3875300 -13.9505 -14
3875400 -13.7677 -14
3875500 -13.9352 -14
3875600 -14.2747 -14
3875700 -14.381 -14
3875800 -14.3603 -14
3875900 -14.2759 -14
3876000 -14.0059 -14
3876100 -13.8042 -14
3876200 -13.827 -14
3876300 -14.1168 -14
3876400 -14.0542 -14
3876500 -14.0323 -14
3876600 -14.061 -14
3876700 -14.2189 -14
3876800 -14.2487 -14
3876900 -14.2807 -14
3877000 -14.3502 -14
3877100 -14.4146 -14
3877200 -14.497 -14
3877300 -14.5474 -14
3877400 -14.6092 -14
3877500 -14.4374 -14
3877600 -14.0279 -14
3877700 -13.6816 -14
3877800 -13.4483 -14
3877900 -13.4471 -14
3878000 -13.6116 -14
3878100 -13.8859 -14
3878200 -14.1524 -14
3878300 -14.4795 -14
3878400 -14.3268 -14
3878500 -13.7798 -14
3878600 -13.4695 -14
3878700 -13.5683 -14
3878800 -13.7949 -14
3878900 -13.969 -14
3879000 -13.887 -14
3879100 -13.7395 -14
3879200 -13.9155 -14
3879300 -14.1738 -14
3879400 -14.4013 -14
3879500 -14.6198 -14
3879600 -14.5438 -14
3879700 -14.2179 -14
3879800 -13.6206 -14
3879900 -13.1749 -14
3880000 -13.1962 -14
3880100 -13.6286 -14
3880200 -14.2206 -14
3880300 -14.4941 -14
3880400 -14.341 -14
3880500 -13.9267 -14
3880600 -13.656 -14
3880700 -13.5545 -14
3880800 -13.7967 -14
3880900 -14.2982 -14
3881000 -14.8305 -14
3881100 -15.1652 -14
3881200 -15.2678 -14
3881300 -14.9872 -14
3881400 -14.4411 -14
3881500 -13.7674 -14
3881600 -13.3582 -14
3881700 -13.4979 -14
3881800 -14.0282 -14
3881900 -14.7527 -14
3882000 -15.2395 -14
3882100 -15.196 -14
3882200 -14.5869 -14
3882300 -14.077 -14
3882400 -13.6653 -14
3882500 -13.5558 -14
3882600 -13.5827 -14
3882700 -13.6995 -14
3882800 -13.9598 -14
3882900 -14.2027 -14
3883000 -14.3894 -14
3883100 -14.5262 -14
3883200 -14.6421 -14
3883300 -14.5846 -14
3883400 -14.2692 -14
3883500 -13.9066 -14
3883600 -13.7985 -14
3883700 -13.9945 -14
3883800 -14.3934 -14
3883900 -14.5728 -14
3884000 -14.6212 -14
3884100 -14.6526 -14
3884200 -14.3657 -14
3884300 -14.1369 -14
3884400 -14.2721 -14
3884500 -14.4245 -14
3884600 -14.4889 -14
3884700 -14.5244 -14
3884800 -14.4171 -14
3884900 -14.1728 -14
3885000 -14.1429 -14
3885100 -14.6 -14
3885200 -14.8236 -14
3885300 -14.8353 -14
3885400 -14.6703 -14
3885500 -14.4486 -14
3885600 -14.1284 -14
3885700 -13.8719 -14
3885800 -13.657 -14
3885900 -13.5514 -14
3886000 -13.6648 -14
3886100 -13.7424 -14
3886200 -13.9279 -14
3886300 -14.207 -14
3886400 -14.3571 -14
3886500 -14.6558 -14
3886600 -14.6811 -14
3886700 -14.5131 -14
3886800 -14.1917 -14
3886900 -13.7958 -14
3887000 -13.748 -14
3887100 -14.0005 -14
3887200 -14.2149 -14
3887300 -14.267 -14
3887400 -14.1676 -14
3887500 -13.9916 -14
3887600 -13.8323 -14
3887700 -14.0216 -14
3887800 -14.5628 -14
3887900 -15.1161 -14
3888000 -15.301 -14
3888100 -15.1182 -14
3888200 -14.5188 -14
3888300 -13.99 -14
3888400 -13.5508 -14
3888500 -13.4418 -14
3888600 -13.6476 -14
3888700 -13.7989 -14
3888800 -14.0049 -14
3888900 -14.3487 -14
3889000 -14.2314 -14
3889100 -13.9997 -14
3889200 -13.7173 -14
3889300 -13.5239 -14
3889400 -13.4374 -14
3889500 -13.5614 -14
3889600 -14.1149 -14
3889700 -14.4737 -14
3889800 -14.4097 -14
3889900 -14.1702 -14
3890000 -14.064 -14
3890100 -14.0422 -14
3890200 -13.982 -14
3890300 -14.2084 -14
3890400 -14.5855 -14
3890500 -14.5614 -14
3890600 -14.2796 -14
3890700 -13.9355 -14
3890800 -13.7725 -14
3890900 -14.0592 -14
3891000 -14.434 -14
3891100 -14.5325 -14
3891200 -14.3414 -14
3891300 -14.2509 -14
3891400 -14.1932 -14
3891500 -13.8784 -14
3891600 -13.5578 -14
3891700 -13.367 -14
3891800 -13.1292 -14
3891900 -13.1936 -14
3892000 -13.5265 -14
3892100 -14.1362 -14
3892200 -14.7375 -14
3892300 -14.8485 -14
3892400 -14.5053 -14
3892500 -14.105 -14
3892600 -13.8314 -14
3892700 -13.9628 -14
3892800 -14.3606 -14
3892900 -14.4439 -14
3893000 -14.2678 -14
3893100 -13.9595 -14
3893200 -13.8148 -14
3893300 -13.9116 -14
3893400 -14.1663 -14
3893500 -14.4546 -14
3893600 -14.6482 -14
3893700 -14.4123 -14
3893800 -13.9647 -14
3893900 -13.9483 -14
3894000 -14.4678 -14
3894100 -14.8413 -14
3894200 -14.8542 -14
3894300 -14.7091 -14
3894400 -14.614 -14
3894500 -14.692 -14
3894600 -14.7639 -14
3894700 -14.3319 -14
3894800 -13.9391 -14
3894900 -13.9679 -14
3895000 -14.2088 -14
3895100 -14.3934 -14
3895200 -14.6249 -14
3895300 -14.7249 -14
3895400 -14.5005 -14
3895500 -14.0371 -14
3895600 -13.7596 -14
3895700 -13.6135 -14
3895800 -13.4468 -14
3895900 -13.6899 -14
3896000 -14.2232 -14
3896100 -14.7172 -14
3896200 -15.0006 -14
3896300 -14.8981 -14
3896400 -14.4987 -14
3896500 -13.986 -14
3896600 -13.5515 -14
3896700 -13.3709 -14
3896800 -13.6187 -14
3896900 -14.1534 -14
3897000 -14.5419 -14
3897100 -14.7312 -14
3897200 -14.726 -14
3897300 -14.5066 -14
3897400 -14.3934 -14
3897500 -14.3771 -14
3897600 -14.5545 -14
3897700 -14.7586 -14
3897800 -14.9623 -14
3897900 -14.6688 -14
3898000 -14.2087 -14
3898100 -13.9629 -14
3898200 -14.0399 -14
3898300 -14.3367 -14
3898400 -14.6068 -14
3898500 -14.6039 -14
3898600 -14.7091 -14
3898700 -14.7484 -14
3898800 -14.4252 -14
3898900 -14.0655 -14
3899000 -13.9786 -14
3899100 -13.8613 -14
3899200 -14.2353 -14
3899300 -14.3547 -14
3899400 -14.237 -14
3899500 -14.1792 -14
3899600 -14.3748 -14
3899700 -14.671 -14
3899800 -14.8166 -14
3899900 -14.7766 -14
3900000 -14.7328 -14
3900100 -14.5132 -14
3900200 -14.4414 -14
3900300 -14.4345 -14
3900400 -14.365 -14
3900500 -14.3699 -14
3900600 -14.3504 -14
3900700 -14.3801 -14
3900800 -14.3741 -14
3900900 -14.3459 -14
3901000 -14.5523 -14
3901100 -14.5949 -14
3901200 -14.3342 -14
3901300 -14.0607 -14
3901400 -13.7731 -14
3901500 -13.6828 -14
3901600 -13.5676 -14
3901700 -13.6695 -14
3901800 -13.9265 -14
3901900 -14.2724 -14
3902000 -14.2952 -14
3902100 -14.5353 -14
3902200 -14.6159 -14
3902300 -14.6115 -14
3902400 -14.4155 -14
3902500 -14.1582 -14
3902600 -13.9496 -14
3902700 -13.8871 -14
3902800 -13.7955 -14
3902900 -13.6195 -14
3903000 -13.5972 -14
3903100 -14.0629 -14
3903200 -14.7544 -14
3903300 -15.0079 -14
3903400 -14.8851 -14
3903500 -14.629 -14
3903600 -14.55 -14
3903700 -14.5128 -14
3903800 -14.4219 -14
3903900 -14.2525 -14
3904000 -14.1869 -14
3904100 -14.129 -14
3904200 -14.2071 -14
3904300 -14.2719 -14
3904400 -14.3101 -14
3904500 -14.3789 -14
3904600 -14.5291 -14
3904700 -14.5461 -14
3904800 -14.3909 -14
3904900 -14.269 -14
3905000 -14.0823 -14
3905100 -13.6161 -14
3905200 -13.5772 -14
3905300 -13.9589 -14
3905400 -14.1924 -14
3905500 -14.4193 -14
3905600 -14.5667 -14
3905700 -14.6909 -14
3905800 -14.7046 -14
3905900 -14.446 -14
3906000 -14.2055 -14
3906100 -13.8523 -14
3906200 -13.6129 -14
3906300 -13.7274 -14
3906400 -13.9984 -14
3906500 -14.2643 -14
3906600 -14.5608 -14
3906700 -14.6941 -14
3906800 -14.6428 -14
3906900 -14.6289 -14
3907000 -14.5334 -14
3907100 -14.5155 -14
3907200 -14.6912 -14
3907300 -14.8007 -14
3907400 -14.9988 -14
3907500 -14.7105 -14
3907600 -14.3208 -14
3907700 -13.7925 -14
3907800 -13.5236 -14
3907900 -13.6129 -14
3908000 -13.6146 -14
3908100 -13.8236 -14
3908200 -14.1579 -14
3908300 -14.505 -14
3908400 -14.6935 -14
3908500 -14.3643 -14
3908600 -13.8484 -14
3908700 -13.6184 -14
3908800 -13.7739 -14
3908900 -14.2875 -14
3909000 -14.7095 -14
3909100 -14.5452 -14
3909200 -14.1818 -14
3909300 -13.9171 -14
3909400 -13.678 -14
3909500 -13.7736 -14
3909600 -13.9966 -14
3909700 -14.1722 -14
3909800 -14.3394 -14
3909900 -14.5867 -14
3910000 -14.7157 -14
3910100 -14.4576 -14
3910200 -14.1479 -14
3910300 -14.0495 -14
3910400 -14.4307 -14
3910500 -14.8572 -14
3910600 -15.1109 -14
3910700 -15.2428 -14
3910800 -14.987 -14
3910900 -14.4511 -14
3911000 -13.9565 -14
3911100 -13.6592 -14
3911200 -13.3113 -14
3911300 -13.2794 -14
3911400 -13.7819 -14
3911500 -14.3497 -14
3911600 -14.6582 -14
3911700 -14.4575 -14
3911800 -14.2689 -14
3911900 -14.3632 -14
3912000 -14.598 -14
3912100 -14.6315 -14
3912200 -14.6758 -14
3912300 -14.6808 -14
3912400 -14.4886 -14
3912500 -14.1665 -14
3912600 -13.9103 -14
3912700 -14.03 -14
3912800 -14.3951 -14
3912900 -14.4917 -14
3913000 -14.4474 -14
3913100 -14.308 -14
3913200 -14.0474 -14
3913300 -13.981 -14
3913400 -14.1623 -14
3913500 -14.4184 -14
3913600 -14.4372 -14
3913700 -14.5897 -14
3913800 -14.6519 -14
3913900 -14.3251 -14
3914000 -13.9879 -14
3914100 -13.9707 -14
3914200 -13.9286 -14
3914300 -14.0577 -14
3914400 -14.3716 -14
3914500 -14.3769 -14
3914600 -14.385 -14
3914700 -14.3135 -14
3914800 -14.1452 -14
3914900 -14.0547 -14
3915000 -14.0978 -14
3915100 -14.2767 -14
3915200 -14.5146 -14
3915300 -15.1075 -14
3915400 -15.5384 -14
3915500 -15.3526 -14
3915600 -14.7285 -14
3915700 -13.9263 -14
3915800 -13.4083 -14
3915900 -13.1995 -14
3916000 -13.3209 -14
3916100 -13.5345 -14
3916200 -13.557 -14
3916300 -13.9868 -14
3916400 -14.3288 -14
3916500 -14.439 -14
3916600 -14.4562 -14
3916700 -14.4636 -14
3916800 -14.2171 -14
3916900 -14.0549 -14
3917000 -14.1624 -14
3917100 -14.2762 -14
3917200 -14.5171 -14
3917300 -14.5315 -14
3917400 -14.4905 -14
3917500 -14.297 -14
3917600 -14.1513 -14
3917700 -14.1121 -14
3917800 -14.2346 -14
3917900 -14.1363 -14
3918000 -14.1177 -14
3918100 -14.1773 -14
3918200 -14.3798 -14
3918300 -14.5888 -14
3918400 -14.5335 -14
3918500 -14.6615 -14
3918600 -14.9312 -14
3918700 -15.0138 -14
3918800 -14.8579 -14
3918900 -14.5051 -14
3919000 -14.1356 -14
3919100 -13.7106 -14
3919200 -13.5311 -14
3919300 -13.6584 -14
3919400 -14.2593 -14
3919500 -14.7394 -14
3919600 -14.7299 -14
3919700 -14.5114 -14
3919800 -14.1858 -14
3919900 -14.0613 -14
3920000 -14.2571 -14
3920100 -14.429 -14
3920200 -14.5475 -14
3920300 -14.5634 -14
3920400 -14.3533 -14
3920500 -14.1369 -14
3920600 -13.849 -14
3920700 -13.6783 -14
3920800 -13.7272 -14
3920900 -13.8336 -14
3921000 -13.8518 -14
3921100 -14.1093 -14
3921200 -14.3877 -14
3921300 -14.4274 -14
3921400 -14.3594 -14
3921500 -14.2005 -14
3921600 -14.0868 -14
3921700 -14.1037 -14
3921800 -13.8845 -14
3921900 -13.842 -14
3922000 -13.729 -14
3922100 -13.7562 -14
3922200 -14.0166 -14
3922300 -14.2652 -14
3922400 -14.4989 -14
3922500 -14.5866 -14
3922600 -14.4574 -14
3922700 -14.2522 -14
3922800 -14.0669 -14
3922900 -13.8591 -14
3923000 -13.5118 -14
3923100 -13.3729 -14
3923200 -13.4308 -14
3923300 -13.5464 -14
3923400 -13.6557 -14
3923500 -13.8795 -14
3923600 -14.157 -14
3923700 -14.4107 -14
3923800 -14.6302 -14
3923900 -14.5991 -14
3924000 -14.205 -14
3924100 -13.8668 -14
3924200 -13.7033 -14
3924300 -13.8636 -14
3924400 -14.1602 -14
3924500 -14.503 -14
3924600 -14.6416 -14
3924700 -14.5524 -14
3924800 -14.621 -14
3924900 -14.3603 -14
3925000 -14.1428 -14
3925100 -13.8858 -14
3925200 -13.7 -14
3925300 -13.7995 -14
3925400 -14.2897 -14
3925500 -14.7295 -14
3925600 -14.728 -14
3925700 -14.5588 -14
3925800 -14.1536 -14
3925900 -13.7825 -14
3926000 -13.8405 -14
3926100 -14.1038 -14
3926200 -14.2443 -14
3926300 -14.2533 -14
3926400 -13.9419 -14
3926500 -13.6466 -14
3926600 -13.7543 -14
3926700 -13.9561 -14
3926800 -14.2209 -14
3926900 -14.5642 -14
3927000 -14.7546 -14
3927100 -14.5005 -14
3927200 -14.0626 -14
3927300 -13.8885 -14
3927400 -13.7466 -14
3927500 -13.9997 -14
3927600 -14.3047 -14
3927700 -14.603 -14
3927800 -14.6426 -14
3927900 -14.3294 -14
3928000 -13.8574 -14
3928100 -13.4383 -14
3928200 -13.1972 -14
3928300 -13.407 -14
3928400 -13.9981 -14
3928500 -14.2498 -14
3928600 -14.2137 -14
3928700 -14.2899 -14
3928800 -14.3879 -14
3928900 -14.4429 -14
3929000 -14.3658 -14
3929100 -14.1755 -14
3929200 -14.0108 -14
3929300 -13.787 -14
3929400 -13.4577 -14
3929500 -13.3156 -14
3929600 -13.5728 -14
3929700 -14.0208 -14
3929800 -14.4179 -14
3929900 -14.5641 -14
3930000 -14.6124 -14
3930100 -14.5267 -14
3930200 -14.3467 -14
3930300 -14.2694 -14
3930400 -14.4614 -14
3930500 -14.3972 -14
3930600 -14.3682 -14
3930700 -14.3782 -14
3930800 -13.992 -14
3930900 -13.8226 -14
3931000 -13.8399 -14
3931100 -13.9668 -14
3931200 -13.9557 -14
3931300 -13.8974 -14
3931400 -13.9294 -14
3931500 -13.8801 -14
3931600 -13.8468 -14
3931700 -13.9713 -14
3931800 -14.1381 -14
3931900 -14.3669 -14
3932000 -14.2303 -14
3932100 -14.3349 -14
3932200 -14.5021 -14
3932300 -14.4258 -14
3932400 -14.1508 -14
3932500 -13.9058 -14
3932600 -13.9428 -14
3932700 -14.0502 -14
3932800 -14.1723 -14
3932900 -14.1099 -14
3933000 -13.8939 -14
3933100 -13.5694 -14
3933200 -13.4252 -14
3933300 -13.5876 -14
3933400 -13.8244 -14
3933500 -14.1171 -14
3933600 -14.4882 -14
3933700 -14.6702 -14
3933800 -14.6474 -14
3933900 -14.2101 -14
3934000 -13.7839 -14
3934100 -13.5612 -14
3934200 -13.6136 -14
3934300 -13.947 -14
3934400 -13.9601 -14
3934500 -13.9936 -14
3934600 -14.2858 -14
3934700 -14.4905 -14
3934800 -14.6624 -14
3934900 -14.9297 -14
3935000 -14.8879 -14
3935100 -14.536 -14
3935200 -14.3581 -14
3935300 -14.4151 -14
3935400 -14.2648 -14
3935500 -14.1477 -14
3935600 -14.0788 -14
3935700 -13.9346 -14
3935800 -13.9261 -14
3935900 -14.0742 -14
3936000 -14.1603 -14
3936100 -14.3677 -14
3936200 -14.6807 -14
3936300 -14.8564 -14
3936400 -14.6995 -14
3936500 -14.3058 -14
3936600 -13.9319 -14
3936700 -13.8065 -14
3936800 -13.9436 -14
3936900 -14.2165 -14
3937000 -14.5023 -14
3937100 -14.7341 -14
3937200 -15.0451 -14
3937300 -15.1959 -14
3937400 -14.8059 -14
3937500 -14.182 -14
3937600 -13.762 -14
3937700 -13.6112 -14
3937800 -13.6132 -14
3937900 -13.6634 -14
3938000 -13.7336 -14
3938100 -13.6968 -14
3938200 -13.6412 -14
3938300 -13.6156 -14
3938400 -13.9175 -14
3938500 -14.1581 -14
3938600 -14.1641 -14
3938700 -14.0899 -14
3938800 -14.0885 -14
3938900 -14.3595 -14
3939000 -14.7192 -14
3939100 -14.8004 -14
3939200 -14.801 -14
3939300 -14.7669 -14
3939400 -14.8758 -14
3939500 -14.7784 -14
3939600 -14.4761 -14
3939700 -14.1873 -14
3939800 -13.9268 -14
3939900 -13.7446 -14
3940000 -14.0068 -14
3940100 -14.3331 -14
3940200 -14.3067 -14
3940300 -14.0115 -14
3940400 -13.7889 -14
3940500 -13.8886 -14
3940600 -14.2379 -14
3940700 -14.4453 -14
3940800 -14.3459 -14
3940900 -14.0756 -14
3941000 -13.7362 -14
3941100 -13.6052 -14
3941200 -13.6794 -14
3941300 -13.9192 -14
3941400 -14.2007 -14
3941500 -14.2633 -14
3941600 -14.2 -14
3941700 -14.0274 -14
3941800 -13.9647 -14
3941900 -13.9028 -14
3942000 -13.8943 -14
3942100 -13.9202 -14
3942200 -13.8083 -14
3942300 -13.8886 -14
3942400 -14.2515 -14
3942500 -14.5769 -14
3942600 -14.7991 -14
3942700 -14.5018 -14
3942800 -14.045 -14
3942900 -13.6924 -14
3943000 -13.4408 -14
3943100 -13.4595 -14
3943200 -14.1442 -14
3943300 -14.9139 -14
3943400 -15.5831 -14
3943500 -15.584 -14
3943600 -14.913 -14
3943700 -14.0406 -14
3943800 -13.5584 -14
3943900 -13.4715 -14
3944000 -13.7102 -14
3944100 -13.9863 -14
3944200 -14.1192 -14
3944300 -14.0348 -14
3944400 -14.1377 -14
3944500 -14.2542 -14
3944600 -14.263 -14
3944700 -14.443 -14
3944800 -14.4444 -14
3944900 -14.4707 -14
3945000 -14.3304 -14
3945100 -14.3961 -14
3945200 -14.5096 -14
3945300 -14.2308 -14
3945400 -13.8572 -14
3945500 -13.8254 -14
3945600 -13.9133 -14
3945700 -14.0044 -14
3945800 -14.1836 -14
3945900 -14.1641 -14
3946000 -14.2823 -14
3946100 -14.332 -14
3946200 -14.1365 -14
3946300 -14.1745 -14
3946400 -14.4198 -14
3946500 -14.2995 -14
3946600 -14.0118 -14
3946700 -13.7269 -14
3946800 -13.7557 -14
3946900 -14.2593 -14
3947000 -14.7998 -14
3947100 -14.7038 -14
3947200 -14.192 -14
3947300 -13.8542 -14
3947400 -13.9216 -14
3947500 -14.34 -14
3947600 -14.647 -14
3947700 -14.6636 -14
3947800 -14.5503 -14
3947900 -14.3744 -14
3948000 -14.2688 -14
3948100 -14.2376 -14
3948200 -14.0185 -14
3948300 -13.9474 -14
3948400 -13.8948 -14
3948500 -13.8155 -14
3948600 -13.9374 -14
3948700 -14.3814 -14
3948800 -14.5593 -14
3948900 -14.6168 -14
3949000 -14.8811 -14
3949100 -14.9872 -14
3949200 -14.713 -14
3949300 -14.1306 -14
3949400 -13.5074 -14
3949500 -13.0822 -14
3949600 -12.9442 -14
3949700 -12.9794 -14
3949800 -13.0723 -14
3949900 -13.5884 -14
3950000 -13.9398 -14
3950100 -13.6514 -14
3950200 -13.3794 -14
3950300 -13.365 -14
3950400 -13.2864 -14
3950500 -13.1061 -14
3950600 -13.1027 -14
3950700 -13.1909 -14
3950800 -13.4548 -14
3950900 -13.7024 -14
3951000 -13.534 -14
3951100 -13.4948 -14
3951200 -13.7327 -14
3951300 -14.0797 -14
3951400 -14.5083 -14
3951500 -14.685 -14
3951600 -14.3964 -14
3951700 -13.6817 -14
3951800 -13.1332 -14
3951900 -13.1961 -14
3952000 -13.4554 -14
3952100 -13.6882 -14
3952200 -13.5914 -14
3952300 -13.477 -14
3952400 -13.8375 -14
3952500 -14.3679 -14
3952600 -14.6048 -14
3952700 -14.4643 -14
3952800 -14.2053 -14
3952900 -14.163 -14
3953000 -14.2204 -14
3953100 -14.3481 -14
3953200 -14.252 -14
3953300 -14.3463 -14
3953400 -14.6791 -14
3953500 -14.8576 -14
3953600 -14.8009 -14
3953700 -14.5632 -14
3953800 -14.274 -14
3953900 -14.0304 -14
3954000 -13.8521 -14
3954100 -14.0741 -14
3954200 -14.3251 -14
3954300 -14.3871 -14
3954400 -14.1733 -14
3954500 -13.9529 -14
3954600 -13.8846 -14
3954700 -13.8933 -14
3954800 -13.9727 -14
3954900 -14.1049 -14
3955000 -14.5335 -14
3955100 -14.6242 -14
3955200 -14.4571 -14
3955300 -14.1801 -14
3955400 -14.2145 -14
3955500 -14.3212 -14
3955600 -14.2098 -14
3955700 -13.9856 -14
3955800 -13.9353 -14
3955900 -13.6751 -14
3956000 -13.2422 -14
3956100 -13.2513 -14
3956200 -13.8119 -14
3956300 -14.289 -14
3956400 -14.6613 -14
3956500 -14.8821 -14
3956600 -14.9133 -14
3956700 -14.8473 -14
3956800 -14.8377 -14
3956900 -14.7509 -14
3957000 -14.5918 -14
3957100 -14.2624 -14
3957200 -14.1608 -14
3957300 -14.1129 -14
3957400 -13.9999 -14
3957500 -14.0516 -14
3957600 -14.2974 -14
3957700 -14.589 -14
3957800 -14.6302 -14
3957900 -14.2007 -14
3958000 -13.7547 -14
3958100 -13.6466 -14
3958200 -13.8123 -14
3958300 -14.0754 -14
3958400 -14.3103 -14
3958500 -14.3829 -14
3958600 -14.4135 -14
3958700 -14.0278 -14
3958800 -13.468 -14
3958900 -13.197 -14
3959000 -13.3481 -14
3959100 -13.6687 -14
3959200 -14.1325 -14
3959300 -14.4726 -14
3959400 -14.6546 -14
3959500 -14.4444 -14
3959600 -14.1492 -14
3959700 -13.8179 -14
3959800 -13.7711 -14
3959900 -14.0784 -14
3960000 -14.1775 -14
3960100 -14.0154 -14
3960200 -13.7195 -14
3960300 -13.689 -14
3960400 -13.7763 -14
3960500 -13.6961 -14
3960600 -13.7744 -14
3960700 -14.204 -14
3960800 -14.6467 -14
3960900 -14.6067 -14
3961000 -14.0743 -14
3961100 -13.5957 -14
3961200 -13.5508 -14
3961300 -13.9063 -14
3961400 -14.295 -14
3961500 -14.6413 -14
3961600 -14.8076 -14
3961700 -14.4482 -14
3961800 -14.1731 -14
3961900 -13.8973 -14
3962000 -13.3696 -14
3962100 -13.1056 -14
3962200 -13.4134 -14
3962300 -13.5861 -14
3962400 -13.702 -14
3962500 -13.6147 -14
3962600 -13.6368 -14
3962700 -13.8262 -14
3962800 -13.9264 -14
3962900 -13.8167 -14
3963000 -13.6495 -14
3963100 -13.6667 -14
3963200 -13.9334 -14
3963300 -14.2471 -14
3963400 -14.3333 -14
3963500 -14.3 -14
3963600 -14.349 -14
3963700 -14.547 -14
3963800 -14.4021 -14
3963900 -14.4503 -14
3964000 -14.3145 -14
3964100 -14.2192 -14
3964200 -14.3354 -14
3964300 -14.3111 -14
3964400 -14.1612 -14
3964500 -14.4501 -14
3964600 -14.7848 -14
3964700 -14.6759 -14
3964800 -14.5198 -14
3964900 -14.3872 -14
3965000 -14.308 -14
3965100 -14.2384 -14
3965200 -13.8411 -14
3965300 -13.5809 -14
3965400 -13.7684 -14
3965500 -14.084 -14
3965600 -14.4968 -14
3965700 -14.7199 -14
3965800 -14.7932 -14
3965900 -14.5782 -14
3966000 -14.0221 -14
3966100 -13.2293 -14
3966200 -12.6294 -14
3966300 -12.4248 -14
3966400 -12.7206 -14
3966500 -13.5746 -14
3966600 -14.5928 -14
3966700 -14.9361 -14
3966800 -15.0155 -14
3966900 -14.9375 -14
3967000 -14.5243 -14
3967100 -14.1482 -14
3967200 -13.945 -14
3967300 -13.8485 -14
3967400 -14.0398 -14
3967500 -14.3461 -14
3967600 -14.8953 -14
3967700 -15.2433 -14
3967800 -15.1262 -14
3967900 -14.6573 -14
3968000 -14.0165 -14
3968100 -13.6564 -14
3968200 -13.5807 -14
3968300 -13.786 -14
3968400 -13.8333 -14
3968500 -14.0374 -14
3968600 -14.3157 -14
3968700 -14.4676 -14
3968800 -14.3053 -14
3968900 -13.9767 -14
3969000 -13.8074 -14
3969100 -13.6303 -14
3969200 -13.5527 -14
3969300 -13.5054 -14
3969400 -13.5377 -14
3969500 -13.6263 -14
3969600 -13.9514 -14
3969700 -14.2547 -14
3969800 -14.2172 -14
3969900 -13.9991 -14
3970000 -14.0614 -14
3970100 -14.0068 -14
3970200 -13.9739 -14
3970300 -14.0402 -14
3970400 -14.2362 -14
3970500 -14.2936 -14
3970600 -14.0295 -14
3970700 -13.5781 -14
3970800 -13.2546 -14
3970900 -13.1542 -14
3971000 -13.6777 -14
3971100 -14.0895 -14
3971200 -14.4008 -14
3971300 -14.281 -14
3971400 -14.0739 -14
3971500 -13.8255 -14
3971600 -13.7674 -14
3971700 -13.9303 -14
3971800 -14.3437 -14
3971900 -14.5385 -14
3972000 -14.5865 -14
3972100 -14.6172 -14
3972200 -14.6269 -14
3972300 -14.6344 -14
3972400 -14.5464 -14
3972500 -14.4395 -14
3972600 -14.3446 -14
3972700 -14.3883 -14
3972800 -14.3177 -14
3972900 -14.0664 -14
3973000 -13.8997 -14
3973100 -13.6946 -14
3973200 -13.7276 -14
3973300 -13.8341 -14
3973400 -13.9096 -14
3973500 -14.2509 -14
3973600 -14.1733 -14
3973700 -13.9055 -14
3973800 -13.8009 -14
3973900 -13.9283 -14
3974000 -14.04 -14
3974100 -13.989 -14
3974200 -13.9887 -14
3974300 -14.0141 -14
3974400 -14.1888 -14
3974500 -14.2546 -14
3974600 -14.1847 -14
3974700 -14.2544 -14
3974800 -14.705 -14
3974900 -15.0133 -14
3975000 -14.8409 -14
3975100 -14.2028 -14
3975200 -13.4565 -14
3975300 -13.0762 -14
3975400 -12.9039 -14
3975500 -13.0278 -14
3975600 -13.5661 -14
3975700 -14.3899 -14
3975800 -14.8563 -14
3975900 -14.9747 -14
3976000 -14.7811 -14
3976100 -14.6504 -14
3976200 -14.6366 -14
3976300 -14.4224 -14
3976400 -14.1303 -14
3976500 -13.8727 -14
3976600 -13.885 -14
3976700 -13.9644 -14
3976800 -13.9428 -14
3976900 -13.8943 -14
3977000 -13.838 -14
3977100 -13.8528 -14
3977200 -14.0537 -14
3977300 -14.0608 -14
3977400 -13.8725 -14
3977500 -13.8545 -14
3977600 -13.9895 -14
3977700 -14.2765 -14
3977800 -14.6096 -14
3977900 -14.6637 -14
3978000 -14.4104 -14
3978100 -14.1439 -14
3978200 -14.1264 -14
3978300 -14.2789 -14
3978400 -14.3799 -14
3978500 -14.649 -14
3978600 -14.7506 -14
3978700 -14.4563 -14
3978800 -14.0454 -14
3978900 -13.748 -14
3979000 -13.6996 -14
3979100 -14.0328 -14
3979200 -14.4859 -14
3979300 -15.0812 -14
3979400 -15.4745 -14
3979500 -15.2157 -14
3979600 -14.4406 -14
3979700 -13.6683 -14
3979800 -13.3284 -14
3979900 -13.2708 -14
3980000 -13.5545 -14
3980100 -14.0726 -14
3980200 -14.4858 -14
3980300 -14.6764 -14
3980400 -14.5807 -14
3980500 -14.6566 -14
3980600 -14.6835 -14
3980700 -14.3924 -14
3980800 -14.0827 -14
3980900 -13.9527 -14
3981000 -13.9424 -14
3981100 -13.959 -14
3981200 -14.132 -14
3981300 -14.405 -14
3981400 -14.843 -14
3981500 -14.8643 -14
3981600 -14.5033 -14
3981700 -13.7745 -14
3981800 -13.2421 -14
3981900 -13.0362 -14
3982000 -13.2986 -14
3982100 -13.6826 -14
3982200 -14.1003 -14
3982300 -14.6439 -14
3982400 -15.0619 -14
3982500 -15.3163 -14
3982600 -15.2023 -14
3982700 -14.5098 -14
3982800 -13.6701 -14
3982900 -13.3807 -14
3983000 -13.57 -14
3983100 -13.8606 -14
3983200 -14.1154 -14
3983300 -14.3296 -14
3983400 -14.426 -14
3983500 -14.3817 -14
3983600 -14.2727 -14
3983700 -13.9383 -14
3983800 -13.485 -14
3983900 -13.3234 -14
3984000 -13.3677 -14
3984100 -13.9836 -14
3984200 -14.8388 -14
3984300 -15.5223 -14
3984400 -15.671 -14
3984500 -15.2456 -14
3984600 -14.7215 -14
3984700 -14.331 -14
3984800 -13.9455 -14
3984900 -13.7347 -14
3985000 -13.4091 -14
3985100 -13.6846 -14
3985200 -13.9966 -14
3985300 -14.3814 -14
3985400 -14.8604 -14
3985500 -14.809 -14
3985600 -14.1532 -14
3985700 -13.5002 -14
3985800 -13.1888 -14
3985900 -13.0132 -14
3986000 -13.0619 -14
3986100 -13.4599 -14
3986200 -14.0228 -14
3986300 -14.5966 -14
3986400 -14.9186 -14
3986500 -14.9592 -14
3986600 -14.666 -14
3986700 -14.5789 -14
3986800 -14.522 -14
3986900 -14.3699 -14
3987000 -14.323 -14
3987100 -14.5659 -14
3987200 -14.7921 -14
3987300 -14.6971 -14
3987400 -14.6993 -14
3987500 -14.4927 -14
3987600 -14.0213 -14
3987700 -13.7521 -14
3987800 -13.7231 -14
3987900 -13.8018 -14
3988000 -13.9284 -14
3988100 -14.1721 -14
3988200 -14.4459 -14
3988300 -14.5416 -14
3988400 -14.7273 -14
3988500 -14.8813 -14
3988600 -14.9046 -14
3988700 -14.4825 -14
3988800 -14.0553 -14
3988900 -13.7295 -14
3989000 -13.5329 -14
3989100 -13.4858 -14
3989200 -13.64 -14
3989300 -13.8486 -14
3989400 -13.753 -14
3989500 -13.9535 -14
3989600 -14.1741 -14
3989700 -14.5352 -14
3989800 -14.7556 -14
3989900 -14.4852 -14
3990000 -14.0992 -14
3990100 -13.8425 -14
3990200 -13.5499 -14
3990300 -13.5011 -14
3990400 -13.6449 -14
3990500 -14.0533 -14
3990600 -14.1078 -14
3990700 -14.0045 -14
3990800 -14.0553 -14
3990900 -14.0631 -14
3991000 -13.9961 -14
3991100 -14.0694 -14
3991200 -13.9485 -14
3991300 -13.8363 -14
3991400 -13.7968 -14
3991500 -13.7582 -14
3991600 -13.4844 -14
3991700 -13.3167 -14
3991800 -13.4774 -14
3991900 -14.0227 -14
3992000 -14.5319 -14
3992100 -14.4807 -14
3992200 -13.9473 -14
3992300 -13.8006 -14
3992400 -14.0219 -14
3992500 -14.3376 -14
3992600 -14.4167 -14
3992700 -14.3565 -14
3992800 -14.2636 -14
3992900 -14.1819 -14
3993000 -14.1892 -14
3993100 -14.1927 -14
3993200 -14.1455 -14
3993300 -14.087 -14
3993400 -13.7164 -14
3993500 -13.3504 -14
3993600 -13.4212 -14
3993700 -13.584 -14
3993800 -13.6971 -14
3993900 -13.8278 -14
3994000 -14.1219 -14
3994100 -14.2888 -14
3994200 -14.0722 -14
3994300 -13.8285 -14
3994400 -13.6745 -14
3994500 -13.9138 -14
3994600 -14.2119 -14
3994700 -14.345 -14
3994800 -14.4989 -14
3994900 -14.4494 -14
3995000 -14.2496 -14
3995100 -14.3174 -14
3995200 -14.304 -14
3995300 -14.1197 -14
3995400 -13.9492 -14
3995500 -13.9362 -14
3995600 -13.725 -14
3995700 -13.4156 -14
3995800 -13.2526 -14
3995900 -13.4442 -14
3996000 -13.8103 -14
3996100 -13.9938 -14
3996200 -14.021 -14
3996300 -14.1495 -14
3996400 -14.4992 -14
3996500 -14.5697 -14
3996600 -14.4816 -14
3996700 -14.3251 -14
3996800 -14.0677 -14
3996900 -13.8299 -14
3997000 -14.109 -14
3997100 -14.014 -14
3997200 -13.5413 -14
3997300 -13.3642 -14
3997400 -13.5609 -14
3997500 -13.8648 -14
3997600 -14.0193 -14
3997700 -13.9659 -14
3997800 -13.97 -14
3997900 -13.8213 -14
3998000 -13.817 -14
3998100 -13.8769 -14
3998200 -13.9129 -14
3998300 -13.9921 -14
3998400 -14.0703 -14
3998500 -14.07 -14
3998600 -14.1676 -14
3998700 -14.1266 -14
3998800 -14.1822 -14
3998900 -14.3029 -14
3999000 -14.2684 -14
3999100 -14.0351 -14
3999200 -13.9048 -14
3999300 -13.6568 -14
3999400 -13.6027 -14
3999500 -13.7719 -14
3999600 -14.1552 -14
3999700 -14.1955 -14
3999800 -13.9231 -14
3999900 -13.9055 -14
4000000 -14.0192 -14
4000100 -14.2563 -14
4000200 -14.6092 -14
4000300 -14.7389 -14
4000400 -14.5791 -14
4000500 -14.1673 -14
4000600 -13.8352 -14
4000700 -13.865 -14
4000800 -14.1082 -14
4000900 -14.2987 -14
4001000 -14.3288 -14
4001100 -14.3971 -14
4001200 -14.2678 -14
4001300 -13.9913 -14
4001400 -13.4687 -14
4001500 -13.0862 -14
4001600 -13.3303 -14
4001700 -13.7115 -14
4001800 -13.9642 -14
4001900 -14.0992 -14
4002000 -14.2929 -14
4002100 -14.3638 -14
4002200 -14.427 -14
4002300 -14.4792 -14
4002400 -14.2916 -14
4002500 -13.8636 -14
4002600 -13.5013 -14
4002700 -13.2862 -14
4002800 -13.4263 -14
4002900 -13.7923 -14
4003000 -13.699 -14
4003100 -13.434 -14
4003200 -13.43 -14
4003300 -13.7883 -14
4003400 -14.2395 -14
4003500 -14.7613 -14
4003600 -14.7705 -14
4003700 -14.2772 -14
4003800 -14.1173 -14
4003900 -14.2088 -14
4004000 -14.0292 -14
4004100 -13.6146 -14
4004200 -13.6248 -14
4004300 -13.9165 -14
4004400 -14.0801 -14
4004500 -14.1184 -14
4004600 -13.8663 -14
4004700 -13.5822 -14
4004800 -13.5039 -14
4004900 -13.6929 -14
4005000 -13.9255 -14
4005100 -14.0136 -14
4005200 -13.8898 -14
4005300 -13.8476 -14
4005400 -14.0319 -14
4005500 -14.2622 -14
4005600 -14.6441 -14
4005700 -14.7071 -14
4005800 -14.3273 -14
4005900 -13.6882 -14
4006000 -13.3439 -14
4006100 -13.4612 -14
4006200 -13.6354 -14
4006300 -13.4897 -14
4006400 -13.4901 -14
4006500 -13.677 -14
4006600 -13.9853 -14
4006700 -14.0618 -14
4006800 -13.8969 -14
4006900 -13.9191 -14
4007000 -14.0525 -14
4007100 -14.1668 -14
4007200 -14.29 -14
4007300 -14.4711 -14
4007400 -14.3854 -14
4007500 -14.1074 -14
4007600 -14.0092 -14
4007700 -14.2157 -14
4007800 -14.2874 -14
4007900 -14.2121 -14
4008000 -14.1585 -14
4008100 -14.1422 -14
4008200 -13.8951 -14
4008300 -13.6254 -14
4008400 -13.5585 -14
4008500 -13.58 -14
4008600 -14.0303 -14
4008700 -14.6522 -14
4008800 -15.1251 -14
4008900 -15.1106 -14
4009000 -14.5496 -14
4009100 -13.858 -14
4009200 -13.238 -14
4009300 -13.0856 -14
4009400 -13.5488 -14
4009500 -14.0267 -14
4009600 -14.2915 -14
4009700 -14.1775 -14
4009800 -13.7171 -14
4009900 -13.6589 -14
4010000 -13.8626 -14
