# Time-averaged data for fix myat1
# TimeStep v_xave v_xdes
4870100 32.7746 32
4870200 32.2114 32
4870300 31.6718 32
4870400 31.5998 32
4870500 31.8702 32
4870600 32.156 32
4870700 32.4405 32
4870800 32.43 32
4870900 32.1043 32
4871000 32.2162 32
4871100 32.1613 32
4871200 31.8877 32
4871300 31.3622 32
4871400 31.3439 32
4871500 31.7339 32
4871600 31.9544 32
4871700 31.956 32
4871800 32.0015 32
4871900 32.0433 32
4872000 31.9225 32
4872100 31.7097 32
4872200 31.4158 32
4872300 31.3615 32
4872400 31.7506 32
4872500 32.0392 32
4872600 32.2458 32
4872700 32.3998 32
4872800 32.5285 32
4872900 32.4171 32
4873000 32.1245 32
4873100 31.619 32
4873200 31.2401 32
4873300 31.2638 32
4873400 31.5562 32
4873500 31.9237 32
4873600 32.0693 32
4873700 31.9604 32
4873800 31.6369 32
4873900 31.5491 32
4874000 31.8937 32
4874100 32.2962 32
4874200 32.2771 32
4874300 31.9669 32
4874400 31.7649 32
4874500 31.6507 32
4874600 31.6255 32
4874700 31.8084 32
4874800 32.1677 32
4874900 32.6572 32
4875000 32.913 32
4875100 32.5925 32
4875200 32.0025 32
4875300 31.744 32
4875400 31.755 32
4875500 32.1067 32
4875600 32.1284 32
4875700 31.9363 32
4875800 31.8489 32
4875900 31.9952 32
4876000 32.2481 32
4876100 32.4952 32
4876200 32.4144 32
4876300 32.2698 32
4876400 32.015 32
4876500 31.9129 32
4876600 31.7658 32
4876700 31.6887 32
4876800 31.5481 32
4876900 31.4632 32
4877000 31.4999 32
4877100 31.7834 32
4877200 32.0439 32
4877300 32.3588 32
4877400 32.6205 32
4877500 32.9713 32
4877600 32.7373 32
4877700 32.098 32
4877800 31.3574 32
4877900 31.3123 32
4878000 31.6799 32
4878100 31.8659 32
4878200 31.9281 32
4878300 31.8711 32
4878400 31.943 32
4878500 32.1282 32
4878600 32.1022 32
4878700 31.966 32
4878800 31.7659 32
4878900 31.6205 32
4879000 31.8955 32
4879100 32.2149 32
4879200 32.4048 32
4879300 32.331 32
4879400 32.1844 32
4879500 32.1021 32
4879600 32.2792 32
4879700 32.2674 32
4879800 32.2785 32
4879900 32.6852 32
4880000 32.8715 32
4880100 32.4179 32
4880200 32.1689 32
4880300 31.968 32
4880400 31.4155 32
4880500 31.0945 32
4880600 31.3406 32
4880700 31.7767 32
4880800 32.1504 32
4880900 32.3232 32
4881000 32.1992 32
4881100 31.8814 32
4881200 31.6493 32
4881300 31.3217 32
4881400 31.1225 32
4881500 31.1327 32
4881600 31.4698 32
4881700 32.0741 32
4881800 32.8302 32
4881900 33.1357 32
4882000 32.7743 32
4882100 32.131 32
4882200 31.6793 32
4882300 31.4756 32
4882400 31.6414 32
4882500 32.0101 32
4882600 32.4054 32
4882700 32.9739 32
4882800 33.0223 32
4882900 32.574 32
4883000 31.8564 32
4883100 31.4019 32
4883200 31.6489 32
4883300 32.1809 32
4883400 32.5416 32
4883500 32.1773 32
4883600 31.8078 32
4883700 31.9261 32
4883800 31.9521 32
4883900 31.6797 32
4884000 31.5743 32
4884100 31.7108 32
4884200 31.8727 32
4884300 32.0808 32
4884400 32.0572 32
4884500 31.9906 32
4884600 31.9562 32
4884700 32.1107 32
4884800 32.3635 32
4884900 32.5668 32
4885000 33.0582 32
4885100 33.0625 32
4885200 32.5274 32
4885300 31.7693 32
4885400 31.2985 32
4885500 31.2627 32
4885600 31.3358 32
4885700 31.8951 32
4885800 32.4107 32
4885900 32.3803 32
4886000 32.0513 32
4886100 31.7379 32
4886200 31.5698 32
4886300 31.6397 32
4886400 31.6725 32
4886500 31.744 32
4886600 31.9664 32
4886700 32.3552 32
4886800 32.6964 32
4886900 32.605 32
4887000 32.3439 32
4887100 32.1429 32
4887200 31.9657 32
4887300 31.8388 32
4887400 31.9388 32
4887500 31.7449 32
4887600 31.5281 32
4887700 31.3032 32
4887800 31.5012 32
4887900 31.9006 32
4888000 32.1451 32
4888100 32.3321 32
4888200 32.6305 32
4888300 32.7208 32
4888400 32.5694 32
4888500 32.1776 32
4888600 31.9118 32
4888700 31.8802 32
4888800 31.8173 32
4888900 31.9997 32
4889000 31.9532 32
4889100 31.7927 32
4889200 31.8175 32
4889300 31.8887 32
4889400 31.8073 32
4889500 31.9714 32
4889600 32.4047 32
4889700 32.8349 32
4889800 32.9224 32
4889900 32.4556 32
4890000 31.5885 32
4890100 31.1547 32
4890200 31.2473 32
4890300 31.6926 32
4890400 32.1762 32
4890500 32.0694 32
4890600 31.9157 32
4890700 31.9523 32
4890800 32.3298 32
4890900 32.5031 32
4891000 32.2251 32
4891100 31.9198 32
4891200 31.7189 32
4891300 31.6342 32
4891400 31.6846 32
4891500 32.1177 32
4891600 32.4422 32
4891700 32.382 32
4891800 32.3014 32
4891900 32.1026 32
4892000 32.1694 32
4892100 32.4706 32
4892200 32.7159 32
4892300 32.777 32
4892400 32.3292 32
4892500 31.8538 32
4892600 31.4258 32
4892700 31.2159 32
4892800 31.5468 32
4892900 32.1331 32
4893000 32.5007 32
4893100 32.6735 32
4893200 32.476 32
4893300 31.7971 32
4893400 31.2289 32
4893500 31.2039 32
4893600 31.6007 32
4893700 32.0591 32
4893800 32.4937 32
4893900 32.368 32
4894000 31.7687 32
4894100 31.2298 32
4894200 31.2736 32
4894300 31.6384 32
4894400 32.044 32
4894500 31.7985 32
4894600 31.5127 32
4894700 31.7341 32
4894800 32.1012 32
4894900 32.3304 32
4895000 32.191 32
4895100 31.9867 32
4895200 31.8885 32
4895300 31.7361 32
4895400 31.5841 32
4895500 31.41 32
4895600 31.6292 32
4895700 32.0442 32
4895800 32.5756 32
4895900 32.6958 32
4896000 32.5582 32
4896100 32.4739 32
4896200 32.5589 32
4896300 32.5785 32
4896400 32.2066 32
4896500 32.0155 32
4896600 32.0816 32
4896700 32.2878 32
4896800 32.1101 32
4896900 31.7449 32
4897000 31.505 32
4897100 31.42 32
4897200 31.4493 32
4897300 31.7745 32
4897400 32.0408 32
4897500 32.2156 32
4897600 32.2418 32
4897700 32.1582 32
4897800 31.8791 32
4897900 31.441 32
4898000 31.2095 32
4898100 31.2942 32
4898200 31.6262 32
4898300 31.8182 32
4898400 31.986 32
4898500 32.0264 32
4898600 32.0688 32
4898700 32.328 32
4898800 32.6282 32
4898900 32.3152 32
4899000 31.9575 32
4899100 31.6811 32
4899200 31.6501 32
4899300 31.6468 32
4899400 31.661 32
4899500 31.6188 32
4899600 31.8198 32
4899700 32.1467 32
4899800 31.8984 32
4899900 31.6177 32
4900000 31.7832 32
4900100 32.0466 32
4900200 32.1274 32
4900300 32.2349 32
4900400 32.4007 32
4900500 32.4307 32
4900600 32.1033 32
4900700 31.8181 32
4900800 31.6547 32
4900900 31.8465 32
4901000 32.0611 32
4901100 32.2301 32
4901200 32.2154 32
4901300 32.1983 32
4901400 32.0202 32
4901500 31.6692 32
4901600 31.6608 32
4901700 32.0265 32
4901800 32.0391 32
4901900 31.9225 32
4902000 31.6952 32
4902100 31.748 32
4902200 31.719 32
4902300 31.6053 32
4902400 31.6131 32
4902500 31.7973 32
4902600 32.0729 32
4902700 32.0885 32
4902800 32.0176 32
4902900 31.9155 32
4903000 31.9067 32
4903100 31.881 32
4903200 32.0556 32
4903300 32.0854 32
4903400 32.2295 32
4903500 32.2277 32
4903600 32.1775 32
4903700 32.3429 32
4903800 32.2016 32
4903900 32.1902 32
4904000 32.4381 32
4904100 32.7369 32
4904200 32.6118 32
4904300 32.1801 32
4904400 31.8559 32
4904500 31.8876 32
4904600 31.9178 32
4904700 31.927 32
4904800 31.6148 32
4904900 31.5313 32
4905000 31.5439 32
4905100 31.7167 32
4905200 32.1328 32
4905300 32.3837 32
4905400 32.4049 32
4905500 32.336 32
4905600 32.4166 32
4905700 32.5299 32
4905800 32.4087 32
4905900 32.0342 32
4906000 31.7224 32
4906100 31.6472 32
4906200 31.7438 32
4906300 31.7856 32
4906400 32.0133 32
4906500 32.3436 32
4906600 31.919 32
4906700 31.6317 32
4906800 31.7229 32
4906900 31.6807 32
4907000 31.7734 32
4907100 32.0656 32
4907200 32.2968 32
4907300 32.3904 32
4907400 32.1768 32
4907500 31.9325 32
4907600 32.1915 32
4907700 32.6416 32
4907800 33.0786 32
4907900 33.1791 32
4908000 32.6481 32
4908100 31.9181 32
4908200 31.7049 32
4908300 31.7678 32
4908400 31.9569 32
4908500 32.3397 32
4908600 32.5469 32
4908700 32.2911 32
4908800 31.6904 32
4908900 31.3417 32
4909000 31.6716 32
4909100 32.2255 32
4909200 32.6701 32
4909300 32.8633 32
4909400 32.5686 32
4909500 32.1879 32
4909600 31.7983 32
4909700 31.4247 32
4909800 31.353 32
4909900 31.49 32
4910000 31.7176 32
4910100 31.9219 32
4910200 32.0162 32
4910300 31.9104 32
4910400 32.0072 32
4910500 31.89 32
4910600 31.7845 32
4910700 31.902 32
4910800 32.1425 32
4910900 32.1784 32
4911000 32.2726 32
4911100 32.6041 32
4911200 32.7685 32
4911300 32.7779 32
4911400 32.4772 32
4911500 31.9351 32
4911600 31.931 32
4911700 32.0372 32
4911800 31.8321 32
4911900 31.5782 32
4912000 31.6462 32
4912100 32.0168 32
4912200 32.3544 32
4912300 32.2966 32
4912400 31.8141 32
4912500 31.4409 32
4912600 31.2511 32
4912700 31.4922 32
4912800 31.9569 32
4912900 32.5954 32
4913000 32.859 32
4913100 32.3614 32
4913200 31.8222 32
4913300 31.496 32
4913400 31.4283 32
4913500 31.4077 32
4913600 31.8405 32
4913700 32.3339 32
4913800 32.256 32
4913900 31.7644 32
4914000 31.5896 32
4914100 31.6892 32
4914200 31.8451 32
4914300 32.0878 32
4914400 32.1686 32
4914500 32.1766 32
4914600 32.1822 32
4914700 31.8531 32
4914800 31.67 32
4914900 31.7823 32
4915000 32.0005 32
4915100 32.238 32
4915200 32.3133 32
4915300 32.0413 32
4915400 31.8886 32
4915500 31.785 32
4915600 31.864 32
4915700 32.1716 32
4915800 32.1097 32
4915900 31.8427 32
4916000 31.5655 32
4916100 31.6599 32
4916200 31.8468 32
4916300 32.1424 32
4916400 32.3586 32
4916500 32.512 32
4916600 32.497 32
4916700 32.2876 32
4916800 32.0469 32
4916900 31.8488 32
4917000 31.8707 32
4917100 31.9013 32
4917200 31.9988 32
4917300 31.8129 32
4917400 31.6952 32
4917500 31.6937 32
4917600 31.7894 32
4917700 31.7198 32
4917800 31.8316 32
4917900 32.2289 32
4918000 32.6666 32
4918100 32.6213 32
4918200 32.2294 32
4918300 31.7049 32
4918400 31.5582 32
4918500 31.6436 32
4918600 31.8242 32
4918700 32.044 32
4918800 32.1097 32
4918900 32.163 32
4919000 32.1429 32
4919100 31.9616 32
4919200 31.9536 32
4919300 31.847 32
4919400 31.8295 32
4919500 31.8119 32
4919600 31.6559 32
4919700 31.5386 32
4919800 31.7612 32
4919900 32.1533 32
4920000 32.1518 32
4920100 31.8817 32
4920200 31.8263 32
4920300 32.1256 32
4920400 32.3013 32
4920500 32.3556 32
4920600 32.2786 32
4920700 32.0208 32
4920800 31.6366 32
4920900 31.5383 32
4921000 31.6792 32
4921100 31.4982 32
4921200 31.4107 32
4921300 31.8962 32
4921400 32.4266 32
4921500 32.5448 32
4921600 32.3128 32
4921700 32.143 32
4921800 31.9736 32
4921900 31.8957 32
4922000 31.9293 32
4922100 31.9163 32
4922200 31.8792 32
4922300 31.7728 32
4922400 31.7889 32
4922500 31.7832 32
4922600 31.9198 32
4922700 32.0898 32
4922800 32.1804 32
4922900 32.183 32
4923000 32.2432 32
4923100 32.274 32
4923200 32.2934 32
4923300 32.3961 32
4923400 32.2128 32
4923500 31.595 32
4923600 31.2253 32
4923700 31.2045 32
4923800 31.3641 32
4923900 31.7858 32
4924000 32.1558 32
4924100 32.2736 32
4924200 32.2751 32
4924300 32.1865 32
4924400 32.0717 32
4924500 31.9675 32
4924600 31.811 32
4924700 31.6903 32
4924800 31.4623 32
4924900 31.5076 32
4925000 31.5268 32
4925100 31.9106 32
4925200 32.3592 32
4925300 32.4177 32
4925400 32.38 32
4925500 32.2658 32
4925600 31.7706 32
4925700 31.4198 32
4925800 31.477 32
4925900 31.6857 32
4926000 32.2524 32
4926100 32.6966 32
4926200 32.6777 32
4926300 32.3607 32
4926400 32.0202 32
4926500 31.9466 32
4926600 31.9385 32
4926700 31.9105 32
4926800 31.9713 32
4926900 32.1893 32
4927000 32.4343 32
4927100 32.4896 32
4927200 32.5051 32
4927300 32.3634 32
4927400 32.1562 32
4927500 31.982 32
4927600 31.9781 32
4927700 31.9033 32
4927800 31.9908 32
4927900 32.0685 32
4928000 31.9909 32
4928100 32.0638 32
4928200 32.1883 32
4928300 32.4142 32
4928400 32.4433 32
4928500 32.1705 32
4928600 32.0835 32
4928700 32.0787 32
4928800 32.1021 32
4928900 32.1113 32
4929000 32.0303 32
4929100 31.9417 32
4929200 32.103 32
4929300 32.433 32
4929400 32.6971 32
4929500 32.5977 32
4929600 32.0411 32
4929700 31.361 32
4929800 31.1456 32
4929900 31.4547 32
4930000 31.8407 32
4930100 32.2099 32
4930200 32.6608 32
4930300 32.5443 32
4930400 31.8902 32
4930500 31.2681 32
4930600 31.3566 32
4930700 32.1304 32
4930800 32.7414 32
4930900 32.8984 32
4931000 32.7296 32
4931100 32.3925 32
4931200 31.935 32
4931300 31.9121 32
4931400 32.1522 32
4931500 32.447 32
4931600 32.2631 32
4931700 31.8721 32
4931800 31.5368 32
4931900 31.5151 32
4932000 31.7483 32
4932100 31.8668 32
4932200 31.8421 32
4932300 31.8078 32
4932400 32.1012 32
4932500 32.419 32
4932600 32.4151 32
4932700 32.3478 32
4932800 32.0525 32
4932900 31.8115 32
4933000 31.7281 32
4933100 31.619 32
4933200 31.6313 32
4933300 31.6423 32
4933400 31.7844 32
4933500 31.909 32
4933600 31.8467 32
4933700 31.7992 32
4933800 31.8437 32
4933900 31.7139 32
4934000 31.6745 32
4934100 31.6856 32
4934200 31.4407 32
4934300 31.5307 32
4934400 31.733 32
4934500 31.8277 32
4934600 31.8364 32
4934700 31.9558 32
4934800 32.1242 32
4934900 32.2976 32
4935000 32.3627 32
4935100 32.4811 32
4935200 32.6572 32
4935300 32.6072 32
4935400 32.3888 32
4935500 32.0345 32
4935600 31.6011 32
4935700 31.3314 32
4935800 31.6025 32
4935900 31.9692 32
4936000 32.1426 32
4936100 31.9452 32
4936200 31.8641 32
4936300 31.796 32
4936400 31.7297 32
4936500 31.8274 32
4936600 32.2385 32
4936700 32.6995 32
4936800 32.823 32
4936900 32.7403 32
4937000 32.4168 32
4937100 31.7998 32
4937200 31.4523 32
4937300 31.5146 32
4937400 31.8958 32
4937500 32.2692 32
4937600 32.383 32
4937700 32.4582 32
4937800 32.6279 32
4937900 32.5865 32
4938000 32.2209 32
4938100 31.6103 32
4938200 31.2663 32
4938300 31.4154 32
4938400 31.9694 32
4938500 32.5996 32
4938600 32.779 32
4938700 32.5558 32
4938800 32.3093 32
4938900 32.2413 32
4939000 32.3632 32
4939100 32.2514 32
4939200 31.9787 32
4939300 31.6486 32
4939400 31.5577 32
4939500 31.8565 32
4939600 32.1031 32
4939700 32.2684 32
4939800 32.2188 32
4939900 32.2968 32
4940000 32.4637 32
4940100 32.288 32
4940200 32.0469 32
4940300 31.9162 32
4940400 31.9434 32
4940500 31.8774 32
4940600 31.8324 32
4940700 32.147 32
4940800 32.3423 32
4940900 32.2202 32
4941000 31.7827 32
4941100 31.3592 32
4941200 31.6546 32
4941300 32.0455 32
4941400 32.1039 32
4941500 31.6027 32
4941600 31.0871 32
4941700 31.0188 32
4941800 31.4049 32
4941900 32.0154 32
4942000 32.4461 32
4942100 32.3149 32
4942200 32.081 32
4942300 32.03 32
4942400 31.7627 32
4942500 31.6274 32
4942600 31.5615 32
4942700 31.6683 32
4942800 32.013 32
4942900 32.1622 32
4943000 31.8553 32
4943100 31.611 32
4943200 31.7757 32
4943300 32.2285 32
4943400 32.6436 32
4943500 32.6798 32
4943600 32.2457 32
4943700 32.0012 32
4943800 32.169 32
4943900 32.1737 32
4944000 32.1417 32
4944100 32.0944 32
4944200 31.9882 32
4944300 32.1001 32
4944400 32.2779 32
4944500 32.3596 32
4944600 32.6356 32
4944700 32.8251 32
4944800 32.8375 32
4944900 32.883 32
4945000 32.5987 32
4945100 32.1274 32
4945200 32.077 32
4945300 32.1933 32
4945400 32.0619 32
4945500 32.0203 32
4945600 31.7641 32
4945700 31.8236 32
4945800 31.9661 32
4945900 32.1269 32
4946000 32.2483 32
4946100 32.3014 32
4946200 32.1111 32
4946300 31.8484 32
4946400 31.5491 32
4946500 31.5752 32
4946600 31.6498 32
4946700 31.7598 32
4946800 31.7985 32
4946900 31.7251 32
4947000 32.1077 32
4947100 32.8167 32
4947200 33.0626 32
4947300 32.7122 32
4947400 31.9738 32
4947500 31.2359 32
4947600 30.9827 32
4947700 31.1396 32
4947800 31.5648 32
4947900 32.0132 32
4948000 32.4485 32
4948100 32.694 32
4948200 32.5248 32
4948300 32.3068 32
4948400 32.0674 32
4948500 31.6865 32
4948600 31.9084 32
4948700 32.296 32
4948800 32.4171 32
4948900 32.1908 32
4949000 32.0557 32
4949100 32.1252 32
4949200 32.1282 32
4949300 31.9732 32
4949400 31.7218 32
4949500 31.6785 32
4949600 31.745 32
4949700 32.0495 32
4949800 32.4255 32
4949900 32.5316 32
4950000 32.2439 32
4950100 31.8765 32
4950200 31.63 32
4950300 31.759 32
4950400 32.1127 32
4950500 32.4808 32
4950600 32.7449 32
4950700 32.5286 32
4950800 32.1911 32
4950900 31.9378 32
4951000 31.972 32
4951100 32.0103 32
4951200 31.819 32
4951300 31.9601 32
4951400 32.048 32
4951500 32.0047 32
4951600 32.1015 32
4951700 32.1722 32
4951800 31.996 32
4951900 31.8835 32
4952000 31.7988 32
4952100 31.5672 32
4952200 31.2484 32
4952300 31.1984 32
4952400 31.395 32
4952500 31.6683 32
4952600 31.8371 32
4952700 32.1126 32
4952800 32.3682 32
4952900 32.3399 32
4953000 32.1211 32
4953100 31.8971 32
4953200 31.8465 32
4953300 31.7564 32
4953400 31.592 32
4953500 31.8478 32
4953600 32.2974 32
4953700 32.229 32
4953800 32.049 32
4953900 31.655 32
4954000 31.5286 32
4954100 31.6213 32
4954200 32.0228 32
4954300 32.2174 32
4954400 32.1167 32
4954500 32.2391 32
4954600 32.4222 32
4954700 32.3272 32
4954800 32.1499 32
4954900 32.1879 32
4955000 32.0449 32
4955100 31.6903 32
4955200 31.7608 32
4955300 32.0572 32
4955400 32.2299 32
4955500 32.1056 32
4955600 32.0824 32
4955700 32.2488 32
4955800 32.4679 32
4955900 32.4635 32
4956000 31.9897 32
4956100 31.4137 32
4956200 31.0987 32
4956300 31.3089 32
4956400 31.9133 32
4956500 32.4083 32
4956600 32.518 32
4956700 32.3182 32
4956800 32.0702 32
4956900 32.0872 32
4957000 32.3504 32
4957100 32.235 32
4957200 31.9717 32
4957300 31.6564 32
4957400 31.6842 32
4957500 32.1612 32
4957600 32.5666 32
4957700 32.5681 32
4957800 32.4242 32
4957900 32.1189 32
4958000 32.0882 32
4958100 32.2458 32
4958200 32.3939 32
4958300 32.2108 32
4958400 31.9289 32
4958500 31.6826 32
4958600 31.675 32
4958700 31.7814 32
4958800 32.1425 32
4958900 32.4019 32
4959000 32.3627 32
4959100 32.202 32
4959200 31.93 32
4959300 31.456 32
4959400 31.3214 32
4959500 31.4686 32
4959600 31.618 32
4959700 31.8144 32
4959800 31.8238 32
4959900 31.9532 32
4960000 31.9532 32
4960100 31.8388 32
4960200 31.7806 32
4960300 31.8642 32
4960400 31.8937 32
4960500 31.9512 32
4960600 31.9633 32
4960700 31.9988 32
4960800 31.8364 32
4960900 31.5971 32
4961000 31.7891 32
4961100 32.0925 32
4961200 32.2371 32
4961300 32.349 32
4961400 32.4159 32
4961500 32.2375 32
4961600 32.0657 32
4961700 32.0956 32
4961800 31.9126 32
4961900 31.6298 32
4962000 31.4873 32
4962100 31.3736 32
4962200 31.429 32
4962300 31.5768 32
4962400 32.077 32
4962500 32.4101 32
4962600 32.5088 32
4962700 32.2477 32
4962800 31.9721 32
4962900 32.0767 32
4963000 32.0494 32
4963100 32.1378 32
4963200 32.2224 32
4963300 32.1707 32
4963400 31.9493 32
4963500 31.9013 32
4963600 32.0052 32
4963700 31.9022 32
4963800 31.8836 32
4963900 31.9567 32
4964000 32.2189 32
4964100 32.2794 32
4964200 32.109 32
4964300 31.8277 32
4964400 31.4268 32
4964500 31.4525 32
4964600 31.8627 32
4964700 31.9738 32
4964800 32.1728 32
4964900 32.4303 32
4965000 32.7075 32
4965100 32.4262 32
4965200 31.9495 32
4965300 31.7259 32
4965400 31.8848 32
4965500 32.0332 32
4965600 31.9579 32
4965700 31.8785 32
4965800 31.8468 32
4965900 31.9507 32
4966000 32.011 32
4966100 32.2952 32
4966200 32.6803 32
4966300 32.6081 32
4966400 32.2895 32
4966500 32.1167 32
4966600 32.0609 32
4966700 32.016 32
4966800 31.9555 32
4966900 31.9099 32
4967000 31.842 32
4967100 31.8869 32
4967200 31.9464 32
4967300 31.8043 32
4967400 31.57 32
4967500 31.4848 32
4967600 31.7591 32
4967700 32.1261 32
4967800 32.0983 32
4967900 32.2669 32
4968000 32.3106 32
4968100 32.1 32
4968200 31.9605 32
4968300 32.0155 32
4968400 31.8403 32
4968500 31.801 32
4968600 31.9617 32
4968700 32.0098 32
4968800 31.8872 32
4968900 31.9547 32
4969000 31.9451 32
4969100 32.2385 32
4969200 32.3874 32
4969300 32.4089 32
4969400 32.097 32
4969500 31.7779 32
4969600 31.5701 32
4969700 31.4001 32
4969800 31.4533 32
4969900 31.7385 32
4970000 32.0788 32
