# Time-averaged data for fix myat1
# TimeStep v_xave v_xdes
5950100 49.7725 50
5950200 49.741 50
5950300 49.9205 50
5950400 50.088 50
5950500 50.1988 50
5950600 50.0606 50
5950700 49.7866 50
5950800 49.5645 50
5950900 49.678 50
5951000 50.2125 50
5951100 50.6417 50
5951200 50.7025 50
5951300 50.5806 50
5951400 50.5532 50
5951500 50.2995 50
5951600 49.7893 50
5951700 49.6887 50
5951800 50.0468 50
5951900 50.3991 50
5952000 50.3967 50
5952100 50.3509 50
5952200 49.9281 50
5952300 49.9056 50
5952400 50.0897 50
5952500 50.205 50
5952600 50.1984 50
5952700 49.9134 50
5952800 49.5954 50
5952900 49.4859 50
5953000 49.3213 50
5953100 49.759 50
5953200 50.2615 50
5953300 50.4087 50
5953400 50.2063 50
5953500 50.1729 50
5953600 50.1765 50
5953700 49.8694 50
5953800 49.6254 50
5953900 49.6522 50
5954000 49.7972 50
5954100 50.0132 50
5954200 50.2476 50
5954300 50.4155 50
5954400 50.0784 50
5954500 49.9115 50
5954600 50.1464 50
5954700 50.4065 50
5954800 50.4943 50
5954900 50.2798 50
5955000 50.121 50
5955100 50.1421 50
5955200 49.9361 50
5955300 49.6506 50
5955400 49.6506 50
5955500 49.864 50
5955600 49.9952 50
5955700 50.0739 50
5955800 50.101 50
5955900 50.1102 50
5956000 50.4211 50
5956100 50.6261 50
5956200 50.5416 50
5956300 50.2632 50
5956400 49.9229 50
5956500 49.7957 50
5956600 49.9461 50
5956700 49.9915 50
5956800 49.8916 50
5956900 50.0068 50
5957000 50.0532 50
5957100 49.9699 50
5957200 50.0559 50
5957300 49.9628 50
5957400 49.8211 50
5957500 49.6569 50
5957600 49.8016 50
5957700 49.8328 50
5957800 49.8351 50
5957900 50.1987 50
5958000 50.7106 50
5958100 50.785 50
5958200 50.4988 50
5958300 50.1879 50
5958400 49.9568 50
5958500 49.5994 50
5958600 49.5669 50
5958700 49.8499 50
5958800 50.0286 50
5958900 50.242 50
5959000 50.4323 50
5959100 50.2802 50
5959200 50.3144 50
5959300 50.5307 50
5959400 50.8609 50
5959500 51.1267 50
5959600 50.8984 50
5959700 50.0659 50
5959800 49.2226 50
5959900 49.1745 50
5960000 49.6631 50
5960100 50.3399 50
5960200 50.6465 50
5960300 50.696 50
5960400 50.522 50
5960500 50.2426 50
5960600 49.8157 50
5960700 49.6828 50
5960800 49.6531 50
5960900 49.6429 50
5961000 49.9658 50
5961100 50.5644 50
5961200 50.8221 50
5961300 50.5185 50
5961400 50.1371 50
5961500 49.8648 50
5961600 49.758 50
5961700 49.7226 50
5961800 49.8699 50
5961900 49.9486 50
5962000 49.7743 50
5962100 49.6488 50
5962200 49.6751 50
5962300 49.8753 50
5962400 50.1514 50
5962500 50.3416 50
5962600 50.3495 50
5962700 50.1211 50
5962800 49.7363 50
5962900 49.3041 50
5963000 49.1473 50
5963100 49.8404 50
5963200 50.3689 50
5963300 50.0924 50
5963400 49.8345 50
5963500 49.8593 50
5963600 49.6615 50
5963700 49.4864 50
5963800 49.4654 50
5963900 49.857 50
5964000 50.4426 50
5964100 50.6613 50
5964200 50.5138 50
5964300 50.0569 50
5964400 49.5333 50
5964500 49.6064 50
5964600 49.8583 50
5964700 50.1056 50
5964800 50.2264 50
5964900 50.4585 50
5965000 50.5456 50
5965100 50.5132 50
5965200 50.4963 50
5965300 50.349 50
5965400 50.258 50
5965500 49.9852 50
5965600 49.3212 50
5965700 49.1772 50
5965800 49.6403 50
5965900 50.0767 50
5966000 50.2253 50
5966100 50.1976 50
5966200 50.3028 50
5966300 50.139 50
5966400 49.8983 50
5966500 49.7689 50
5966600 49.9459 50
5966700 50.2933 50
5966800 50.4595 50
5966900 50.0294 50
5967000 49.562 50
5967100 49.253 50
5967200 49.5902 50
5967300 50.3706 50
5967400 51.0816 50
5967500 51.2407 50
5967600 50.9074 50
5967700 50.1681 50
5967800 49.6031 50
5967900 49.393 50
5968000 49.2386 50
5968100 49.1687 50
5968200 49.6821 50
5968300 50.3377 50
5968400 50.631 50
5968500 50.4041 50
5968600 50.144 50
5968700 49.7733 50
5968800 49.3777 50
5968900 49.1485 50
5969000 49.4006 50
5969100 49.951 50
5969200 50.3796 50
5969300 50.3778 50
5969400 49.8369 50
5969500 49.4113 50
5969600 49.3233 50
5969700 49.8211 50
5969800 50.7172 50
5969900 51.1745 50
5970000 51.3308 50
5970100 51.1285 50
5970200 50.8498 50
5970300 50.4028 50
5970400 49.8967 50
5970500 49.6524 50
5970600 49.6372 50
5970700 49.6679 50
5970800 49.8476 50
5970900 50.2027 50
5971000 50.4212 50
5971100 50.3046 50
5971200 49.9307 50
5971300 49.5911 50
5971400 49.3784 50
5971500 49.6869 50
5971600 49.7869 50
5971700 49.5793 50
5971800 49.5672 50
5971900 49.9116 50
5972000 50.1851 50
5972100 50.2612 50
5972200 50.2475 50
5972300 50.184 50
5972400 50.088 50
5972500 49.8598 50
5972600 49.6048 50
5972700 49.6029 50
5972800 49.7954 50
5972900 50.0892 50
5973000 50.56 50
5973100 50.9047 50
5973200 50.9065 50
5973300 50.8145 50
5973400 50.3445 50
5973500 49.8746 50
5973600 49.4752 50
5973700 49.4189 50
5973800 49.8756 50
5973900 50.4861 50
5974000 50.4948 50
5974100 50.0879 50
5974200 49.7643 50
5974300 49.6362 50
5974400 49.8819 50
5974500 50.3571 50
5974600 50.3596 50
5974700 49.686 50
5974800 49.2945 50
5974900 49.2975 50
5975000 49.5607 50
5975100 49.8826 50
5975200 50.2314 50
5975300 50.2795 50
5975400 50.2802 50
5975500 50.2657 50
5975600 50.3127 50
5975700 50.0737 50
5975800 49.779 50
5975900 49.4856 50
5976000 49.5677 50
5976100 49.9206 50
5976200 50.154 50
5976300 50.3378 50
5976400 50.2914 50
5976500 50.2192 50
5976600 50.1962 50
5976700 50.0523 50
5976800 49.8187 50
5976900 49.8086 50
5977000 49.8746 50
5977100 49.9076 50
5977200 49.6247 50
5977300 49.5668 50
5977400 49.5512 50
5977500 49.784 50
5977600 50.2123 50
5977700 50.395 50
5977800 50.0933 50
5977900 49.8439 50
5978000 49.8986 50
5978100 50.2262 50
5978200 50.2412 50
5978300 50.1472 50
5978400 49.8797 50
5978500 49.6346 50
5978600 49.7196 50
5978700 49.761 50
5978800 50.0062 50
5978900 50.2257 50
5979000 50.2139 50
5979100 50.0734 50
5979200 49.716 50
5979300 49.5279 50
5979400 49.6849 50
5979500 50.1897 50
5979600 50.6142 50
5979700 50.7823 50
5979800 50.6415 50
5979900 50.27 50
5980000 49.8096 50
5980100 49.6471 50
5980200 49.831 50
5980300 49.8991 50
5980400 50.177 50
5980500 50.6267 50
5980600 50.8879 50
5980700 50.6809 50
5980800 50.4199 50
5980900 50.0589 50
5981000 49.7812 50
5981100 49.6281 50
5981200 49.4587 50
5981300 49.5224 50
5981400 49.7794 50
5981500 49.7871 50
5981600 49.678 50
5981700 49.7974 50
5981800 50.1282 50
5981900 50.5723 50
5982000 50.8301 50
5982100 50.6555 50
5982200 50.3058 50
5982300 49.7102 50
5982400 49.1452 50
5982500 49.2213 50
5982600 49.7945 50
5982700 50.2641 50
5982800 50.3508 50
5982900 50.0332 50
5983000 49.6847 50
5983100 49.5869 50
5983200 49.9199 50
5983300 50.2164 50
5983400 50.4707 50
5983500 50.4985 50
5983600 50.2559 50
5983700 50.1353 50
5983800 49.9562 50
5983900 49.7323 50
5984000 49.4064 50
5984100 49.3469 50
5984200 49.6359 50
5984300 50.1679 50
5984400 50.4486 50
5984500 50.6225 50
5984600 50.6106 50
5984700 50.5443 50
5984800 50.4194 50
5984900 50.5874 50
5985000 50.5972 50
5985100 50.2011 50
5985200 49.9141 50
5985300 49.9415 50
5985400 49.9465 50
5985500 50.1702 50
5985600 50.3758 50
5985700 50.4302 50
5985800 50.026 50
5985900 49.7478 50
5986000 49.8612 50
5986100 49.9312 50
5986200 50.004 50
5986300 50.0724 50
5986400 49.9234 50
5986500 49.5865 50
5986600 49.5268 50
5986700 49.7426 50
5986800 49.9748 50
5986900 50.1264 50
5987000 50.3395 50
5987100 50.5382 50
5987200 50.5104 50
5987300 50.2733 50
5987400 50.1027 50
5987500 50.0974 50
5987600 50.1283 50
5987700 50.0285 50
5987800 50.0559 50
5987900 50.1942 50
5988000 50.4573 50
5988100 50.5927 50
5988200 50.1915 50
5988300 49.4954 50
5988400 49.0959 50
5988500 49.3306 50
5988600 50.2312 50
5988700 51.0818 50
5988800 51.134 50
5988900 50.5379 50
5989000 49.9117 50
5989100 49.6274 50
5989200 49.2939 50
5989300 49.3674 50
5989400 49.5187 50
5989500 49.5721 50
5989600 49.7988 50
5989700 50.1801 50
5989800 50.3351 50
5989900 50.2335 50
5990000 50.0962 50
5990100 49.9979 50
5990200 49.6745 50
5990300 49.4899 50
5990400 49.6871 50
5990500 49.8084 50
5990600 49.9393 50
5990700 50.1939 50
5990800 50.5852 50
5990900 50.6006 50
5991000 50.4804 50
5991100 50.2477 50
5991200 49.9125 50
5991300 50.0045 50
5991400 50.4676 50
5991500 50.8123 50
5991600 50.7656 50
5991700 50.2758 50
5991800 49.9602 50
5991900 49.8741 50
5992000 49.8415 50
5992100 49.8221 50
5992200 50.0017 50
5992300 50.1651 50
5992400 50.0564 50
5992500 49.8821 50
5992600 50.2262 50
5992700 50.5024 50
5992800 50.2716 50
5992900 49.907 50
5993000 49.6006 50
5993100 49.5523 50
5993200 49.7102 50
5993300 50.0656 50
5993400 50.3265 50
5993500 50.3507 50
5993600 50.1992 50
5993700 50.0219 50
5993800 49.9592 50
5993900 49.7705 50
5994000 49.9036 50
5994100 50.1777 50
5994200 50.2809 50
5994300 50.1039 50
5994400 49.7692 50
5994500 49.8882 50
5994600 50.097 50
5994700 50.0069 50
5994800 49.9579 50
5994900 49.7998 50
5995000 49.5543 50
5995100 49.85 50
5995200 50.1088 50
5995300 50.0622 50
5995400 49.6393 50
5995500 49.4049 50
5995600 49.7904 50
5995700 50.3533 50
5995800 50.3435 50
5995900 50.06 50
5996000 49.8392 50
5996100 49.8767 50
5996200 49.8619 50
5996300 49.3842 50
5996400 49.1567 50
5996500 49.4861 50
5996600 49.8824 50
5996700 50.0348 50
5996800 50.0942 50
5996900 50.0167 50
5997000 50.0316 50
5997100 49.8039 50
5997200 49.6667 50
5997300 49.4694 50
5997400 49.4256 50
5997500 49.4706 50
5997600 49.656 50
5997700 49.7679 50
5997800 49.9326 50
5997900 50.0944 50
5998000 50.0631 50
5998100 49.8551 50
5998200 49.8608 50
5998300 50.2346 50
5998400 50.4991 50
5998500 50.807 50
5998600 50.9455 50
5998700 50.6715 50
5998800 50.1919 50
5998900 49.6815 50
5999000 49.5525 50
5999100 49.9004 50
5999200 50.7047 50
5999300 51.2137 50
5999400 50.9921 50
5999500 50.4775 50
5999600 50.0927 50
5999700 49.6035 50
5999800 49.4001 50
5999900 49.5344 50
6000000 49.8768 50
6000100 50.4474 50
6000200 50.8683 50
6000300 51.096 50
6000400 50.8116 50
6000500 50.076 50
6000600 49.5354 50
6000700 49.23 50
6000800 49.2381 50
6000900 49.6799 50
6001000 50.0485 50
6001100 49.877 50
6001200 49.7675 50
6001300 49.747 50
6001400 49.4982 50
6001500 49.2005 50
6001600 49.3439 50
6001700 49.5147 50
6001800 49.5885 50
6001900 49.9011 50
6002000 49.9688 50
6002100 49.993 50
6002200 49.9296 50
6002300 49.8983 50
6002400 50.3182 50
6002500 50.6561 50
6002600 50.4829 50
6002700 50.1863 50
6002800 49.8522 50
6002900 49.7034 50
6003000 49.6507 50
6003100 49.6425 50
6003200 49.8286 50
6003300 50.2007 50
6003400 50.538 50
6003500 50.3964 50
6003600 50.011 50
6003700 49.614 50
6003800 49.2864 50
6003900 49.4119 50
6004000 49.7608 50
6004100 49.977 50
6004200 50.1167 50
6004300 50.273 50
6004400 50.2262 50
6004500 49.9881 50
6004600 49.6302 50
6004700 49.3696 50
6004800 49.2719 50
6004900 49.2093 50
6005000 49.4755 50
6005100 49.8176 50
6005200 50.1517 50
6005300 50.1837 50
6005400 49.8875 50
6005500 49.449 50
6005600 49.4282 50
6005700 49.6854 50
6005800 49.8574 50
6005900 49.9427 50
6006000 49.7397 50
6006100 49.8027 50
6006200 50.1758 50
6006300 50.3922 50
6006400 50.1707 50
6006500 49.73 50
6006600 49.4584 50
6006700 49.5651 50
6006800 50.109 50
6006900 50.5444 50
6007000 50.4048 50
6007100 50.1472 50
6007200 50.0863 50
6007300 49.9796 50
6007400 49.72 50
6007500 49.4341 50
6007600 49.7767 50
6007700 50.2349 50
6007800 50.3705 50
6007900 50.1435 50
6008000 49.7135 50
6008100 49.3673 50
6008200 49.462 50
6008300 49.7588 50
6008400 49.939 50
6008500 50.2009 50
6008600 50.4526 50
6008700 50.5606 50
6008800 50.3453 50
6008900 50.1094 50
6009000 49.8518 50
6009100 50.1017 50
6009200 50.6914 50
6009300 50.9122 50
6009400 50.5465 50
6009500 49.9385 50
6009600 49.3977 50
6009700 49.3692 50
6009800 49.6368 50
6009900 50.1054 50
6010000 50.5516 50
6010100 50.6762 50
6010200 50.1577 50
6010300 49.6146 50
6010400 49.4239 50
6010500 49.6994 50
6010600 49.9657 50
6010700 50.1259 50
6010800 50.2797 50
6010900 50.1831 50
6011000 49.9489 50
6011100 49.8236 50
6011200 49.8968 50
6011300 50.0641 50
6011400 50.1175 50
6011500 50.1298 50
6011600 50.1378 50
6011700 50.1183 50
6011800 49.9993 50
6011900 49.7071 50
6012000 49.3747 50
6012100 49.4804 50
6012200 49.7624 50
6012300 50.1077 50
6012400 50.4234 50
6012500 50.6267 50
6012600 50.5139 50
6012700 50.1546 50
6012800 49.8757 50
6012900 49.6041 50
6013000 49.4971 50
6013100 49.6825 50
6013200 49.9677 50
6013300 50.4346 50
6013400 50.6482 50
6013500 50.3676 50
6013600 50.2103 50
6013700 50.0021 50
6013800 49.8144 50
6013900 49.8198 50
6014000 50.1216 50
6014100 50.2425 50
6014200 50.0941 50
6014300 49.9364 50
6014400 49.8271 50
6014500 49.7591 50
6014600 49.9317 50
6014700 50.0745 50
6014800 50.047 50
6014900 50.1338 50
6015000 50.1672 50
6015100 50.3179 50
6015200 50.4149 50
6015300 50.2689 50
6015400 50.0693 50
6015500 49.5952 50
6015600 49.3347 50
6015700 49.4895 50
6015800 49.8591 50
6015900 50.3415 50
6016000 50.7057 50
6016100 50.6691 50
6016200 50.3279 50
6016300 49.8251 50
6016400 49.573 50
6016500 49.7369 50
6016600 50.2027 50
6016700 50.568 50
6016800 50.4898 50
6016900 50.1821 50
6017000 50.0324 50
6017100 50.0033 50
6017200 50.0282 50
6017300 49.8923 50
6017400 49.8336 50
6017500 49.8041 50
6017600 49.8786 50
6017700 49.991 50
6017800 49.8855 50
6017900 49.7548 50
6018000 49.7065 50
6018100 49.7622 50
6018200 50.0458 50
6018300 50.7916 50
6018400 51.2195 50
6018500 50.6964 50
6018600 49.6935 50
6018700 48.9932 50
6018800 49.1252 50
6018900 49.7731 50
6019000 50.065 50
6019100 50.0897 50
6019200 50.002 50
6019300 49.9727 50
6019400 50.0176 50
6019500 49.8692 50
6019600 49.9032 50
6019700 50.193 50
6019800 50.1175 50
6019900 49.6491 50
6020000 49.4252 50
6020100 49.8017 50
6020200 50.1475 50
6020300 50.2854 50
6020400 50.3042 50
6020500 50.3469 50
6020600 50.5125 50
6020700 50.4227 50
6020800 49.9984 50
6020900 49.7913 50
6021000 50.0128 50
6021100 50.1547 50
6021200 50.1501 50
6021300 50.1195 50
6021400 50.1709 50
6021500 50.5035 50
6021600 50.7095 50
6021700 50.5202 50
6021800 50.1286 50
6021900 49.9849 50
6022000 49.9954 50
6022100 49.8359 50
6022200 49.5816 50
6022300 49.4532 50
6022400 49.7133 50
6022500 49.9665 50
6022600 50.1744 50
6022700 50.3336 50
6022800 50.2281 50
6022900 49.9391 50
6023000 49.5496 50
6023100 49.4911 50
6023200 50.1024 50
6023300 50.4916 50
6023400 50.1803 50
6023500 50.0486 50
6023600 49.9701 50
6023700 49.8118 50
6023800 49.589 50
6023900 49.6064 50
6024000 49.8113 50
6024100 50.194 50
6024200 50.2725 50
6024300 49.8329 50
6024400 49.2854 50
6024500 49.2364 50
6024600 49.5944 50
6024700 49.8779 50
6024800 50.2505 50
6024900 50.3341 50
6025000 49.9482 50
6025100 49.8962 50
6025200 49.9392 50
6025300 49.8685 50
6025400 49.8212 50
6025500 49.6563 50
6025600 49.7673 50
6025700 49.9335 50
6025800 49.8993 50
6025900 49.8463 50
6026000 50.1188 50
6026100 50.2309 50
6026200 50.2223 50
6026300 50.4021 50
6026400 50.5169 50
6026500 50.4911 50
6026600 50.3682 50
6026700 50.1071 50
6026800 49.9151 50
6026900 49.7298 50
6027000 49.5566 50
6027100 49.5385 50
6027200 49.9644 50
6027300 50.1799 50
6027400 50.0779 50
6027500 49.8981 50
6027600 49.8705 50
6027700 49.6676 50
6027800 49.5478 50
6027900 49.7279 50
6028000 49.9952 50
6028100 50.4316 50
6028200 50.7586 50
6028300 50.9843 50
6028400 50.7611 50
6028500 50.39 50
6028600 50.2126 50
6028700 50.1044 50
6028800 49.7925 50
6028900 49.6665 50
6029000 49.7134 50
6029100 49.7702 50
6029200 50.0125 50
6029300 50.3466 50
6029400 50.1508 50
6029500 49.7431 50
6029600 49.4604 50
6029700 49.6511 50
6029800 49.6943 50
6029900 49.6879 50
6030000 49.9901 50
6030100 50.4059 50
6030200 50.9303 50
6030300 50.9444 50
6030400 50.5442 50
6030500 49.7963 50
6030600 49.4939 50
6030700 49.4476 50
6030800 49.4858 50
6030900 49.892 50
6031000 50.3455 50
6031100 50.5534 50
6031200 50.6323 50
6031300 50.5112 50
6031400 50.1463 50
6031500 49.8371 50
6031600 49.6402 50
6031700 49.4291 50
6031800 49.738 50
6031900 49.863 50
6032000 50.1894 50
6032100 50.4633 50
6032200 50.5685 50
6032300 50.4906 50
6032400 50.02 50
6032500 49.6647 50
6032600 49.6914 50
6032700 49.9913 50
6032800 50.0204 50
6032900 49.846 50
6033000 49.9067 50
6033100 50.2699 50
6033200 50.4965 50
6033300 50.4149 50
6033400 50.0225 50
6033500 49.8315 50
6033600 49.8269 50
6033700 49.9929 50
6033800 50.1953 50
6033900 50.1689 50
6034000 49.9344 50
6034100 49.6171 50
6034200 49.4836 50
6034300 49.7073 50
6034400 50.0312 50
6034500 50.1551 50
6034600 50.2463 50
6034700 50.1199 50
6034800 49.8787 50
6034900 49.8314 50
6035000 49.8932 50
6035100 49.7565 50
6035200 49.6783 50
6035300 49.8656 50
6035400 50.0704 50
6035500 49.9545 50
6035600 49.7735 50
6035700 50.0736 50
6035800 50.2705 50
6035900 50.1653 50
6036000 49.8794 50
6036100 49.6551 50
6036200 49.6447 50
6036300 49.682 50
6036400 49.5383 50
6036500 49.5781 50
6036600 49.7904 50
6036700 50.0445 50
6036800 50.3329 50
6036900 50.2522 50
6037000 50.099 50
6037100 50.0425 50
6037200 50.0069 50
6037300 49.9845 50
6037400 49.9226 50
6037500 50.0202 50
6037600 49.9995 50
6037700 50.2507 50
6037800 50.4253 50
6037900 50.2877 50
6038000 49.9974 50
6038100 49.4364 50
6038200 49.2223 50
6038300 49.5132 50
6038400 49.9833 50
6038500 50.3479 50
6038600 50.7552 50
6038700 50.9301 50
6038800 50.6451 50
6038900 50.3164 50
6039000 49.9388 50
6039100 49.6485 50
6039200 49.4996 50
6039300 49.7834 50
6039400 50.0677 50
6039500 49.9022 50
6039600 49.5852 50
6039700 49.6086 50
6039800 49.9418 50
6039900 50.219 50
6040000 50.3281 50
6040100 50.257 50
6040200 50.0816 50
6040300 49.7859 50
6040400 49.5971 50
6040500 49.8371 50
6040600 49.9144 50
6040700 50.0492 50
6040800 50.0535 50
6040900 49.8581 50
6041000 49.7492 50
6041100 49.7683 50
6041200 49.9647 50
6041300 50.3316 50
6041400 50.3923 50
6041500 50.4658 50
6041600 50.6006 50
6041700 50.3759 50
6041800 49.6555 50
6041900 48.9295 50
6042000 48.8577 50
6042100 49.3911 50
6042200 50.2932 50
6042300 50.9798 50
6042400 51.0336 50
6042500 50.7276 50
6042600 50.314 50
6042700 49.6897 50
6042800 49.4932 50
6042900 49.8158 50
6043000 50.0765 50
6043100 49.9474 50
6043200 49.968 50
6043300 49.9478 50
6043400 50.0191 50
6043500 50.2338 50
6043600 50.5275 50
6043700 50.3368 50
6043800 50.0174 50
6043900 49.7259 50
6044000 49.6207 50
6044100 49.7542 50
6044200 49.9041 50
6044300 50.0518 50
6044400 50.5013 50
6044500 50.3763 50
6044600 49.8421 50
6044700 49.5988 50
6044800 49.5429 50
6044900 49.6054 50
6045000 49.5408 50
6045100 49.6354 50
6045200 49.7567 50
6045300 49.8949 50
6045400 50.078 50
6045500 50.3473 50
6045600 50.3662 50
6045700 50.1733 50
6045800 49.7543 50
6045900 49.6144 50
6046000 49.8925 50
6046100 50.2731 50
6046200 50.4885 50
6046300 50.382 50
6046400 50.1207 50
6046500 49.7324 50
6046600 49.6825 50
6046700 49.8067 50
6046800 50.0052 50
6046900 50.1751 50
6047000 49.9366 50
6047100 49.7007 50
6047200 49.5183 50
6047300 49.4249 50
6047400 49.7527 50
6047500 50.24 50
6047600 50.35 50
6047700 49.9686 50
6047800 49.5516 50
6047900 49.5445 50
6048000 49.9668 50
6048100 50.2738 50
6048200 50.4942 50
6048300 50.5108 50
6048400 50.1976 50
6048500 49.836 50
6048600 49.4746 50
6048700 49.4681 50
6048800 49.7582 50
6048900 49.9837 50
6049000 50.1024 50
6049100 50.169 50
6049200 50.1424 50
6049300 50.2088 50
6049400 50.216 50
6049500 49.9755 50
6049600 49.7085 50
6049700 49.3747 50
6049800 49.2592 50
6049900 49.4271 50
6050000 49.6745 50
