# Time-averaged data for fix myat1
# TimeStep v_xave v_xdes
5230100 37.9583 38
5230200 38.7192 38
5230300 38.9679 38
5230400 38.7409 38
5230500 38.142 38
5230600 37.4978 38
5230700 37.0793 38
5230800 37.2581 38
5230900 37.6993 38
5231000 38.1346 38
5231100 38.2316 38
5231200 38.1962 38
5231300 38.232 38
5231400 38.168 38
5231500 37.8329 38
5231600 37.7556 38
5231700 37.7688 38
5231800 37.5457 38
5231900 37.4546 38
5232000 37.6424 38
5232100 38.1204 38
5232200 38.4526 38
5232300 38.3782 38
5232400 38.1961 38
5232500 38.1855 38
5232600 38.2956 38
5232700 38.3622 38
5232800 38.0656 38
5232900 37.7144 38
5233000 37.4725 38
5233100 37.571 38
5233200 37.6815 38
5233300 37.953 38
5233400 38.1586 38
5233500 38.3725 38
5233600 38.4388 38
5233700 38.3139 38
5233800 37.8707 38
5233900 37.5462 38
5234000 37.4104 38
5234100 37.7928 38
5234200 38.2087 38
5234300 38.2365 38
5234400 38.0711 38
5234500 37.9066 38
5234600 37.9798 38
5234700 38.1718 38
5234800 38.4275 38
5234900 38.5889 38
5235000 38.424 38
5235100 38.0787 38
5235200 37.7234 38
5235300 37.6937 38
5235400 37.9216 38
5235500 37.8721 38
5235600 37.611 38
5235700 37.8436 38
5235800 38.1227 38
5235900 38.0451 38
5236000 37.908 38
5236100 38.0044 38
5236200 38.2701 38
5236300 38.5253 38
5236400 38.4557 38
5236500 38.186 38
5236600 38.2936 38
5236700 38.8498 38
5236800 38.6951 38
5236900 37.8884 38
5237000 37.5009 38
5237100 37.2075 38
5237200 37.1781 38
5237300 37.5235 38
5237400 37.9432 38
5237500 38.1124 38
5237600 38.0616 38
5237700 38.0885 38
5237800 38.2165 38
5237900 38.0236 38
5238000 37.5099 38
5238100 37.3503 38
5238200 37.6226 38
5238300 38.1944 38
5238400 38.4689 38
5238500 38.3247 38
5238600 38.0327 38
5238700 37.813 38
5238800 37.4658 38
5238900 37.2068 38
5239000 37.3941 38
5239100 38.043 38
5239200 38.5384 38
5239300 38.5065 38
5239400 38.1906 38
5239500 38.0721 38
5239600 38.2022 38
5239700 38.1865 38
5239800 37.956 38
5239900 37.8982 38
5240000 38.1189 38
5240100 38.2005 38
5240200 38.1015 38
5240300 37.9744 38
5240400 38.0508 38
5240500 37.9398 38
5240600 37.6638 38
5240700 37.4026 38
5240800 37.4219 38
5240900 38.0112 38
5241000 38.4917 38
5241100 38.7846 38
5241200 38.5187 38
5241300 37.9011 38
5241400 37.3152 38
5241500 37.2679 38
5241600 37.663 38
5241700 38.1678 38
5241800 38.3117 38
5241900 38.1341 38
5242000 37.5924 38
5242100 37.2483 38
5242200 37.589 38
5242300 38.2048 38
5242400 38.4958 38
5242500 38.5177 38
5242600 38.5318 38
5242700 38.4769 38
5242800 38.3674 38
5242900 38.1205 38
5243000 37.8197 38
5243100 37.6153 38
5243200 37.6041 38
5243300 37.7318 38
5243400 37.8276 38
5243500 37.8572 38
5243600 37.6744 38
5243700 37.7202 38
5243800 37.8812 38
5243900 38.2735 38
5244000 38.2782 38
5244100 38.3054 38
5244200 38.4273 38
5244300 38.5583 38
5244400 38.3918 38
5244500 38.2826 38
5244600 38.2643 38
5244700 37.9412 38
5244800 37.7532 38
5244900 37.7932 38
5245000 37.9661 38
5245100 38.1521 38
5245200 38.2928 38
5245300 38.1259 38
5245400 37.8847 38
5245500 38.0552 38
5245600 38.2582 38
5245700 38.1589 38
5245800 37.9253 38
5245900 37.7127 38
5246000 37.8112 38
5246100 38.3226 38
5246200 38.7303 38
5246300 38.5254 38
5246400 37.9104 38
5246500 37.3415 38
5246600 37.4329 38
5246700 37.892 38
5246800 38.1851 38
5246900 38.1032 38
5247000 37.9314 38
5247100 38.0077 38
5247200 38.0523 38
5247300 38.0056 38
5247400 37.9219 38
5247500 38.0017 38
5247600 37.9861 38
5247700 37.9731 38
5247800 38.1664 38
5247900 38.4843 38
5248000 38.5186 38
5248100 38.2353 38
5248200 37.7663 38
5248300 37.4433 38
5248400 37.4874 38
5248500 37.7522 38
5248600 38.1665 38
5248700 38.2769 38
5248800 38.0001 38
5248900 37.495 38
5249000 37.1881 38
5249100 37.2173 38
5249200 37.2984 38
5249300 37.2409 38
5249400 37.2408 38
5249500 37.5519 38
5249600 38.1353 38
5249700 38.5672 38
5249800 38.5083 38
5249900 38.1172 38
5250000 37.7999 38
5250100 37.5941 38
5250200 37.6282 38
5250300 37.8055 38
5250400 37.96 38
5250500 38.0998 38
5250600 38.1661 38
5250700 38.03 38
5250800 37.9297 38
5250900 37.8768 38
5251000 38.1107 38
5251100 38.3004 38
5251200 38.1047 38
5251300 37.9695 38
5251400 38.0923 38
5251500 38.2235 38
5251600 38.1354 38
5251700 37.8708 38
5251800 37.5775 38
5251900 37.6004 38
5252000 37.8527 38
5252100 38.0765 38
5252200 38.0932 38
5252300 38.0934 38
5252400 37.9836 38
5252500 37.7474 38
5252600 37.3708 38
5252700 37.1811 38
5252800 37.8454 38
5252900 38.4861 38
5253000 38.4423 38
5253100 38.0819 38
5253200 37.6863 38
5253300 37.5399 38
5253400 37.4069 38
5253500 37.5115 38
5253600 37.7964 38
5253700 38.0287 38
5253800 38.2986 38
5253900 38.4718 38
5254000 38.0577 38
5254100 37.6123 38
5254200 37.596 38
5254300 38.0874 38
5254400 38.6636 38
5254500 38.7778 38
5254600 38.4114 38
5254700 37.9808 38
5254800 37.7346 38
5254900 37.5957 38
5255000 37.4169 38
5255100 37.581 38
5255200 37.9168 38
5255300 38.072 38
5255400 37.8388 38
5255500 37.6575 38
5255600 37.5417 38
5255700 37.5818 38
5255800 37.7417 38
5255900 38.0231 38
5256000 38.4005 38
5256100 38.6545 38
5256200 38.4957 38
5256300 38.4478 38
5256400 38.4667 38
5256500 38.1986 38
5256600 37.6815 38
5256700 37.3528 38
5256800 37.2119 38
5256900 37.4433 38
5257000 37.7656 38
5257100 38.1499 38
5257200 38.1575 38
5257300 37.951 38
5257400 37.9647 38
5257500 38.2696 38
5257600 38.5744 38
5257700 38.3741 38
5257800 38.0156 38
5257900 37.4413 38
5258000 37.4266 38
5258100 37.7974 38
5258200 37.9724 38
5258300 38.2065 38
5258400 38.3022 38
5258500 38.3108 38
5258600 38.2574 38
5258700 37.8369 38
5258800 37.5572 38
5258900 37.6033 38
5259000 37.6279 38
5259100 37.7624 38
5259200 37.9297 38
5259300 38.075 38
5259400 38.127 38
5259500 38.1169 38
5259600 37.996 38
5259700 37.8946 38
5259800 37.6802 38
5259900 37.6302 38
5260000 37.8938 38
5260100 38.1429 38
5260200 38.2572 38
5260300 38.2707 38
5260400 38.164 38
5260500 37.8206 38
5260600 37.5807 38
5260700 37.5914 38
5260800 37.581 38
5260900 37.6777 38
5261000 38.0815 38
5261100 38.4706 38
5261200 38.6466 38
5261300 38.704 38
5261400 38.3514 38
5261500 37.7101 38
5261600 37.205 38
5261700 37.1251 38
5261800 37.6501 38
5261900 38.4015 38
5262000 38.6001 38
5262100 38.4624 38
5262200 38.05 38
5262300 37.9518 38
5262400 38.0943 38
5262500 38.2333 38
5262600 38.2859 38
5262700 38.3503 38
5262800 38.324 38
5262900 38.399 38
5263000 38.629 38
5263100 38.5854 38
5263200 38.141 38
5263300 37.7089 38
5263400 37.5553 38
5263500 37.558 38
5263600 37.9912 38
5263700 38.4529 38
5263800 38.7418 38
5263900 38.6281 38
5264000 38.5918 38
5264100 38.4107 38
5264200 37.8731 38
5264300 37.4185 38
5264400 37.4354 38
5264500 37.327 38
5264600 37.2349 38
5264700 37.2856 38
5264800 37.4981 38
5264900 37.9949 38
5265000 38.1971 38
5265100 38.0169 38
5265200 37.886 38
5265300 37.8296 38
5265400 37.8885 38
5265500 37.7958 38
5265600 37.5018 38
5265700 37.0061 38
5265800 36.6245 38
5265900 37.1208 38
5266000 37.9509 38
5266100 38.5311 38
5266200 38.6833 38
5266300 38.4749 38
5266400 38.1212 38
5266500 37.971 38
5266600 38.0444 38
5266700 38.0296 38
5266800 37.8895 38
5266900 37.5056 38
5267000 37.4508 38
5267100 37.7124 38
5267200 37.9611 38
5267300 38.2271 38
5267400 38.2183 38
5267500 38.3481 38
5267600 38.5575 38
5267700 38.5201 38
5267800 38.2569 38
5267900 37.8922 38
5268000 37.8355 38
5268100 37.9953 38
5268200 38.093 38
5268300 37.9114 38
5268400 37.6855 38
5268500 37.5459 38
5268600 37.8096 38
5268700 38.32 38
5268800 38.5977 38
5268900 38.2666 38
5269000 37.6582 38
5269100 37.4189 38
5269200 37.5487 38
5269300 37.7354 38
5269400 37.8965 38
5269500 37.9305 38
5269600 37.8702 38
5269700 37.6543 38
5269800 37.699 38
5269900 37.9976 38
5270000 38.3095 38
5270100 38.3089 38
5270200 38.0635 38
5270300 37.7532 38
5270400 37.6037 38
5270500 37.575 38
5270600 37.6556 38
5270700 37.7167 38
5270800 37.8197 38
5270900 38.0556 38
5271000 38.2209 38
5271100 37.8685 38
5271200 37.3655 38
5271300 37.1353 38
5271400 37.3246 38
5271500 37.3436 38
5271600 37.5126 38
5271700 37.5778 38
5271800 37.656 38
5271900 37.8153 38
5272000 38.1072 38
5272100 38.3466 38
5272200 38.3395 38
5272300 38.2686 38
5272400 38.1489 38
5272500 38.1803 38
5272600 38.4125 38
5272700 38.9114 38
5272800 39.1548 38
5272900 38.7393 38
5273000 38.0892 38
5273100 37.4221 38
5273200 36.8955 38
5273300 36.9896 38
5273400 37.7265 38
5273500 38.3523 38
5273600 38.5814 38
5273700 38.2115 38
5273800 37.5974 38
5273900 37.1791 38
5274000 37.1935 38
5274100 37.5196 38
5274200 37.9325 38
5274300 38.3672 38
5274400 38.2638 38
5274500 38.0296 38
5274600 38.0854 38
5274700 38.6015 38
5274800 38.9356 38
5274900 38.6156 38
5275000 38.1461 38
5275100 37.7198 38
5275200 37.3607 38
5275300 37.4574 38
5275400 37.6688 38
5275500 37.8922 38
5275600 38.1047 38
5275700 38.2418 38
5275800 38.245 38
5275900 38.0529 38
5276000 38.0834 38
5276100 38.1188 38
5276200 37.9302 38
5276300 37.6271 38
5276400 37.8016 38
5276500 38.1862 38
5276600 38.0838 38
5276700 37.6202 38
5276800 37.3961 38
5276900 37.7229 38
5277000 38.2236 38
5277100 38.1833 38
5277200 37.8407 38
5277300 37.6272 38
5277400 37.7474 38
5277500 37.9857 38
5277600 38.2689 38
5277700 38.157 38
5277800 37.9018 38
5277900 37.6834 38
5278000 37.6776 38
5278100 38.2464 38
5278200 38.591 38
5278300 38.5822 38
5278400 38.125 38
5278500 37.9194 38
5278600 37.9921 38
5278700 38.223 38
5278800 38.0502 38
5278900 37.8458 38
5279000 37.8699 38
5279100 38.0155 38
5279200 38.171 38
5279300 38.3485 38
5279400 38.3927 38
5279500 38.1753 38
5279600 37.9663 38
5279700 38.0824 38
5279800 38.261 38
5279900 38.5068 38
5280000 38.5177 38
5280100 38.2176 38
5280200 37.9148 38
5280300 37.4633 38
5280400 37.2761 38
5280500 37.7032 38
5280600 38.2271 38
5280700 38.363 38
5280800 38.1335 38
5280900 37.9427 38
5281000 37.9168 38
5281100 37.784 38
5281200 37.8831 38
5281300 38.1237 38
5281400 38.3332 38
5281500 38.4248 38
5281600 38.0835 38
5281700 37.5134 38
5281800 37.3044 38
5281900 37.6227 38
5282000 38.0619 38
5282100 38.1607 38
5282200 38.0121 38
5282300 38.1003 38
5282400 38.2959 38
5282500 38.3402 38
5282600 38.3381 38
5282700 38.2296 38
5282800 38.2764 38
5282900 38.5148 38
5283000 38.5546 38
5283100 38.497 38
5283200 38.2023 38
5283300 37.9131 38
5283400 37.7865 38
5283500 37.6837 38
5283600 37.7007 38
5283700 37.5672 38
5283800 37.6283 38
5283900 38.0601 38
5284000 38.2759 38
5284100 38.2043 38
5284200 37.9535 38
5284300 37.6779 38
5284400 37.6086 38
5284500 37.7165 38
5284600 37.9934 38
5284700 38.4638 38
5284800 38.7247 38
5284900 38.4715 38
5285000 38.067 38
5285100 37.6799 38
5285200 37.2297 38
5285300 37.2462 38
5285400 37.6889 38
5285500 38.132 38
5285600 38.5554 38
5285700 38.4724 38
5285800 37.9645 38
5285900 37.5638 38
5286000 37.6461 38
5286100 37.896 38
5286200 38.1639 38
5286300 38.4264 38
5286400 38.5205 38
5286500 38.2284 38
5286600 37.8517 38
5286700 37.6268 38
5286800 37.6552 38
5286900 37.7219 38
5287000 37.7595 38
5287100 37.6938 38
5287200 38.082 38
5287300 38.6587 38
5287400 38.7702 38
5287500 38.3299 38
5287600 37.9625 38
5287700 38.1409 38
5287800 38.5184 38
5287900 38.5304 38
5288000 38.166 38
5288100 37.8972 38
5288200 37.7182 38
5288300 37.7659 38
5288400 37.9358 38
5288500 38.022 38
5288600 38.1837 38
5288700 38.2373 38
5288800 38.1541 38
5288900 38.0866 38
5289000 38.0463 38
5289100 37.7962 38
5289200 37.4733 38
5289300 37.3692 38
5289400 37.6377 38
5289500 37.9694 38
5289600 38.4185 38
5289700 38.421 38
5289800 38.4234 38
5289900 38.3249 38
5290000 38.1093 38
5290100 37.8461 38
5290200 37.6711 38
5290300 37.7399 38
5290400 37.9224 38
5290500 38.1443 38
5290600 38.2806 38
5290700 38.4052 38
5290800 38.3285 38
5290900 37.9138 38
5291000 37.5549 38
5291100 37.528 38
5291200 37.8499 38
5291300 38.0036 38
5291400 38.046 38
5291500 38.1927 38
5291600 37.9929 38
5291700 37.5381 38
5291800 37.2766 38
5291900 37.4958 38
5292000 37.7482 38
5292100 37.7831 38
5292200 37.7025 38
5292300 37.7758 38
5292400 37.8403 38
5292500 38.1504 38
5292600 38.5059 38
5292700 38.6195 38
5292800 38.2787 38
5292900 37.8402 38
5293000 37.7358 38
5293100 37.7662 38
5293200 38.0743 38
5293300 38.5621 38
5293400 38.7108 38
5293500 38.2536 38
5293600 37.6807 38
5293700 37.5456 38
5293800 37.777 38
5293900 37.9164 38
5294000 38.0205 38
5294100 37.8979 38
5294200 37.8167 38
5294300 37.8504 38
5294400 37.8655 38
5294500 38.0532 38
5294600 38.2487 38
5294700 38.4822 38
5294800 38.4761 38
5294900 38.302 38
5295000 38.3942 38
5295100 38.4165 38
5295200 38.0964 38
5295300 37.7428 38
5295400 37.6532 38
5295500 37.8574 38
5295600 37.8935 38
5295700 37.7199 38
5295800 37.7265 38
5295900 37.8254 38
5296000 37.9078 38
5296100 38.1957 38
5296200 38.4932 38
5296300 38.5529 38
5296400 38.318 38
5296500 37.9434 38
5296600 37.8819 38
5296700 38.0702 38
5296800 38.2866 38
5296900 38.4833 38
5297000 38.6375 38
5297100 38.3069 38
5297200 37.8182 38
5297300 37.6001 38
5297400 37.6628 38
5297500 37.9904 38
5297600 38.125 38
5297700 38.1032 38
5297800 38.0922 38
5297900 38.01 38
5298000 37.8109 38
5298100 37.8651 38
5298200 37.8802 38
5298300 37.9137 38
5298400 37.927 38
5298500 37.9136 38
5298600 37.9644 38
5298700 37.8674 38
5298800 38.0421 38
5298900 38.2213 38
5299000 38.1201 38
5299100 37.8966 38
5299200 37.8536 38
5299300 37.948 38
5299400 38.2341 38
5299500 38.5225 38
5299600 38.5892 38
5299700 38.4634 38
5299800 38.1421 38
5299900 38.0606 38
5300000 38.1243 38
5300100 38.1466 38
5300200 37.9688 38
5300300 38.0427 38
5300400 38.3302 38
5300500 38.397 38
5300600 38.3416 38
5300700 38.1647 38
5300800 38.1827 38
5300900 38.1405 38
5301000 37.8537 38
5301100 37.5794 38
5301200 37.3471 38
5301300 37.2257 38
5301400 37.3551 38
5301500 37.8909 38
5301600 38.3563 38
5301700 38.6339 38
5301800 38.7229 38
5301900 38.5521 38
5302000 38.2477 38
5302100 37.6718 38
5302200 37.125 38
5302300 37.1583 38
5302400 37.3585 38
5302500 37.3812 38
5302600 37.523 38
5302700 37.7412 38
5302800 38.2792 38
5302900 38.5713 38
5303000 38.4065 38
5303100 38.1525 38
5303200 38.2913 38
5303300 38.2373 38
5303400 37.7818 38
5303500 37.6485 38
5303600 37.8682 38
5303700 38.0338 38
5303800 37.9577 38
5303900 37.7604 38
5304000 37.6767 38
5304100 37.9032 38
5304200 38.0072 38
5304300 37.7937 38
5304400 37.7159 38
5304500 37.8407 38
5304600 38.3036 38
5304700 38.8512 38
5304800 39.1271 38
5304900 38.7871 38
5305000 38.064 38
5305100 37.5691 38
5305200 37.6024 38
5305300 37.8287 38
5305400 38.1028 38
5305500 38.159 38
5305600 37.7589 38
5305700 37.7184 38
5305800 38.1156 38
5305900 38.4601 38
5306000 38.1229 38
5306100 37.7856 38
5306200 38.1319 38
5306300 38.5421 38
5306400 38.7918 38
5306500 38.6731 38
5306600 38.1282 38
5306700 37.6377 38
5306800 37.754 38
5306900 38.4152 38
5307000 38.6589 38
5307100 38.3206 38
5307200 37.8953 38
5307300 37.5744 38
5307400 37.8026 38
5307500 38.1668 38
5307600 38.466 38
5307700 38.7229 38
5307800 38.5387 38
5307900 38.079 38
5308000 37.6468 38
5308100 37.5316 38
5308200 37.5938 38
5308300 37.781 38
5308400 38.052 38
5308500 38.2127 38
5308600 37.9783 38
5308700 37.8752 38
5308800 37.7539 38
5308900 37.6908 38
5309000 37.8608 38
5309100 38.0473 38
5309200 38.1192 38
5309300 37.9359 38
5309400 37.9499 38
5309500 38.0153 38
5309600 38.0474 38
5309700 38.2461 38
5309800 38.4653 38
5309900 38.351 38
5310000 38.2343 38
5310100 37.9197 38
5310200 37.4164 38
5310300 37.5104 38
5310400 38.0592 38
5310500 38.4376 38
5310600 38.3699 38
5310700 38.1564 38
5310800 38.1079 38
5310900 37.8643 38
5311000 37.5586 38
5311100 37.3389 38
5311200 37.3407 38
5311300 37.6862 38
5311400 38.26 38
5311500 38.5415 38
5311600 38.4223 38
5311700 38.1296 38
5311800 37.9162 38
5311900 37.8525 38
5312000 38.0108 38
5312100 37.961 38
5312200 37.7026 38
5312300 37.8933 38
5312400 38.209 38
5312500 38.3472 38
5312600 38.3007 38
5312700 38.1551 38
5312800 38.143 38
5312900 38.0478 38
5313000 37.8989 38
5313100 37.8452 38
5313200 37.9145 38
5313300 37.9915 38
5313400 38.1086 38
5313500 38.1116 38
5313600 38.0888 38
5313700 37.8609 38
5313800 37.6946 38
5313900 37.9151 38
5314000 38.107 38
5314100 38.2096 38
5314200 38.072 38
5314300 37.7209 38
5314400 37.5448 38
5314500 37.6335 38
5314600 37.949 38
5314700 38.0888 38
5314800 37.838 38
5314900 37.9154 38
5315000 37.9225 38
5315100 37.8738 38
5315200 37.7658 38
5315300 37.7432 38
5315400 37.6879 38
5315500 37.6122 38
5315600 37.8264 38
5315700 37.981 38
5315800 38.1245 38
5315900 38.1285 38
5316000 37.9279 38
5316100 37.7253 38
5316200 37.6051 38
5316300 37.5284 38
5316400 37.7239 38
5316500 38.0303 38
5316600 38.0856 38
5316700 37.925 38
5316800 37.5209 38
5316900 37.2893 38
5317000 37.4983 38
5317100 37.8513 38
5317200 38.1379 38
5317300 38.4492 38
5317400 38.5868 38
5317500 38.2042 38
5317600 37.6728 38
5317700 37.4974 38
5317800 37.6416 38
5317900 38.023 38
5318000 38.3171 38
5318100 38.2557 38
5318200 38.226 38
5318300 38.0635 38
5318400 37.8858 38
5318500 37.8761 38
5318600 38.0299 38
5318700 37.8967 38
5318800 37.561 38
5318900 37.3623 38
5319000 37.7197 38
5319100 38.1122 38
5319200 38.1826 38
5319300 38.1058 38
5319400 37.7356 38
5319500 37.4204 38
5319600 37.3945 38
5319700 37.6883 38
5319800 37.8738 38
5319900 38.0215 38
5320000 38.1369 38
5320100 38.4622 38
5320200 38.6819 38
5320300 38.3278 38
5320400 37.8525 38
5320500 37.3319 38
5320600 37.2373 38
5320700 37.6056 38
5320800 37.9803 38
5320900 38.0972 38
5321000 37.9542 38
5321100 37.753 38
5321200 37.7006 38
5321300 37.909 38
5321400 38.2417 38
5321500 38.192 38
5321600 38.0628 38
5321700 37.9564 38
5321800 37.9717 38
5321900 37.5887 38
5322000 36.9785 38
5322100 36.7263 38
5322200 37.1668 38
5322300 37.916 38
5322400 38.0285 38
5322500 38.0694 38
5322600 38.2357 38
5322700 38.2807 38
5322800 38.3311 38
5322900 38.1599 38
5323000 37.8299 38
5323100 37.7251 38
5323200 37.9568 38
5323300 38.0562 38
5323400 38.1306 38
5323500 38.2146 38
5323600 38.162 38
5323700 38.1859 38
5323800 38.1495 38
5323900 38.1758 38
5324000 38.1103 38
5324100 37.7866 38
5324200 37.399 38
5324300 37.4222 38
5324400 37.7881 38
5324500 38.2746 38
5324600 38.6658 38
5324700 38.9967 38
5324800 38.8759 38
5324900 38.4506 38
5325000 37.7308 38
5325100 37.3089 38
5325200 37.3175 38
5325300 37.7103 38
5325400 38.0709 38
5325500 38.3541 38
5325600 38.416 38
5325700 38.2696 38
5325800 37.9569 38
5325900 37.7938 38
5326000 37.7964 38
5326100 37.9795 38
5326200 38.1651 38
5326300 38.0713 38
5326400 37.6826 38
5326500 37.5982 38
5326600 37.6238 38
5326700 37.5613 38
5326800 37.6437 38
5326900 37.9508 38
5327000 38.4323 38
5327100 38.6112 38
5327200 38.2402 38
5327300 37.5928 38
5327400 37.2599 38
5327500 37.4012 38
5327600 38.0259 38
5327700 38.491 38
5327800 38.469 38
5327900 38.2405 38
5328000 37.7972 38
5328100 37.2613 38
5328200 37.3389 38
5328300 37.5889 38
5328400 37.7263 38
5328500 37.5402 38
5328600 37.4117 38
5328700 37.5983 38
5328800 37.7305 38
5328900 37.9535 38
5329000 37.9077 38
5329100 38.0135 38
5329200 38.3456 38
5329300 38.3917 38
5329400 38.443 38
5329500 38.4443 38
5329600 38.3743 38
5329700 38.1093 38
5329800 37.7317 38
5329900 37.6263 38
5330000 37.8226 38
