# Time-averaged data for fix myat1
# TimeStep v_xave v_xdes
6450100 10.671 10
6450200 11.2295 10
6450300 11.5564 10
6450400 11.4653 10
6450500 11.1619 10
6450600 11.3213 10
6450700 11.475 10
6450800 11.4111 10
6450900 11.1417 10
6451000 10.6832 10
6451100 10.5174 10
6451200 10.9421 10
6451300 11.4447 10
6451400 11.8131 10
6451500 11.8075 10
6451600 11.1443 10
6451700 10.5121 10
6451800 10.5735 10
6451900 11.1813 10
6452000 11.6422 10
6452100 11.8966 10
6452200 11.5235 10
6452300 11.143 10
6452400 11.0077 10
6452500 10.8612 10
6452600 10.7481 10
6452700 10.8587 10
6452800 11.0647 10
6452900 11.1546 10
6453000 11.2825 10
6453100 11.1703 10
6453200 11.0308 10
6453300 11.1887 10
6453400 11.3143 10
6453500 11.0895 10
6453600 10.9338 10
6453700 10.9068 10
6453800 10.9116 10
6453900 10.8383 10
6454000 10.9105 10
6454100 11.1235 10
6454200 11.0523 10
6454300 10.7584 10
6454400 10.7072 10
6454500 10.8745 10
6454600 11.1799 10
6454700 11.6712 10
6454800 11.7819 10
6454900 11.5403 10
6455000 11.2172 10
6455100 10.9596 10
6455200 10.8536 10
6455300 10.921 10
6455400 11.082 10
6455500 11.1087 10
6455600 11.1389 10
6455700 10.9129 10
6455800 10.9002 10
6455900 11.1193 10
6456000 11.0464 10
6456100 10.9847 10
6456200 10.9192 10
6456300 10.8531 10
6456400 10.8102 10
6456500 11.0364 10
6456600 11.3884 10
6456700 11.6148 10
6456800 11.2353 10
6456900 10.8294 10
6457000 10.9048 10
6457100 10.955 10
6457200 11.149 10
6457300 11.4509 10
6457400 11.5414 10
6457500 11.2711 10
6457600 10.8025 10
6457700 10.4757 10
6457800 10.7817 10
6457900 11.2454 10
6458000 11.4179 10
6458100 11.1428 10
6458200 10.8118 10
6458300 10.7091 10
6458400 10.7069 10
6458500 10.8532 10
6458600 10.9969 10
6458700 10.9662 10
6458800 10.9552 10
6458900 11.06 10
6459000 11.5075 10
6459100 11.715 10
6459200 11.5137 10
6459300 11.2753 10
6459400 11.1752 10
6459500 11.0266 10
6459600 11.0778 10
6459700 11.4219 10
6459800 11.6443 10
6459900 11.4954 10
6460000 11.1313 10
6460100 10.7139 10
6460200 10.8212 10
6460300 11.2652 10
6460400 11.6022 10
6460500 11.5089 10
6460600 11.1566 10
6460700 10.9967 10
6460800 11.3011 10
6460900 11.615 10
6461000 11.5197 10
6461100 11.1616 10
6461200 11.1231 10
6461300 11.174 10
6461400 11.1436 10
6461500 11.4587 10
6461600 11.8473 10
6461700 11.8496 10
6461800 11.4532 10
6461900 10.7872 10
6462000 10.4139 10
6462100 10.3402 10
6462200 10.8461 10
6462300 11.3848 10
6462400 11.7305 10
6462500 11.5879 10
6462600 11.4081 10
6462700 11.2406 10
6462800 11.0249 10
6462900 10.7974 10
6463000 10.8101 10
6463100 10.9097 10
6463200 11.1781 10
6463300 11.5237 10
6463400 11.406 10
6463500 10.867 10
6463600 10.5639 10
6463700 10.4424 10
6463800 10.7903 10
6463900 11.2156 10
6464000 11.3413 10
6464100 11.3618 10
6464200 11.4086 10
6464300 11.2181 10
6464400 11.1976 10
6464500 11.2213 10
6464600 11.2566 10
6464700 11.1397 10
6464800 11.0892 10
6464900 10.97 10
6465000 10.9558 10
6465100 11.3337 10
6465200 11.4914 10
6465300 11.3102 10
6465400 11.0201 10
6465500 10.869 10
6465600 10.7975 10
6465700 10.9322 10
6465800 11.1474 10
6465900 11.2225 10
6466000 11.08 10
6466100 11.0762 10
6466200 11.1433 10
6466300 11.2493 10
6466400 11.1855 10
6466500 11.1547 10
6466600 11.2258 10
6466700 11.349 10
6466800 11.4592 10
6466900 11.4772 10
6467000 11.3607 10
6467100 11.2418 10
6467200 11.1113 10
6467300 11.2194 10
6467400 11.4511 10
6467500 11.5788 10
6467600 11.4963 10
6467700 11.133 10
6467800 10.7448 10
6467900 10.9197 10
6468000 11.1971 10
6468100 11.2059 10
6468200 11.336 10
6468300 11.2693 10
6468400 11.0116 10
6468500 10.9042 10
6468600 11.2034 10
6468700 11.706 10
6468800 11.6801 10
6468900 11.3336 10
6469000 11.0237 10
6469100 10.9962 10
6469200 10.9191 10
6469300 10.796 10
6469400 11.0357 10
6469500 11.3584 10
6469600 11.4868 10
6469700 11.59 10
6469800 11.5371 10
6469900 11.3519 10
6470000 10.9827 10
6470100 10.8853 10
6470200 10.9751 10
6470300 10.9429 10
6470400 10.8343 10
6470500 10.8624 10
6470600 11.3465 10
6470700 11.6523 10
6470800 11.3989 10
6470900 10.9318 10
6471000 10.5323 10
6471100 10.5503 10
6471200 11.1422 10
6471300 11.4847 10
6471400 11.3221 10
6471500 11.0882 10
6471600 11.2047 10
6471700 11.4142 10
6471800 11.4904 10
6471900 11.229 10
6472000 10.9944 10
6472100 10.8549 10
6472200 11.1606 10
6472300 11.4534 10
6472400 11.4076 10
6472500 11.166 10
6472600 10.9211 10
6472700 10.6297 10
6472800 10.7073 10
6472900 10.8939 10
6473000 11.0078 10
6473100 11.1102 10
6473200 11.017 10
6473300 10.7485 10
6473400 10.4332 10
6473500 10.5697 10
6473600 10.8784 10
6473700 11.2373 10
6473800 11.2656 10
6473900 10.9055 10
6474000 10.7264 10
6474100 11.0199 10
6474200 11.2106 10
6474300 11.4683 10
6474400 11.7064 10
6474500 11.6174 10
6474600 11.0677 10
6474700 10.7035 10
6474800 10.9821 10
6474900 11.4397 10
6475000 11.3671 10
6475100 10.9797 10
6475200 10.9321 10
6475300 11.0686 10
6475400 11.1729 10
6475500 11.3124 10
6475600 11.4456 10
6475700 11.3274 10
6475800 10.9857 10
6475900 10.9814 10
6476000 11.1496 10
6476100 10.9932 10
6476200 10.8814 10
6476300 10.987 10
6476400 11.2841 10
6476500 11.3747 10
6476600 11.1002 10
6476700 10.7981 10
6476800 10.9068 10
6476900 11.0928 10
6477000 11.0813 10
6477100 10.8811 10
6477200 10.7352 10
6477300 10.9873 10
6477400 11.2267 10
6477500 11.2505 10
6477600 11.1515 10
6477700 11.232 10
6477800 11.166 10
6477900 11.2661 10
6478000 11.3068 10
6478100 11.0447 10
6478200 10.7471 10
6478300 10.5782 10
6478400 10.6803 10
6478500 11.1576 10
6478600 11.3611 10
6478700 11.5345 10
6478800 11.598 10
6478900 11.5877 10
6479000 11.2961 10
6479100 10.8551 10
6479200 10.7838 10
6479300 11.0047 10
6479400 11.1451 10
6479500 11.079 10
6479600 10.8995 10
6479700 10.6937 10
6479800 10.5774 10
6479900 10.7709 10
6480000 11.0384 10
6480100 11.2875 10
6480200 11.5617 10
6480300 11.519 10
6480400 11.2595 10
6480500 11.0349 10
6480600 10.8222 10
6480700 11.044 10
6480800 11.5212 10
6480900 11.3966 10
6481000 11.0668 10
6481100 10.7791 10
6481200 10.7773 10
6481300 10.9599 10
6481400 11.2633 10
6481500 11.347 10
6481600 11.4565 10
6481700 11.4433 10
6481800 11.3907 10
6481900 11.1777 10
6482000 10.805 10
6482100 10.628 10
6482200 10.5674 10
6482300 10.7453 10
6482400 11.1213 10
6482500 11.2407 10
6482600 11.4366 10
6482700 11.5888 10
6482800 11.4877 10
6482900 11.2294 10
6483000 10.9728 10
6483100 11.1181 10
6483200 11.1153 10
6483300 11.0442 10
6483400 11.2676 10
6483500 11.3694 10
6483600 11.0912 10
6483700 10.6835 10
6483800 10.6483 10
6483900 10.7323 10
6484000 10.8351 10
6484100 11.0434 10
6484200 11.3522 10
6484300 11.6965 10
6484400 11.6861 10
6484500 11.178 10
6484600 10.7578 10
6484700 11.0785 10
6484800 11.471 10
6484900 11.4494 10
6485000 11.1084 10
6485100 11.0061 10
6485200 11.0302 10
6485300 11.1609 10
6485400 11.1018 10
6485500 10.8716 10
6485600 10.7077 10
6485700 10.8313 10
6485800 11.1062 10
6485900 11.2521 10
6486000 11.3458 10
6486100 11.156 10
6486200 10.9229 10
6486300 10.938 10
6486400 11.2202 10
6486500 11.351 10
6486600 11.2892 10
6486700 11.3723 10
6486800 11.3853 10
6486900 11.171 10
6487000 11.0284 10
6487100 11.2779 10
6487200 11.4681 10
6487300 11.4558 10
6487400 11.1272 10
6487500 10.9373 10
6487600 11.037 10
6487700 11.1652 10
6487800 11.1859 10
6487900 11.1012 10
6488000 11.0226 10
6488100 11.1106 10
6488200 11.2016 10
6488300 11.052 10
6488400 10.8817 10
6488500 10.7251 10
6488600 10.6275 10
6488700 10.8542 10
6488800 11.0224 10
6488900 10.8136 10
6489000 10.7764 10
6489100 10.9557 10
6489200 11.2946 10
6489300 11.4356 10
6489400 11.4289 10
6489500 11.12 10
6489600 10.6046 10
6489700 10.2942 10
6489800 10.5543 10
6489900 11.3183 10
6490000 11.5268 10
6490100 11.1721 10
6490200 10.9477 10
6490300 11.0285 10
6490400 11.3294 10
6490500 11.757 10
6490600 11.7766 10
6490700 11.6242 10
6490800 11.2558 10
6490900 10.7516 10
6491000 10.7022 10
6491100 11.0229 10
6491200 11.3135 10
6491300 11.2766 10
6491400 11.3255 10
6491500 11.3848 10
6491600 11.2225 10
6491700 10.9797 10
6491800 10.9905 10
6491900 11.1704 10
6492000 11.2688 10
6492100 11.2188 10
6492200 10.9861 10
6492300 10.976 10
6492400 11.067 10
6492500 11.1932 10
6492600 11.4519 10
6492700 11.5485 10
6492800 11.2899 10
6492900 11.0661 10
6493000 10.8831 10
6493100 10.7872 10
6493200 11.1449 10
6493300 11.4048 10
6493400 11.0747 10
6493500 10.8665 10
6493600 10.9649 10
6493700 11.3555 10
6493800 11.3066 10
6493900 10.8021 10
6494000 10.8627 10
6494100 11.1137 10
6494200 11.4654 10
6494300 11.43 10
6494400 11.2254 10
6494500 10.8656 10
6494600 10.8136 10
6494700 10.8155 10
6494800 11.0713 10
6494900 11.285 10
6495000 11.3947 10
6495100 11.0995 10
6495200 11.1348 10
6495300 11.0872 10
6495400 10.6418 10
6495500 10.4237 10
6495600 10.8376 10
6495700 11.6643 10
6495800 11.9777 10
6495900 11.5956 10
6496000 10.9348 10
6496100 10.4382 10
6496200 10.5157 10
6496300 10.9683 10
6496400 11.1156 10
6496500 10.9712 10
6496600 10.8402 10
6496700 10.976 10
6496800 11.1374 10
6496900 11.3249 10
6497000 11.4295 10
6497100 11.3481 10
6497200 11.3283 10
6497300 11.4342 10
6497400 11.4925 10
6497500 10.9999 10
6497600 10.3139 10
6497700 10.3566 10
6497800 10.8279 10
6497900 11.1315 10
6498000 11.4399 10
6498100 11.6718 10
6498200 11.4624 10
6498300 10.9387 10
6498400 10.5792 10
6498500 10.2389 10
6498600 10.4446 10
6498700 11.0516 10
6498800 11.4301 10
6498900 11.2927 10
6499000 10.7827 10
6499100 10.7101 10
6499200 11.0752 10
6499300 11.5837 10
6499400 11.8275 10
6499500 11.6377 10
6499600 10.9936 10
6499700 10.588 10
6499800 10.8376 10
6499900 11.1453 10
6500000 11.2797 10
6500100 11.2922 10
6500200 11.4092 10
6500300 11.4508 10
6500400 11.2427 10
6500500 11.0455 10
6500600 10.9949 10
6500700 11.0925 10
6500800 11.2714 10
6500900 11.2305 10
6501000 11.4483 10
6501100 11.4115 10
6501200 11.0861 10
6501300 10.8635 10
6501400 10.7811 10
6501500 10.8147 10
6501600 11.0443 10
6501700 11.586 10
6501800 11.8315 10
6501900 11.6821 10
6502000 11.4443 10
6502100 11.1118 10
6502200 10.8234 10
6502300 10.9855 10
6502400 11.2229 10
6502500 11.1117 10
6502600 10.8132 10
6502700 10.8545 10
6502800 11.3401 10
6502900 11.5808 10
6503000 11.4137 10
6503100 10.8367 10
6503200 10.7184 10
6503300 11.2059 10
6503400 11.6385 10
6503500 11.6439 10
6503600 10.9534 10
6503700 10.4367 10
6503800 10.4831 10
6503900 10.8017 10
6504000 11.2955 10
6504100 11.6288 10
6504200 11.6249 10
6504300 11.05 10
6504400 10.4464 10
6504500 10.5272 10
6504600 11.109 10
6504700 11.6976 10
6504800 11.8441 10
6504900 11.4153 10
6505000 10.7772 10
6505100 10.56 10
6505200 10.7753 10
6505300 11.1821 10
6505400 11.7699 10
6505500 12.2907 10
6505600 12.4553 10
6505700 11.6985 10
6505800 10.7198 10
6505900 10.6533 10
6506000 11.3048 10
6506100 11.7162 10
6506200 11.6324 10
6506300 11.2893 10
6506400 10.6948 10
6506500 10.2948 10
6506600 10.3082 10
6506700 10.5835 10
6506800 11.2591 10
6506900 11.7778 10
6507000 11.6531 10
6507100 11.3064 10
6507200 10.9118 10
6507300 10.8597 10
6507400 11.1531 10
6507500 11.3787 10
6507600 11.3632 10
6507700 11.2494 10
6507800 11.0404 10
6507900 10.7605 10
6508000 10.8786 10
6508100 11.2478 10
6508200 11.5692 10
6508300 11.4478 10
6508400 11.1329 10
6508500 10.6908 10
6508600 10.7266 10
6508700 11.0993 10
6508800 11.4913 10
6508900 11.6342 10
6509000 11.5591 10
6509100 11.2412 10
6509200 11.0328 10
6509300 10.7872 10
6509400 10.8597 10
6509500 11.0176 10
6509600 11.1073 10
6509700 11.1411 10
6509800 11.0104 10
6509900 10.6506 10
6510000 10.602 10
6510100 10.7871 10
6510200 10.8031 10
6510300 10.9811 10
6510400 11.2433 10
6510500 11.1551 10
6510600 10.9093 10
6510700 10.8126 10
6510800 10.907 10
6510900 11.0968 10
6511000 11.1899 10
6511100 11.3333 10
6511200 11.0867 10
6511300 10.6436 10
6511400 10.5813 10
6511500 10.9878 10
6511600 11.273 10
6511700 11.3861 10
6511800 11.2503 10
6511900 10.8208 10
6512000 10.7445 10
6512100 10.9876 10
6512200 11.0199 10
6512300 11.1341 10
6512400 11.0715 10
6512500 10.7911 10
6512600 10.8816 10
6512700 11.1943 10
6512800 11.3187 10
6512900 10.9302 10
6513000 10.7563 10
6513100 10.7437 10
6513200 10.7743 10
6513300 10.9006 10
6513400 11.2655 10
6513500 11.5395 10
6513600 11.6828 10
6513700 11.5031 10
6513800 11.0631 10
6513900 10.8182 10
6514000 10.8903 10
6514100 11.318 10
6514200 11.5718 10
6514300 11.3454 10
6514400 11.1425 10
6514500 10.9306 10
6514600 11.0082 10
6514700 11.1381 10
6514800 11.331 10
6514900 11.6106 10
6515000 11.6786 10
6515100 11.2981 10
6515200 10.8821 10
6515300 10.6051 10
6515400 10.7683 10
6515500 11.3539 10
6515600 11.3925 10
6515700 10.9714 10
6515800 10.6159 10
6515900 10.8822 10
6516000 11.3654 10
6516100 11.864 10
6516200 11.8692 10
6516300 11.0448 10
6516400 10.1165 10
6516500 9.97172 10
6516600 10.742 10
6516700 11.6838 10
6516800 11.7539 10
6516900 11.1413 10
6517000 10.7235 10
6517100 10.8852 10
6517200 11.328 10
6517300 11.7731 10
6517400 11.5605 10
6517500 10.7917 10
6517600 10.4959 10
6517700 11.125 10
6517800 11.9082 10
6517900 12.1771 10
6518000 11.7044 10
6518100 11.0733 10
6518200 10.796 10
6518300 10.7815 10
6518400 10.9636 10
6518500 11.1038 10
6518600 10.8581 10
6518700 10.7598 10
6518800 11.2374 10
6518900 11.8177 10
6519000 11.7875 10
6519100 11.2148 10
6519200 10.8184 10
6519300 11.1704 10
6519400 11.5792 10
6519500 11.7279 10
6519600 11.3577 10
6519700 10.8916 10
6519800 10.7335 10
6519900 10.7882 10
6520000 10.9761 10
6520100 11.0112 10
6520200 11.11 10
6520300 11.1799 10
6520400 11.2036 10
6520500 11.3068 10
6520600 11.431 10
6520700 11.2813 10
6520800 10.905 10
6520900 10.8363 10
6521000 10.874 10
6521100 10.8585 10
6521200 11.1216 10
6521300 11.5071 10
6521400 11.5262 10
6521500 11.4009 10
6521600 11.142 10
6521700 10.9118 10
6521800 10.8613 10
6521900 10.9084 10
6522000 10.8682 10
6522100 10.727 10
6522200 10.5637 10
6522300 10.5998 10
6522400 10.8886 10
6522500 11.0705 10
6522600 11.1646 10
6522700 11.0121 10
6522800 10.8028 10
6522900 10.7955 10
6523000 10.9146 10
6523100 11.2288 10
6523200 11.5239 10
6523300 11.487 10
6523400 11.2148 10
6523500 11.0267 10
6523600 11.06 10
6523700 11.2164 10
6523800 11.0563 10
6523900 10.6633 10
6524000 10.5119 10
6524100 10.9118 10
6524200 11.2093 10
6524300 10.9889 10
6524400 10.5546 10
6524500 10.4748 10
6524600 10.8702 10
6524700 11.2659 10
6524800 11.1672 10
6524900 10.7704 10
6525000 10.5819 10
6525100 11.043 10
6525200 11.9121 10
6525300 12.1785 10
6525400 11.6484 10
6525500 10.9931 10
6525600 10.5584 10
6525700 10.6475 10
6525800 10.9754 10
6525900 11.0697 10
6526000 11.0332 10
6526100 11.0107 10
6526200 11.1021 10
6526300 11.0458 10
6526400 10.9186 10
6526500 11.0391 10
6526600 11.4258 10
6526700 11.5799 10
6526800 11.373 10
6526900 10.9304 10
6527000 10.5648 10
6527100 10.7426 10
6527200 10.9809 10
6527300 11.1671 10
6527400 11.3615 10
6527500 11.2812 10
6527600 11.2223 10
6527700 10.9407 10
6527800 10.8193 10
6527900 11.1884 10
6528000 11.5631 10
6528100 11.3284 10
6528200 10.8891 10
6528300 10.5908 10
6528400 10.7468 10
6528500 11.165 10
6528600 11.4432 10
6528700 11.2574 10
6528800 11.0294 10
6528900 11.0788 10
6529000 11.2883 10
6529100 11.2242 10
6529200 10.9577 10
6529300 10.9628 10
6529400 10.9971 10
6529500 11.1149 10
6529600 11.2232 10
6529700 11.0024 10
6529800 10.8864 10
6529900 10.9763 10
6530000 11.2866 10
6530100 11.3314 10
6530200 11.1708 10
6530300 11.0064 10
6530400 10.9384 10
6530500 10.9514 10
6530600 11.1976 10
6530700 11.4856 10
6530800 11.3871 10
6530900 11.0622 10
6531000 10.7699 10
6531100 10.7872 10
6531200 10.9861 10
6531300 11.2212 10
6531400 11.3088 10
6531500 11.284 10
6531600 11.0825 10
6531700 11.0086 10
6531800 11.1503 10
6531900 11.1357 10
6532000 10.933 10
6532100 10.7159 10
6532200 10.7423 10
6532300 10.9691 10
6532400 11.3073 10
6532500 11.4549 10
6532600 11.5056 10
6532700 11.3434 10
6532800 11.0624 10
6532900 10.8547 10
6533000 11.1172 10
6533100 11.5295 10
6533200 11.5875 10
6533300 11.3641 10
6533400 11.2349 10
6533500 10.9807 10
6533600 10.7479 10
6533700 10.878 10
6533800 11.2761 10
6533900 11.3531 10
6534000 11.087 10
6534100 11.0227 10
6534200 11.0626 10
6534300 11.0886 10
6534400 11.0764 10
6534500 11.194 10
6534600 11.2724 10
6534700 11.2442 10
6534800 10.9549 10
6534900 10.601 10
6535000 10.6513 10
6535100 10.8782 10
6535200 11.1181 10
6535300 11.2185 10
6535400 11.114 10
6535500 10.8041 10
6535600 10.7772 10
6535700 11.0538 10
6535800 11.4491 10
6535900 11.8013 10
6536000 11.6039 10
6536100 11.1575 10
6536200 10.8012 10
6536300 10.9236 10
6536400 11.3908 10
6536500 11.585 10
6536600 11.0779 10
6536700 10.8687 10
6536800 10.8983 10
6536900 11.0571 10
6537000 11.2852 10
6537100 11.65 10
6537200 11.4633 10
6537300 10.7787 10
6537400 10.3399 10
6537500 10.6901 10
6537600 11.1946 10
6537700 11.6961 10
6537800 11.4887 10
6537900 11.0831 10
6538000 10.8879 10
6538100 10.8539 10
6538200 10.9693 10
6538300 11.0884 10
6538400 11.0054 10
6538500 11.0494 10
6538600 11.3087 10
6538700 11.4003 10
6538800 11.1108 10
6538900 10.8973 10
6539000 11.1255 10
6539100 11.4175 10
6539200 11.4736 10
6539300 11.3808 10
6539400 11.075 10
6539500 10.6631 10
6539600 10.8314 10
6539700 11.2262 10
6539800 11.3991 10
6539900 11.4034 10
6540000 11.2896 10
6540100 10.743 10
6540200 10.4422 10
6540300 10.8142 10
6540400 11.4195 10
6540500 11.4591 10
6540600 10.972 10
6540700 10.7413 10
6540800 10.9087 10
6540900 11.118 10
6541000 11.3651 10
6541100 11.2343 10
6541200 10.9181 10
6541300 11.0393 10
6541400 11.3552 10
6541500 11.6282 10
6541600 11.551 10
6541700 11.49 10
6541800 11.2081 10
6541900 10.8422 10
6542000 10.7265 10
6542100 10.9001 10
6542200 11.2851 10
6542300 11.0385 10
6542400 10.5981 10
6542500 10.68 10
6542600 10.9282 10
6542700 11.3227 10
6542800 11.3633 10
6542900 11.175 10
6543000 10.9377 10
6543100 10.9138 10
6543200 10.971 10
6543300 11.142 10
6543400 11.0806 10
6543500 10.8692 10
6543600 10.9537 10
6543700 11.0941 10
6543800 10.9142 10
6543900 10.7653 10
6544000 10.7906 10
6544100 10.6932 10
6544200 10.7099 10
6544300 10.9823 10
6544400 11.2204 10
6544500 11.5162 10
6544600 11.6035 10
6544700 10.9966 10
6544800 10.7275 10
6544900 10.8063 10
6545000 11.0987 10
6545100 11.5492 10
6545200 11.7692 10
6545300 11.6963 10
6545400 11.3686 10
6545500 11.0183 10
6545600 10.8309 10
6545700 10.9796 10
6545800 11.5013 10
6545900 11.8741 10
6546000 11.9077 10
6546100 11.644 10
6546200 11.0957 10
6546300 10.6971 10
6546400 10.6559 10
6546500 10.9385 10
6546600 11.1713 10
6546700 11.437 10
6546800 11.4681 10
6546900 11.1624 10
6547000 11.0096 10
6547100 10.8018 10
6547200 10.9218 10
6547300 11.1012 10
6547400 11.2584 10
6547500 11.4226 10
6547600 11.4684 10
6547700 11.2778 10
6547800 10.7887 10
6547900 10.6164 10
6548000 10.819 10
6548100 11.097 10
6548200 11.4065 10
6548300 11.399 10
6548400 11.1785 10
6548500 10.9268 10
6548600 10.6257 10
6548700 10.5086 10
6548800 10.7619 10
6548900 11.3354 10
6549000 11.637 10
6549100 11.5527 10
6549200 11.1537 10
6549300 10.8491 10
6549400 10.6036 10
6549500 10.7075 10
6549600 11.0817 10
6549700 11.5784 10
6549800 11.6931 10
6549900 11.3007 10
6550000 10.9506 10
6550100 10.8188 10
6550200 10.67 10
6550300 10.8694 10
6550400 11.1622 10
6550500 11.2674 10
6550600 11.0463 10
6550700 10.9749 10
6550800 11.1063 10
6550900 11.1373 10
6551000 11.0588 10
6551100 11.2323 10
6551200 11.2664 10
6551300 11.4949 10
6551400 11.4025 10
6551500 11.3962 10
6551600 11.4185 10
6551700 11.3244 10
6551800 11.0146 10
6551900 10.8345 10
6552000 11.2004 10
6552100 11.4781 10
6552200 11.4579 10
6552300 11.1081 10
6552400 10.7663 10
6552500 10.809 10
6552600 11.1912 10
6552700 11.4499 10
6552800 11.5458 10
6552900 11.3018 10
6553000 10.9969 10
6553100 10.8508 10
6553200 10.8608 10
6553300 10.8262 10
6553400 10.6872 10
6553500 10.9129 10
6553600 11.3248 10
6553700 11.7409 10
6553800 11.7832 10
6553900 11.3585 10
6554000 10.9848 10
6554100 11.1218 10
6554200 11.2999 10
6554300 11.302 10
6554400 11.1057 10
6554500 11.0067 10
6554600 11.0385 10
6554700 11.123 10
6554800 11.0958 10
6554900 10.948 10
6555000 10.7743 10
6555100 10.8779 10
6555200 11.0145 10
6555300 11.0232 10
6555400 11.1962 10
6555500 11.4394 10
6555600 11.5387 10
6555700 11.4608 10
6555800 11.2448 10
6555900 10.9528 10
6556000 10.9364 10
6556100 11.3124 10
6556200 11.3601 10
6556300 11.1098 10
6556400 11.0911 10
6556500 11.4157 10
6556600 11.5306 10
6556700 11.3747 10
6556800 11.1515 10
6556900 10.8618 10
6557000 10.6941 10
6557100 10.7958 10
6557200 11.068 10
6557300 11.0964 10
6557400 10.9133 10
6557500 11.0078 10
6557600 11.1418 10
6557700 11.3763 10
6557800 11.5896 10
6557900 11.2665 10
6558000 10.916 10
6558100 10.8564 10
6558200 11.0758 10
6558300 11.4137 10
6558400 11.5214 10
6558500 11.3314 10
6558600 11.2084 10
6558700 11.084 10
6558800 10.9355 10
6558900 10.5395 10
6559000 10.4495 10
6559100 10.8838 10
6559200 11.3701 10
6559300 11.5282 10
6559400 11.3038 10
6559500 10.8123 10
6559600 10.5226 10
6559700 10.7442 10
6559800 11.0613 10
6559900 11.0888 10
6560000 10.9004 10
6560100 10.6786 10
6560200 10.7222 10
6560300 11.1642 10
6560400 11.3022 10
6560500 11.1764 10
6560600 11.0652 10
6560700 11.2524 10
6560800 11.3997 10
6560900 11.536 10
6561000 11.5786 10
6561100 11.3893 10
6561200 11.2674 10
6561300 11.3586 10
6561400 11.541 10
6561500 11.5773 10
6561600 11.3692 10
6561700 11.203 10
6561800 10.8891 10
6561900 10.7027 10
6562000 10.9764 10
6562100 11.2996 10
6562200 11.4134 10
6562300 11.5233 10
6562400 11.5236 10
6562500 10.9924 10
6562600 10.4783 10
6562700 10.2867 10
6562800 10.8117 10
6562900 11.3329 10
6563000 11.4091 10
6563100 11.1117 10
6563200 11.0171 10
6563300 10.7849 10
6563400 10.6514 10
6563500 10.8653 10
6563600 11.0065 10
6563700 11.2056 10
6563800 11.179 10
6563900 11.1079 10
6564000 10.9951 10
6564100 10.9921 10
6564200 11.3984 10
6564300 11.5921 10
6564400 11.3475 10
6564500 10.9592 10
6564600 10.8449 10
6564700 10.6409 10
6564800 10.5971 10
6564900 10.656 10
6565000 10.8816 10
6565100 11.0971 10
6565200 11.4075 10
6565300 11.6515 10
6565400 11.6684 10
6565500 11.4646 10
6565600 11.4614 10
6565700 11.6476 10
6565800 11.6664 10
6565900 11.1692 10
6566000 10.9149 10
6566100 10.7856 10
6566200 10.7673 10
6566300 10.8211 10
6566400 10.7504 10
6566500 10.738 10
6566600 11.1058 10
6566700 11.5426 10
6566800 11.6442 10
6566900 11.2773 10
6567000 10.7222 10
6567100 10.5443 10
6567200 11.0537 10
6567300 11.8305 10
6567400 12.0179 10
6567500 11.6387 10
6567600 11.0447 10
6567700 10.8152 10
6567800 11.1913 10
6567900 11.7773 10
6568000 11.9761 10
6568100 11.6779 10
6568200 11.3599 10
6568300 11.1004 10
6568400 11.092 10
6568500 11.1231 10
6568600 10.847 10
6568700 10.9848 10
6568800 11.5097 10
6568900 11.781 10
6569000 11.6085 10
6569100 11.2344 10
6569200 10.8534 10
6569300 10.9819 10
6569400 11.4363 10
6569500 11.6374 10
6569600 11.4067 10
6569700 11.1198 10
6569800 11.1666 10
6569900 11.2956 10
6570000 11.1766 10
6570100 10.9612 10
6570200 10.9802 10
6570300 11.1015 10
6570400 11.2362 10
6570500 11.2463 10
6570600 11.0605 10
6570700 11.1483 10
6570800 11.0957 10
6570900 10.8316 10
6571000 10.8011 10
6571100 11.0138 10
6571200 10.9493 10
6571300 10.6926 10
6571400 10.6768 10
6571500 10.8124 10
6571600 11.1117 10
6571700 11.3253 10
6571800 11.4443 10
6571900 11.5176 10
6572000 11.3129 10
6572100 11.1515 10
6572200 11.0635 10
6572300 10.9649 10
6572400 10.9962 10
6572500 11.3017 10
6572600 11.5287 10
6572700 11.3919 10
6572800 10.9972 10
6572900 10.8668 10
6573000 10.8903 10
6573100 11.0901 10
6573200 11.2811 10
6573300 11.1629 10
6573400 10.8688 10
6573500 10.7654 10
6573600 10.8521 10
6573700 11.0485 10
6573800 11.5012 10
6573900 11.6687 10
6574000 11.4536 10
6574100 11.3323 10
6574200 11.375 10
6574300 11.3006 10
6574400 10.9991 10
6574500 10.4633 10
6574600 10.274 10
6574700 10.6874 10
6574800 11.3265 10
6574900 11.8899 10
6575000 11.8566 10
6575100 11.5065 10
6575200 11.2568 10
6575300 11.1264 10
6575400 11.0697 10
6575500 11.0372 10
6575600 11.0139 10
6575700 10.9733 10
6575800 10.9718 10
6575900 11.1391 10
6576000 11.1912 10
6576100 11.3186 10
6576200 11.288 10
6576300 11.063 10
6576400 11.2421 10
6576500 11.4474 10
6576600 11.3755 10
6576700 10.9935 10
6576800 10.6356 10
6576900 10.6841 10
6577000 10.9603 10
6577100 11.077 10
6577200 10.8108 10
6577300 10.6216 10
6577400 10.9268 10
6577500 11.1472 10
6577600 11.3115 10
6577700 11.4709 10
6577800 11.253 10
6577900 10.8977 10
6578000 10.6452 10
6578100 10.8933 10
6578200 11.349 10
6578300 11.3698 10
6578400 11.2165 10
6578500 10.8968 10
6578600 10.6534 10
6578700 10.7649 10
6578800 11.2676 10
6578900 11.7722 10
6579000 11.4965 10
6579100 10.8808 10
6579200 10.5885 10
6579300 10.7237 10
6579400 10.9907 10
6579500 11.1345 10
6579600 11.1797 10
6579700 11.034 10
6579800 10.9143 10
6579900 11.0465 10
6580000 11.1353 10
6580100 11.249 10
6580200 11.1977 10
6580300 11.1344 10
6580400 11.0781 10
6580500 10.8157 10
6580600 10.8804 10
6580700 11.0113 10
6580800 11.13 10
6580900 10.9989 10
6581000 10.7533 10
6581100 10.7346 10
6581200 11.1447 10
6581300 11.2121 10
6581400 10.8473 10
6581500 10.6324 10
6581600 10.8951 10
6581700 11.1102 10
6581800 11.226 10
6581900 11.327 10
6582000 11.3981 10
6582100 11.041 10
6582200 10.9191 10
6582300 11.168 10
6582400 11.401 10
6582500 11.5109 10
6582600 11.6659 10
6582700 11.6563 10
6582800 11.5378 10
6582900 11.4384 10
6583000 11.3483 10
6583100 11.4656 10
6583200 11.7082 10
6583300 11.5634 10
6583400 11.1469 10
6583500 10.8237 10
6583600 10.7693 10
6583700 11.0541 10
6583800 11.4407 10
6583900 11.6664 10
6584000 11.4693 10
6584100 11.0774 10
6584200 10.6395 10
6584300 10.8512 10
6584400 11.4239 10
6584500 11.5406 10
6584600 11.2519 10
6584700 10.8682 10
6584800 10.7813 10
6584900 10.879 10
6585000 11.0285 10
6585100 11.1068 10
6585200 11.1284 10
6585300 11.1083 10
6585400 10.8547 10
6585500 10.8131 10
6585600 11.0351 10
6585700 11.1812 10
6585800 11.1964 10
6585900 11.1162 10
6586000 11.189 10
6586100 10.9374 10
6586200 10.6354 10
6586300 10.4352 10
6586400 10.6634 10
6586500 11.0725 10
6586600 11.1707 10
6586700 10.8441 10
6586800 10.6943 10
6586900 11.0952 10
6587000 11.6214 10
6587100 11.8443 10
6587200 11.7614 10
6587300 11.1334 10
6587400 10.5343 10
6587500 10.722 10
6587600 11.1879 10
6587700 11.5146 10
6587800 11.5001 10
6587900 11.4771 10
6588000 11.3731 10
6588100 11.0965 10
6588200 10.8479 10
6588300 10.8846 10
6588400 11.1975 10
6588500 11.3314 10
6588600 11.3682 10
6588700 11.5856 10
6588800 11.8179 10
6588900 11.6723 10
6589000 11.1041 10
6589100 10.6346 10
6589200 10.7079 10
6589300 10.967 10
6589400 11.2138 10
6589500 11.44 10
6589600 11.3427 10
6589700 11.0758 10
6589800 10.8941 10
6589900 11.064 10
6590000 11.1766 10
6590100 11.0226 10
6590200 11.0216 10
6590300 11.254 10
6590400 11.4934 10
6590500 11.6273 10
6590600 11.5575 10
6590700 11.5003 10
6590800 11.3123 10
6590900 10.917 10
6591000 10.549 10
6591100 10.6552 10
6591200 11.0871 10
6591300 11.3325 10
6591400 10.9986 10
6591500 10.851 10
6591600 10.9097 10
6591700 11.3148 10
6591800 11.8778 10
6591900 11.8099 10
6592000 11.4985 10
6592100 11.1297 10
6592200 10.8424 10
6592300 10.5621 10
6592400 10.6225 10
6592500 11.006 10
6592600 11.2301 10
6592700 11.2676 10
6592800 11.1964 10
6592900 10.9429 10
6593000 10.8048 10
6593100 10.7858 10
6593200 11.1044 10
6593300 11.5974 10
6593400 11.8514 10
6593500 11.7223 10
6593600 11.1274 10
6593700 10.4022 10
6593800 10.2677 10
6593900 10.9322 10
6594000 11.5721 10
6594100 11.8343 10
6594200 11.596 10
6594300 11.0616 10
6594400 10.7388 10
6594500 10.7377 10
6594600 11.016 10
6594700 11.3295 10
6594800 11.533 10
6594900 11.4766 10
6595000 11.3609 10
6595100 10.9814 10
6595200 10.5907 10
6595300 10.5382 10
6595400 10.8141 10
6595500 11.2986 10
6595600 11.7279 10
6595700 11.6166 10
6595800 11.1802 10
6595900 11.1054 10
6596000 11.1913 10
6596100 11.2368 10
6596200 11.2592 10
6596300 11.5032 10
6596400 11.4811 10
6596500 11.2743 10
6596600 11.2894 10
6596700 11.4255 10
6596800 11.263 10
6596900 10.9224 10
6597000 10.7432 10
6597100 10.7422 10
6597200 10.8755 10
6597300 11.0935 10
6597400 11.2751 10
6597500 11.1784 10
6597600 11.1937 10
6597700 11.1424 10
6597800 10.9795 10
6597900 11.0868 10
6598000 11.247 10
6598100 10.9855 10
6598200 10.5431 10
6598300 10.6932 10
6598400 11.3677 10
6598500 11.8046 10
6598600 11.979 10
6598700 11.5743 10
6598800 10.8964 10
6598900 10.6603 10
6599000 10.6095 10
6599100 10.7673 10
6599200 10.9309 10
6599300 11.0346 10
6599400 11.2355 10
6599500 11.4782 10
6599600 11.5809 10
6599700 11.6117 10
6599800 11.2972 10
6599900 10.9584 10
6600000 11.0507 10
6600100 11.3289 10
6600200 11.3693 10
6600300 11.2519 10
6600400 11.0146 10
6600500 10.9024 10
6600600 10.8959 10
6600700 10.9434 10
6600800 11.0135 10
6600900 11.0123 10
6601000 11.1509 10
6601100 11.0909 10
6601200 10.8773 10
6601300 10.6331 10
6601400 10.7625 10
6601500 10.9749 10
6601600 11.3406 10
6601700 11.4346 10
6601800 11.2021 10
6601900 11.0267 10
6602000 11.2054 10
6602100 11.5181 10
6602200 11.3259 10
6602300 11.1515 10
6602400 11.1467 10
6602500 11.062 10
6602600 10.7436 10
6602700 10.5869 10
6602800 10.9577 10
6602900 11.3175 10
6603000 11.6034 10
6603100 11.5504 10
6603200 11.1344 10
6603300 10.6551 10
6603400 10.6548 10
6603500 10.9121 10
6603600 11.1969 10
6603700 11.1124 10
6603800 10.877 10
6603900 10.6258 10
6604000 10.398 10
6604100 10.5359 10
6604200 11.2484 10
6604300 11.751 10
6604400 11.6721 10
6604500 11.1392 10
6604600 10.7213 10
6604700 10.728 10
6604800 11.0207 10
6604900 11.241 10
6605000 11.1799 10
6605100 11.1392 10
6605200 11.3512 10
6605300 11.5967 10
6605400 11.6985 10
6605500 11.5115 10
6605600 10.9018 10
6605700 10.5003 10
6605800 10.7883 10
6605900 11.1618 10
6606000 11.2859 10
6606100 11.1777 10
6606200 10.9754 10
6606300 10.809 10
6606400 11.1002 10
6606500 11.5771 10
6606600 11.6939 10
6606700 11.4756 10
6606800 10.9915 10
6606900 10.6003 10
6607000 10.551 10
6607100 10.8151 10
6607200 11.0982 10
6607300 11.1572 10
6607400 11.2427 10
6607500 11.4291 10
6607600 11.3725 10
6607700 11.0294 10
6607800 10.6209 10
6607900 10.5438 10
6608000 11.1173 10
6608100 11.6923 10
6608200 11.8386 10
6608300 11.4257 10
6608400 10.784 10
6608500 10.48 10
6608600 10.7644 10
6608700 11.0334 10
6608800 11.1643 10
6608900 11.0185 10
6609000 10.7849 10
6609100 11.0441 10
6609200 11.4267 10
6609300 11.5627 10
6609400 11.6656 10
6609500 11.6804 10
6609600 11.6068 10
6609700 11.2577 10
6609800 10.8417 10
6609900 10.6269 10
6610000 10.7853 10
6610100 11.0545 10
6610200 11.3445 10
6610300 11.5574 10
6610400 11.4772 10
6610500 10.9134 10
6610600 10.4702 10
6610700 10.5482 10
6610800 11.0184 10
6610900 11.2644 10
6611000 11.2442 10
6611100 11.142 10
6611200 10.8071 10
6611300 10.6257 10
6611400 10.6412 10
6611500 11.02 10
6611600 11.7152 10
6611700 12.1152 10
6611800 11.9547 10
6611900 11.3093 10
6612000 10.9188 10
6612100 10.7914 10
6612200 11.0125 10
6612300 11.5562 10
6612400 11.7168 10
6612500 11.2321 10
6612600 10.5941 10
6612700 10.7386 10
6612800 11.0555 10
6612900 11.1862 10
6613000 11.2183 10
6613100 11.0341 10
6613200 10.9651 10
6613300 11.0444 10
6613400 11.1543 10
6613500 11.1909 10
6613600 11.0407 10
6613700 11.0288 10
6613800 11.1215 10
6613900 10.9785 10
6614000 11.0026 10
6614100 10.9966 10
6614200 10.7672 10
6614300 10.5723 10
6614400 10.6997 10
6614500 11.0409 10
6614600 11.427 10
6614700 11.8633 10
6614800 11.7063 10
6614900 11.3405 10
6615000 11.0347 10
6615100 10.6357 10
6615200 10.67 10
6615300 10.9591 10
6615400 11.0931 10
6615500 11.4328 10
6615600 11.558 10
6615700 11.4051 10
6615800 10.9779 10
6615900 10.6482 10
6616000 10.3525 10
6616100 10.6586 10
6616200 11.071 10
6616300 11.3285 10
6616400 11.5509 10
6616500 11.48 10
6616600 10.9254 10
6616700 10.67 10
6616800 11.06 10
6616900 11.3661 10
6617000 11.3333 10
6617100 10.9668 10
6617200 10.825 10
6617300 10.8692 10
6617400 10.9797 10
6617500 10.8936 10
6617600 10.5746 10
6617700 10.6389 10
6617800 10.9566 10
6617900 11.4434 10
6618000 11.5646 10
6618100 11.167 10
6618200 10.9059 10
6618300 10.929 10
6618400 11.0184 10
6618500 11.0514 10
6618600 10.9798 10
6618700 10.8421 10
6618800 11.0417 10
6618900 11.2224 10
6619000 11.2225 10
6619100 11.4256 10
6619200 11.5741 10
6619300 11.4249 10
6619400 11.2005 10
6619500 10.9796 10
6619600 11.0706 10
6619700 11.2232 10
6619800 11.2751 10
6619900 11.0213 10
6620000 10.7691 10
6620100 10.7319 10
6620200 11.1008 10
6620300 11.3782 10
6620400 11.5779 10
6620500 11.5784 10
6620600 11.4731 10
6620700 11.277 10
6620800 11.006 10
6620900 11.0383 10
6621000 11.4694 10
6621100 11.6515 10
6621200 11.5761 10
6621300 11.3985 10
6621400 11.2761 10
6621500 11.0721 10
6621600 10.7086 10
6621700 10.5964 10
6621800 10.6581 10
6621900 10.9124 10
6622000 11.2593 10
6622100 11.3535 10
6622200 11.1203 10
6622300 11.0446 10
6622400 11.0307 10
6622500 11.0075 10
6622600 11.0214 10
6622700 10.9417 10
6622800 11.0234 10
6622900 11.2364 10
6623000 11.3628 10
6623100 11.3355 10
6623200 11.0455 10
6623300 10.6746 10
6623400 10.9214 10
6623500 11.1881 10
6623600 10.948 10
6623700 10.8331 10
6623800 10.9993 10
6623900 11.2065 10
6624000 11.2152 10
6624100 11.0375 10
6624200 10.966 10
6624300 11.0286 10
6624400 11.0704 10
6624500 11.0426 10
6624600 10.8785 10
6624700 10.6417 10
6624800 10.8817 10
6624900 11.0887 10
6625000 11.0489 10
6625100 11.1253 10
6625200 11.0464 10
6625300 10.8379 10
6625400 11.0569 10
6625500 11.1177 10
6625600 10.9349 10
6625700 10.7684 10
6625800 10.5508 10
6625900 10.464 10
6626000 10.8192 10
6626100 11.4966 10
6626200 11.6744 10
6626300 11.4227 10
6626400 11.0517 10
6626500 11.0826 10
6626600 11.3754 10
6626700 11.313 10
6626800 11.0238 10
6626900 10.9325 10
6627000 11.0952 10
6627100 11.1634 10
6627200 11.1925 10
6627300 11.0047 10
6627400 10.7925 10
6627500 10.8727 10
6627600 11.0939 10
6627700 11.4454 10
6627800 11.8206 10
6627900 11.9555 10
6628000 11.4666 10
6628100 10.8676 10
6628200 10.6584 10
6628300 10.6904 10
6628400 10.7951 10
6628500 10.5841 10
6628600 10.4492 10
6628700 10.7669 10
6628800 11.1203 10
6628900 11.724 10
6629000 12.173 10
6629100 11.8955 10
6629200 10.9778 10
6629300 10.3219 10
6629400 10.2262 10
6629500 10.5763 10
6629600 10.9954 10
6629700 11.2067 10
6629800 11.1162 10
6629900 11.3546 10
6630000 11.3191 10
6630100 11.0919 10
6630200 10.947 10
6630300 11.0295 10
6630400 11.3314 10
6630500 11.5163 10
6630600 11.3554 10
6630700 11.0514 10
6630800 10.9554 10
6630900 11.119 10
6631000 11.3149 10
6631100 11.2563 10
6631200 10.7812 10
6631300 10.4921 10
6631400 10.6888 10
6631500 11.041 10
6631600 11.0624 10
6631700 10.9287 10
6631800 11.1488 10
6631900 11.583 10
6632000 11.6459 10
6632100 11.1079 10
6632200 10.7583 10
6632300 11.0973 10
6632400 11.303 10
6632500 11.2053 10
6632600 11.1674 10
6632700 10.9322 10
6632800 10.6623 10
6632900 10.6648 10
6633000 10.9587 10
6633100 11.1308 10
6633200 11.2909 10
6633300 11.3892 10
6633400 11.3084 10
6633500 11.0911 10
6633600 10.9012 10
6633700 10.8551 10
6633800 11.0815 10
6633900 11.1301 10
6634000 11.0221 10
6634100 10.9046 10
6634200 11.0157 10
6634300 11.4456 10
6634400 11.4999 10
6634500 11.4204 10
6634600 11.1606 10
6634700 11.1432 10
6634800 11.2546 10
6634900 11.2986 10
6635000 11.3546 10
6635100 11.3768 10
6635200 11.4709 10
6635300 11.1816 10
6635400 10.813 10
6635500 10.585 10
6635600 10.9287 10
6635700 11.395 10
6635800 11.47 10
6635900 11.4559 10
6636000 11.2441 10
6636100 10.9327 10
6636200 10.745 10
6636300 10.8114 10
6636400 11.1296 10
6636500 11.2494 10
6636600 11.2964 10
6636700 11.3003 10
6636800 11.0912 10
6636900 10.8987 10
6637000 10.9294 10
6637100 11.1549 10
6637200 11.3875 10
6637300 11.6146 10
6637400 11.3932 10
6637500 10.9207 10
6637600 10.8158 10
6637700 10.8976 10
6637800 11.214 10
6637900 11.3009 10
6638000 11.2493 10
6638100 11.3488 10
6638200 11.1915 10
6638300 11.01 10
6638400 11.1911 10
6638500 11.1024 10
6638600 10.8933 10
6638700 10.6995 10
6638800 10.8449 10
6638900 11.1651 10
6639000 11.0188 10
6639100 10.8978 10
6639200 11.0039 10
6639300 11.3109 10
6639400 11.3624 10
6639500 11.2628 10
6639600 10.9721 10
6639700 10.9088 10
6639800 11.0856 10
6639900 11.3255 10
6640000 11.479 10
6640100 11.3552 10
6640200 10.9856 10
6640300 10.6888 10
6640400 10.8259 10
6640500 11.1533 10
6640600 11.3327 10
6640700 11.3292 10
6640800 11.0957 10
6640900 11.0135 10
6641000 10.9798 10
6641100 11.0186 10
6641200 11.1724 10
6641300 11.0883 10
6641400 11.0566 10
6641500 11.0648 10
6641600 11.2428 10
6641700 11.4085 10
6641800 11.3658 10
6641900 11.459 10
6642000 11.4108 10
6642100 11.3302 10
6642200 11.2155 10
6642300 11.0296 10
6642400 10.9844 10
6642500 11.2542 10
6642600 11.25 10
6642700 11.1153 10
6642800 11.1346 10
6642900 11.0116 10
6643000 10.7432 10
6643100 10.8286 10
6643200 11.0683 10
6643300 11.3539 10
6643400 11.6441 10
6643500 11.5014 10
6643600 11.227 10
6643700 11.0641 10
6643800 10.8361 10
6643900 10.71 10
6644000 11.1868 10
6644100 11.6606 10
6644200 11.6861 10
6644300 11.0971 10
6644400 10.5929 10
6644500 10.8073 10
6644600 11.1272 10
6644700 11.0501 10
6644800 10.9628 10
6644900 10.8177 10
6645000 11.0365 10
6645100 11.2581 10
6645200 11.4119 10
6645300 11.4979 10
6645400 11.2586 10
6645500 11.1475 10
6645600 11.0457 10
6645700 10.8787 10
6645800 10.8576 10
6645900 10.9914 10
6646000 11.1843 10
6646100 11.4034 10
6646200 11.3942 10
6646300 11.0655 10
6646400 10.7724 10
6646500 10.5488 10
6646600 10.7942 10
6646700 11.2106 10
6646800 11.5786 10
6646900 11.8875 10
6647000 11.8122 10
6647100 11.5671 10
6647200 11.1213 10
6647300 11.0103 10
6647400 11.1495 10
6647500 11.0305 10
6647600 11.0171 10
6647700 11.108 10
6647800 11.0632 10
6647900 11.1082 10
6648000 11.1201 10
6648100 11.1405 10
6648200 11.176 10
6648300 11.012 10
6648400 10.9141 10
6648500 11.1029 10
6648600 11.2846 10
6648700 11.4023 10
6648800 11.4019 10
6648900 10.991 10
6649000 10.622 10
6649100 10.5618 10
6649200 10.802 10
6649300 11.5007 10
6649400 11.9393 10
6649500 12.0255 10
6649600 11.6166 10
6649700 11.1713 10
6649800 10.8516 10
6649900 10.6303 10
6650000 10.8142 10
