# Time-averaged data for fix myat1
# TimeStep v_xave v_xdes
4750100 29.8685 30
4750200 30.1621 30
4750300 30.2048 30
4750400 30.0611 30
4750500 30.1003 30
4750600 30.3355 30
4750700 30.4429 30
4750800 30.379 30
4750900 30.3424 30
4751000 30.1481 30
4751100 29.5496 30
4751200 29.1543 30
4751300 29.2822 30
4751400 29.5127 30
4751500 30.0249 30
4751600 30.3276 30
4751700 30.34 30
4751800 30.1513 30
4751900 29.8365 30
4752000 29.7337 30
4752100 29.9163 30
4752200 29.9617 30
4752300 29.7753 30
4752400 29.711 30
4752500 29.8558 30
4752600 29.9336 30
4752700 30.0144 30
4752800 30.2897 30
4752900 30.2517 30
4753000 30.0985 30
4753100 30.0709 30
4753200 30.0978 30
4753300 29.9625 30
4753400 29.8968 30
4753500 29.8236 30
4753600 29.864 30
4753700 30.0183 30
4753800 29.9949 30
4753900 30.1352 30
4754000 30.1744 30
4754100 30.0331 30
4754200 30.0186 30
4754300 30.0545 30
4754400 29.8789 30
4754500 29.6137 30
4754600 29.7022 30
4754700 30.0804 30
4754800 30.5291 30
4754900 30.3623 30
4755000 30.0939 30
4755100 30.1391 30
4755200 30.1343 30
4755300 30.3611 30
4755400 30.5033 30
4755500 30.216 30
4755600 29.6327 30
4755700 29.2674 30
4755800 29.5182 30
4755900 29.9883 30
4756000 30.452 30
4756100 30.6121 30
4756200 30.4706 30
4756300 30.0927 30
4756400 29.5773 30
4756500 29.4766 30
4756600 29.6189 30
4756700 29.9271 30
4756800 30.203 30
4756900 30.402 30
4757000 30.2377 30
4757100 29.9865 30
4757200 29.9075 30
4757300 29.9089 30
4757400 30.0615 30
4757500 30.1734 30
4757600 29.9181 30
4757700 29.8636 30
4757800 30.0027 30
4757900 30.1906 30
4758000 30.1757 30
4758100 29.7968 30
4758200 29.3754 30
4758300 29.1947 30
4758400 29.4288 30
4758500 29.9066 30
4758600 30.4266 30
4758700 30.5825 30
4758800 30.354 30
4758900 30.1795 30
4759000 29.8265 30
4759100 29.5357 30
4759200 29.6486 30
4759300 30.1464 30
4759400 30.3434 30
4759500 30.436 30
4759600 30.5425 30
4759700 30.4072 30
4759800 30.0443 30
4759900 29.7672 30
4760000 29.6573 30
4760100 29.5727 30
4760200 29.6297 30
4760300 29.7092 30
4760400 30.1642 30
4760500 30.6041 30
4760600 30.5302 30
4760700 29.8421 30
4760800 28.9877 30
4760900 28.8517 30
4761000 29.47 30
4761100 30.2674 30
4761200 30.559 30
4761300 30.5777 30
4761400 30.2453 30
4761500 29.7638 30
4761600 29.4122 30
4761700 29.3439 30
4761800 29.7786 30
4761900 30.0934 30
4762000 30.4043 30
4762100 30.4567 30
4762200 30.2603 30
4762300 29.9591 30
4762400 29.712 30
4762500 29.5587 30
4762600 29.5318 30
4762700 29.5685 30
4762800 29.8153 30
4762900 30.0219 30
4763000 30.2443 30
4763100 30.3453 30
4763200 30.324 30
4763300 30.1914 30
4763400 30.1319 30
4763500 29.8807 30
4763600 29.8508 30
4763700 30.0949 30
4763800 30.2224 30
4763900 30.0375 30
4764000 29.9682 30
4764100 29.8538 30
4764200 29.6917 30
4764300 29.8648 30
4764400 30.0768 30
4764500 29.9564 30
4764600 29.9781 30
4764700 30.2061 30
4764800 30.291 30
4764900 30.202 30
4765000 30.4446 30
4765100 30.5679 30
4765200 30.3539 30
4765300 29.8466 30
4765400 29.5874 30
4765500 29.5943 30
4765600 29.7882 30
4765700 29.9388 30
4765800 30.1281 30
4765900 30.0274 30
4766000 29.6899 30
4766100 29.6841 30
4766200 29.9443 30
4766300 30.2641 30
4766400 30.4033 30
4766500 30.3483 30
4766600 30.2607 30
4766700 30.2642 30
4766800 30.3596 30
4766900 30.2261 30
4767000 29.9873 30
4767100 29.6622 30
4767200 29.4389 30
4767300 29.5577 30
4767400 29.9695 30
4767500 30.2208 30
4767600 29.9385 30
4767700 29.714 30
4767800 29.6585 30
4767900 29.7442 30
4768000 29.9502 30
4768100 29.9976 30
4768200 30.0954 30
4768300 30.3906 30
4768400 30.5044 30
4768500 30.2373 30
4768600 29.8485 30
4768700 29.662 30
4768800 29.5425 30
4768900 29.6069 30
4769000 29.6463 30
4769100 29.6812 30
4769200 29.6157 30
4769300 29.6118 30
4769400 29.7826 30
4769500 29.7316 30
4769600 29.7926 30
4769700 30.1116 30
4769800 30.3492 30
4769900 30.4211 30
4770000 30.5676 30
4770100 30.501 30
4770200 30.3406 30
4770300 30.0869 30
4770400 29.8356 30
4770500 29.6873 30
4770600 29.7699 30
4770700 30.073 30
4770800 30.0072 30
4770900 30.1286 30
4771000 30.5518 30
4771100 30.7694 30
4771200 30.5355 30
4771300 30.1572 30
4771400 30.0076 30
4771500 29.953 30
4771600 29.9619 30
4771700 29.8694 30
4771800 29.9834 30
4771900 29.9296 30
4772000 29.7755 30
4772100 29.7826 30
4772200 29.764 30
4772300 29.9795 30
4772400 30.346 30
4772500 30.5855 30
4772600 30.6299 30
4772700 30.2198 30
4772800 29.4886 30
4772900 28.9776 30
4773000 29.2272 30
4773100 30.0983 30
4773200 30.7744 30
4773300 30.7617 30
4773400 30.277 30
4773500 29.8304 30
4773600 29.793 30
4773700 29.9534 30
4773800 30.1002 30
4773900 29.9983 30
4774000 29.7314 30
4774100 29.8108 30
4774200 30.1207 30
4774300 30.3613 30
4774400 30.2647 30
4774500 30.1041 30
4774600 30.1231 30
4774700 30.2315 30
4774800 29.9673 30
4774900 29.5164 30
4775000 29.1806 30
4775100 29.3462 30
4775200 29.6612 30
4775300 30.1026 30
4775400 30.4972 30
4775500 30.7066 30
4775600 30.7571 30
4775700 30.5477 30
4775800 30.2807 30
4775900 30.1186 30
4776000 29.6358 30
4776100 29.2641 30
4776200 29.5692 30
4776300 30.1047 30
4776400 30.408 30
4776500 30.6106 30
4776600 30.4553 30
4776700 29.9922 30
4776800 29.7072 30
4776900 29.8064 30
4777000 30.2043 30
4777100 30.777 30
4777200 30.8958 30
4777300 30.5298 30
4777400 30.0597 30
4777500 29.6822 30
4777600 29.7786 30
4777700 30.0771 30
4777800 30.1251 30
4777900 30.1209 30
4778000 30.2919 30
4778100 30.3655 30
4778200 30.4452 30
4778300 30.3978 30
4778400 30.2952 30
4778500 30.2735 30
4778600 30.2369 30
4778700 30.169 30
4778800 29.9691 30
4778900 29.6336 30
4779000 29.4913 30
4779100 29.4457 30
4779200 29.6573 30
4779300 30.0602 30
4779400 30.3787 30
4779500 30.581 30
4779600 30.0213 30
4779700 29.5478 30
4779800 29.3408 30
4779900 29.5128 30
4780000 29.7807 30
4780100 30.1183 30
4780200 30.3105 30
4780300 30.2846 30
4780400 30.0341 30
4780500 29.8376 30
4780600 29.6587 30
4780700 29.7622 30
4780800 30.0171 30
4780900 30.1568 30
4781000 30.2441 30
4781100 30.3621 30
4781200 30.1475 30
4781300 29.8686 30
4781400 29.6494 30
4781500 29.3746 30
4781600 29.1044 30
4781700 28.9323 30
4781800 29.1611 30
4781900 30.0924 30
4782000 31.0008 30
4782100 31.2657 30
4782200 30.7521 30
4782300 29.8857 30
4782400 29.2677 30
4782500 29.1115 30
4782600 29.4416 30
4782700 29.9947 30
4782800 30.5 30
4782900 30.6364 30
4783000 30.4572 30
4783100 30.4753 30
4783200 30.2653 30
4783300 29.8148 30
4783400 29.3123 30
4783500 29.3036 30
4783600 29.7275 30
4783700 30.2323 30
4783800 30.542 30
4783900 30.7275 30
4784000 30.6552 30
4784100 30.088 30
4784200 29.5836 30
4784300 29.3689 30
4784400 29.2397 30
4784500 29.5322 30
4784600 29.9591 30
4784700 30.2747 30
4784800 30.1789 30
4784900 29.867 30
4785000 29.8441 30
4785100 29.9995 30
4785200 30.3581 30
4785300 30.6003 30
4785400 30.7548 30
4785500 30.5946 30
4785600 29.9446 30
4785700 29.5761 30
4785800 29.4489 30
4785900 29.5647 30
4786000 29.7667 30
4786100 30.0279 30
4786200 30.3615 30
4786300 30.5775 30
4786400 30.4203 30
4786500 30.1251 30
4786600 29.9184 30
4786700 29.8379 30
4786800 29.7759 30
4786900 30.0176 30
4787000 30.1245 30
4787100 30.237 30
4787200 30.2568 30
4787300 30.1859 30
4787400 30.2695 30
4787500 30.3293 30
4787600 30.4013 30
4787700 30.1921 30
4787800 29.9918 30
4787900 29.8937 30
4788000 29.9615 30
4788100 30.0839 30
4788200 30.1401 30
4788300 30.2007 30
4788400 30.3339 30
4788500 30.2146 30
4788600 29.9634 30
4788700 29.9227 30
4788800 30.0803 30
4788900 29.9691 30
4789000 29.8011 30
4789100 29.9071 30
4789200 30.3236 30
4789300 30.6404 30
4789400 30.4249 30
4789500 30.0258 30
4789600 29.9269 30
4789700 30.0119 30
4789800 30.3485 30
4789900 30.4624 30
4790000 30.273 30
4790100 30.1128 30
4790200 30.1271 30
4790300 30.1789 30
4790400 30.2288 30
4790500 30.3522 30
4790600 30.2445 30
4790700 30.0763 30
4790800 30.0607 30
4790900 29.7571 30
4791000 29.6181 30
4791100 29.5022 30
4791200 29.6165 30
4791300 29.7685 30
4791400 30.0794 30
4791500 30.1588 30
4791600 30.0079 30
4791700 29.8998 30
4791800 29.8416 30
4791900 29.8006 30
4792000 29.7788 30
4792100 29.9407 30
4792200 30.0525 30
4792300 30.1644 30
4792400 29.7021 30
4792500 29.3677 30
4792600 29.3093 30
4792700 29.6267 30
4792800 30.3444 30
4792900 30.7862 30
4793000 30.733 30
4793100 30.4469 30
4793200 30.2202 30
4793300 29.9855 30
4793400 30.0165 30
4793500 30.0363 30
4793600 30.0972 30
4793700 30.217 30
4793800 30.284 30
4793900 30.4262 30
4794000 30.5226 30
4794100 30.4942 30
4794200 30.3717 30
4794300 30.1082 30
4794400 29.8828 30
4794500 29.9081 30
4794600 29.9009 30
4794700 29.865 30
4794800 30.2009 30
4794900 30.5381 30
4795000 30.3706 30
4795100 30.2204 30
4795200 30.332 30
4795300 30.2465 30
4795400 30.1888 30
4795500 30.1673 30
4795600 30.1556 30
4795700 30.07 30
4795800 29.8678 30
4795900 29.6267 30
4796000 29.6007 30
4796100 29.7241 30
4796200 29.9335 30
4796300 30.0605 30
4796400 29.957 30
4796500 29.818 30
4796600 29.7245 30
4796700 29.7285 30
4796800 29.7918 30
4796900 29.8657 30
4797000 30.0186 30
4797100 29.8317 30
4797200 29.6934 30
4797300 29.6554 30
4797400 29.6331 30
4797500 29.8027 30
4797600 30.0189 30
4797700 30.2386 30
4797800 30.0748 30
4797900 29.7479 30
4798000 29.4196 30
4798100 29.4831 30
4798200 30.0016 30
4798300 30.4736 30
4798400 30.453 30
4798500 30.1893 30
4798600 29.856 30
4798700 29.4691 30
4798800 29.3913 30
4798900 29.679 30
4799000 30.0126 30
4799100 30.0461 30
4799200 29.8426 30
4799300 29.9263 30
4799400 30.1189 30
4799500 30.0561 30
4799600 29.8137 30
4799700 29.6574 30
4799800 29.6209 30
4799900 29.8438 30
4800000 30.1177 30
4800100 30.1518 30
4800200 29.9955 30
4800300 29.5124 30
4800400 29.4243 30
4800500 29.6838 30
4800600 29.8979 30
4800700 30.1076 30
4800800 30.1018 30
4800900 30.0856 30
4801000 29.8773 30
4801100 30.0407 30
4801200 30.002 30
4801300 29.9564 30
4801400 29.9269 30
4801500 29.86 30
4801600 29.8395 30
4801700 29.8972 30
4801800 30.0699 30
4801900 30.2957 30
4802000 30.5859 30
4802100 30.7241 30
4802200 30.6499 30
4802300 30.7671 30
4802400 30.9634 30
4802500 30.8718 30
4802600 30.7023 30
4802700 30.4956 30
4802800 29.9913 30
4802900 29.3942 30
4803000 29.3264 30
4803100 29.6412 30
4803200 29.8798 30
4803300 30.0497 30
4803400 30.2026 30
4803500 30.3584 30
4803600 29.9671 30
4803700 29.4654 30
4803800 29.1696 30
4803900 29.4239 30
4804000 30.0336 30
4804100 30.4545 30
4804200 30.6474 30
4804300 30.4892 30
4804400 30.239 30
4804500 29.8828 30
4804600 29.5659 30
4804700 29.7015 30
4804800 30.162 30
4804900 30.5725 30
4805000 30.7416 30
4805100 30.5783 30
4805200 30.4839 30
4805300 29.9942 30
4805400 29.5981 30
4805500 29.3107 30
4805600 29.2406 30
4805700 29.3831 30
4805800 29.8557 30
4805900 30.088 30
4806000 29.9518 30
4806100 29.7343 30
4806200 29.776 30
4806300 29.6127 30
4806400 29.7107 30
4806500 30.2117 30
4806600 30.5125 30
4806700 30.5172 30
4806800 30.0478 30
4806900 29.3863 30
4807000 29.0559 30
4807100 29.2203 30
4807200 29.6859 30
4807300 29.8952 30
4807400 30.0445 30
4807500 30.0686 30
4807600 29.7485 30
4807700 29.6085 30
4807800 29.5926 30
4807900 29.348 30
4808000 29.3935 30
4808100 29.7471 30
4808200 30.3441 30
4808300 30.8118 30
4808400 30.8064 30
4808500 30.2985 30
4808600 29.8714 30
4808700 29.6169 30
4808800 29.787 30
4808900 30.3856 30
4809000 30.7498 30
4809100 30.8991 30
4809200 30.9214 30
4809300 30.5331 30
4809400 30.183 30
4809500 30.2771 30
4809600 30.3518 30
4809700 30.1163 30
4809800 29.8774 30
4809900 29.7402 30
4810000 29.7871 30
4810100 29.9784 30
4810200 29.8974 30
4810300 29.8613 30
4810400 29.8727 30
4810500 29.7329 30
4810600 29.6425 30
4810700 29.6724 30
4810800 29.9468 30
4810900 30.2924 30
4811000 30.5557 30
4811100 30.3505 30
4811200 29.9942 30
4811300 29.7252 30
4811400 29.8598 30
4811500 29.9447 30
4811600 29.7554 30
4811700 29.8233 30
4811800 30.1637 30
4811900 30.4572 30
4812000 30.4209 30
4812100 30.5287 30
4812200 30.4991 30
4812300 30.4444 30
4812400 30.4124 30
4812500 30.4267 30
4812600 30.2978 30
4812700 29.8598 30
4812800 29.1984 30
4812900 29.1463 30
4813000 29.3946 30
4813100 29.6603 30
4813200 30.1376 30
4813300 30.4513 30
4813400 30.465 30
4813500 30.487 30
4813600 30.2852 30
4813700 29.8883 30
4813800 29.6902 30
4813900 29.734 30
4814000 29.8461 30
4814100 29.857 30
4814200 29.6915 30
4814300 29.5398 30
4814400 29.4004 30
4814500 29.7299 30
4814600 30.5967 30
4814700 30.9463 30
4814800 30.5398 30
4814900 29.7772 30
4815000 29.2064 30
4815100 29.1231 30
4815200 29.4719 30
4815300 29.845 30
4815400 30.2665 30
4815500 30.3753 30
4815600 30.192 30
4815700 29.9873 30
4815800 29.764 30
4815900 29.735 30
4816000 29.8902 30
4816100 30.0623 30
4816200 30.3549 30
4816300 30.5742 30
4816400 30.2628 30
4816500 30.1403 30
4816600 30.0701 30
4816700 29.8766 30
4816800 29.9164 30
4816900 30.018 30
4817000 30.0806 30
4817100 30.0655 30
4817200 30.0228 30
4817300 29.9253 30
4817400 29.8278 30
4817500 29.9292 30
4817600 30.2668 30
4817700 30.5537 30
4817800 30.5774 30
4817900 30.1504 30
4818000 29.4235 30
4818100 29.1586 30
4818200 29.5651 30
4818300 30.0937 30
4818400 30.2844 30
4818500 30.121 30
4818600 29.995 30
4818700 29.9589 30
4818800 29.8663 30
4818900 29.7777 30
4819000 29.6812 30
4819100 29.5885 30
4819200 29.7684 30
4819300 29.8256 30
4819400 29.744 30
4819500 29.855 30
4819600 30.1665 30
4819700 30.1784 30
4819800 30.202 30
4819900 30.1856 30
4820000 30.2638 30
4820100 30.4482 30
4820200 30.4202 30
4820300 30.3203 30
4820400 30.1612 30
4820500 30.0891 30
4820600 30.141 30
4820700 30.0285 30
4820800 29.9794 30
4820900 30.1203 30
4821000 30.4314 30
4821100 30.3239 30
4821200 29.8349 30
4821300 29.4991 30
4821400 29.4709 30
4821500 29.6342 30
4821600 29.6836 30
4821700 29.9079 30
4821800 29.9949 30
4821900 30.1205 30
4822000 30.3821 30
4822100 30.3604 30
4822200 30.0061 30
4822300 29.778 30
4822400 29.683 30
4822500 29.6664 30
4822600 29.6391 30
4822700 29.6109 30
4822800 29.8484 30
4822900 30.1555 30
4823000 30.3667 30
4823100 30.5282 30
4823200 30.7372 30
4823300 30.519 30
4823400 29.8419 30
4823500 29.1674 30
4823600 29.1943 30
4823700 29.7581 30
4823800 30.4083 30
4823900 30.9817 30
4824000 30.8737 30
4824100 30.2564 30
4824200 29.4938 30
4824300 28.7801 30
4824400 28.8347 30
4824500 29.5844 30
4824600 30.3958 30
4824700 30.9243 30
4824800 30.9033 30
4824900 30.3805 30
4825000 30.0272 30
4825100 29.9366 30
4825200 29.7698 30
4825300 29.5665 30
4825400 29.6097 30
4825500 29.9292 30
4825600 30.2068 30
4825700 30.3642 30
4825800 30.4612 30
4825900 30.4879 30
4826000 30.2251 30
4826100 30.0644 30
4826200 30.0972 30
4826300 30.1976 30
4826400 30.2204 30
4826500 30.1058 30
4826600 30.0319 30
4826700 29.9628 30
4826800 29.9748 30
4826900 30.1361 30
4827000 30.2971 30
4827100 30.2185 30
4827200 30.1372 30
4827300 29.9546 30
4827400 29.661 30
4827500 29.4943 30
4827600 29.6751 30
4827700 30.0673 30
4827800 30.308 30
4827900 30.2373 30
4828000 29.9086 30
4828100 29.6557 30
4828200 29.6686 30
4828300 29.7341 30
4828400 29.9046 30
4828500 30.0949 30
4828600 29.9951 30
4828700 29.9129 30
4828800 29.9186 30
4828900 29.9898 30
4829000 30.1722 30
4829100 30.1332 30
4829200 29.9973 30
4829300 30.0087 30
4829400 30.1701 30
4829500 30.3634 30
4829600 30.3548 30
4829700 30.0036 30
4829800 29.548 30
4829900 29.4084 30
4830000 29.5908 30
4830100 30.2214 30
4830200 30.7256 30
4830300 30.6318 30
4830400 30.1723 30
4830500 29.8781 30
4830600 29.9409 30
4830700 30.0305 30
4830800 29.9588 30
4830900 29.8281 30
4831000 29.9924 30
4831100 30.1919 30
4831200 30.4074 30
4831300 30.323 30
4831400 29.955 30
4831500 29.3918 30
4831600 29.0543 30
4831700 29.0757 30
4831800 29.6535 30
4831900 30.1831 30
4832000 30.3191 30
4832100 30.0706 30
4832200 30.2121 30
4832300 30.298 30
4832400 30.3106 30
4832500 30.2913 30
4832600 29.9711 30
4832700 29.4093 30
4832800 29.0607 30
4832900 29.0737 30
4833000 29.3123 30
4833100 29.818 30
4833200 30.3934 30
4833300 30.6962 30
4833400 30.355 30
4833500 29.9496 30
4833600 29.6911 30
4833700 29.8305 30
4833800 30.1508 30
4833900 30.5059 30
4834000 30.386 30
4834100 30.1319 30
4834200 30.1341 30
4834300 30.1163 30
4834400 30.0124 30
4834500 29.8204 30
4834600 29.6063 30
4834700 29.4102 30
4834800 29.418 30
4834900 29.6517 30
4835000 29.8761 30
4835100 30.1906 30
4835200 30.5707 30
4835300 30.6836 30
4835400 30.5113 30
4835500 30.4287 30
4835600 30.1484 30
4835700 29.8502 30
4835800 29.8011 30
4835900 29.8255 30
4836000 29.8851 30
4836100 29.8571 30
4836200 29.848 30
4836300 30.08 30
4836400 30.4645 30
4836500 30.4875 30
4836600 30.2295 30
4836700 29.967 30
4836800 30.0093 30
4836900 29.9816 30
4837000 29.7999 30
4837100 29.7419 30
4837200 29.9481 30
4837300 30.1137 30
4837400 30.2205 30
4837500 30.0666 30
4837600 29.6539 30
4837700 29.2858 30
4837800 29.4645 30
4837900 29.7907 30
4838000 29.8758 30
4838100 30.0502 30
4838200 30.3674 30
4838300 30.4077 30
4838400 30.4107 30
4838500 30.1411 30
4838600 29.9417 30
4838700 30.0059 30
4838800 30.2214 30
4838900 30.4506 30
4839000 30.5062 30
4839100 30.4548 30
4839200 30.5623 30
4839300 30.5619 30
4839400 30.315 30
4839500 29.853 30
4839600 29.6239 30
4839700 29.6265 30
4839800 29.8381 30
4839900 30.1932 30
4840000 30.1689 30
4840100 30.143 30
4840200 30.3328 30
4840300 30.5033 30
4840400 30.3127 30
4840500 30.0668 30
4840600 29.8435 30
4840700 29.8186 30
4840800 29.9072 30
4840900 29.9517 30
4841000 29.9026 30
4841100 29.8784 30
4841200 30.0322 30
4841300 30.2737 30
4841400 30.4016 30
4841500 30.4002 30
4841600 30.2354 30
4841700 30.1542 30
4841800 30.6323 30
4841900 30.6366 30
4842000 30.277 30
4842100 29.8603 30
4842200 29.592 30
4842300 29.4861 30
4842400 29.4511 30
4842500 29.4717 30
4842600 29.4644 30
4842700 29.7514 30
4842800 30.0512 30
4842900 30.3498 30
4843000 30.3455 30
4843100 30.1068 30
4843200 29.8102 30
4843300 29.7528 30
4843400 29.9573 30
4843500 30.2081 30
4843600 30.5577 30
4843700 30.5184 30
4843800 30.2759 30
4843900 29.8395 30
4844000 29.3865 30
4844100 29.1828 30
4844200 29.1443 30
4844300 29.4736 30
4844400 29.9583 30
4844500 30.2576 30
4844600 30.4 30
4844700 30.4026 30
4844800 30.2477 30
4844900 30.0575 30
4845000 29.9639 30
4845100 29.91 30
4845200 29.9888 30
4845300 30.2102 30
4845400 30.1767 30
4845500 30.0988 30
4845600 30.051 30
4845700 29.9283 30
4845800 30.0246 30
4845900 30.3167 30
4846000 30.2543 30
4846100 29.8511 30
4846200 29.4714 30
4846300 29.3384 30
4846400 29.5596 30
4846500 29.7187 30
4846600 29.8898 30
4846700 30.0406 30
4846800 30.0819 30
4846900 30.0352 30
4847000 29.7785 30
4847100 29.5949 30
4847200 29.8224 30
4847300 30.4377 30
4847400 30.7596 30
4847500 30.7238 30
4847600 30.2385 30
4847700 29.668 30
4847800 29.2519 30
4847900 29.3452 30
4848000 29.6459 30
4848100 29.8646 30
4848200 30.0934 30
4848300 30.3387 30
4848400 30.4335 30
4848500 30.0594 30
4848600 29.611 30
4848700 29.7017 30
4848800 29.9672 30
4848900 30.0784 30
4849000 30.2116 30
4849100 30.2528 30
4849200 30.2113 30
4849300 30.1074 30
4849400 29.9321 30
4849500 29.5595 30
4849600 29.2274 30
4849700 29.2104 30
4849800 29.6743 30
4849900 30.7167 30
4850000 31.3086 30
