# Time-averaged data for fix myat1
# TimeStep v_xave v_xdes
7550100 19.9921 20
7550200 19.9235 20
7550300 19.9272 20
7550400 20.1435 20
7550500 20.444 20
7550600 20.5141 20
7550700 20.1385 20
7550800 19.8542 20
7550900 19.7768 20
7551000 19.9111 20
7551100 20.4499 20
7551200 20.819 20
7551300 20.6284 20
7551400 20.2918 20
7551500 20.1111 20
7551600 20.2771 20
7551700 20.2197 20
7551800 19.9919 20
7551900 19.6393 20
7552000 19.4173 20
7552100 19.3284 20
7552200 19.4731 20
7552300 19.6232 20
7552400 20.0679 20
7552500 20.3206 20
7552600 20.2341 20
7552700 20.0551 20
7552800 20.0605 20
7552900 20.1165 20
7553000 19.893 20
7553100 19.7207 20
7553200 19.565 20
7553300 19.6168 20
7553400 19.7941 20
7553500 19.9715 20
7553600 20.1656 20
7553700 19.8815 20
7553800 19.6325 20
7553900 19.423 20
7554000 19.3713 20
7554100 19.4364 20
7554200 19.7514 20
7554300 20.236 20
7554400 20.4101 20
7554500 20.2697 20
7554600 20.353 20
7554700 20.4536 20
7554800 20.2214 20
7554900 19.8619 20
7555000 19.8886 20
7555100 20.1581 20
7555200 20.5825 20
7555300 20.5576 20
7555400 20.3795 20
7555500 20.1998 20
7555600 20.1345 20
7555700 20.1585 20
7555800 20.3822 20
7555900 20.4893 20
7556000 20.1339 20
7556100 19.711 20
7556200 19.703 20
7556300 19.8785 20
7556400 19.9337 20
7556500 19.8374 20
7556600 19.9494 20
7556700 20.1865 20
7556800 20.0956 20
7556900 19.7691 20
7557000 19.7189 20
7557100 19.9472 20
7557200 19.8447 20
7557300 19.4416 20
7557400 19.1989 20
7557500 19.172 20
7557600 19.5066 20
7557700 20.0441 20
7557800 20.301 20
7557900 20.1756 20
7558000 20.0612 20
7558100 19.8266 20
7558200 19.622 20
7558300 19.5562 20
7558400 19.7666 20
7558500 20.0471 20
7558600 20.2226 20
7558700 20.2923 20
7558800 20.0694 20
7558900 19.6516 20
7559000 19.4001 20
7559100 19.1632 20
7559200 19.4444 20
7559300 19.9266 20
7559400 20.1332 20
7559500 20.3474 20
7559600 20.6663 20
7559700 20.4382 20
7559800 19.9421 20
7559900 19.5603 20
7560000 19.5282 20
7560100 19.5973 20
7560200 19.847 20
7560300 20.276 20
7560400 20.5926 20
7560500 20.5182 20
7560600 20.0324 20
7560700 19.6969 20
7560800 19.5967 20
7560900 19.7924 20
7561000 20.1283 20
7561100 20.3855 20
7561200 20.3854 20
7561300 20.3665 20
7561400 20.4641 20
7561500 20.3754 20
7561600 20.2477 20
7561700 19.8225 20
7561800 19.419 20
7561900 19.183 20
7562000 19.3394 20
7562100 19.7894 20
7562200 20.0545 20
7562300 20.2155 20
7562400 20.4114 20
7562500 20.5951 20
7562600 20.6733 20
7562700 20.6289 20
7562800 20.6318 20
7562900 20.6266 20
7563000 20.4709 20
7563100 20.1105 20
7563200 19.5037 20
7563300 18.6546 20
7563400 18.2507 20
7563500 18.4717 20
7563600 19.0892 20
7563700 20.0443 20
7563800 20.9895 20
7563900 21.2151 20
7564000 20.6364 20
7564100 19.8248 20
7564200 19.1964 20
7564300 19.1379 20
7564400 19.3692 20
7564500 19.8236 20
7564600 20.2483 20
7564700 20.5616 20
7564800 20.5013 20
7564900 20.1329 20
7565000 19.5268 20
7565100 19.3132 20
7565200 19.1576 20
7565300 19.1829 20
7565400 19.3866 20
7565500 19.7824 20
7565600 20.0872 20
7565700 20.2264 20
7565800 20.3827 20
7565900 20.7946 20
7566000 20.9695 20
7566100 20.5117 20
7566200 19.7683 20
7566300 19.3262 20
7566400 19.1883 20
7566500 19.4876 20
7566600 20.2435 20
7566700 20.9053 20
7566800 21.0404 20
7566900 20.7299 20
7567000 20.4988 20
7567100 20.0552 20
7567200 19.7335 20
7567300 19.9093 20
7567400 20.3661 20
7567500 20.7336 20
7567600 20.8423 20
7567700 20.5179 20
7567800 20.1491 20
7567900 19.8481 20
7568000 19.9215 20
7568100 20.2686 20
7568200 20.6165 20
7568300 20.6811 20
7568400 20.4532 20
7568500 20.0257 20
7568600 19.7577 20
7568700 19.6171 20
7568800 19.7334 20
7568900 19.9343 20
7569000 20.2697 20
7569100 20.5378 20
7569200 20.6786 20
7569300 20.6282 20
7569400 20.3156 20
7569500 19.964 20
7569600 19.4597 20
7569700 19.3853 20
7569800 19.4172 20
7569900 19.5594 20
7570000 19.8897 20
7570100 20.1347 20
7570200 20.2632 20
7570300 20.3622 20
7570400 20.3479 20
7570500 20.3502 20
7570600 20.305 20
7570700 20.0299 20
7570800 19.7891 20
7570900 19.7066 20
7571000 19.9335 20
7571100 19.8875 20
7571200 19.7444 20
7571300 20.0176 20
7571400 20.3639 20
7571500 20.6131 20
7571600 20.8775 20
7571700 20.7179 20
7571800 20.2312 20
7571900 19.9387 20
7572000 19.9991 20
7572100 20.1476 20
7572200 20.0328 20
7572300 19.9825 20
7572400 20.0446 20
7572500 20.2639 20
7572600 20.6094 20
7572700 20.6954 20
7572800 20.8344 20
7572900 20.7112 20
7573000 20.0078 20
7573100 19.4441 20
7573200 19.3901 20
7573300 19.5096 20
7573400 19.8074 20
7573500 20.3444 20
7573600 20.6835 20
7573700 20.8298 20
7573800 20.6453 20
7573900 19.9713 20
7574000 19.3602 20
7574100 19.0029 20
7574200 19.0556 20
7574300 19.3565 20
7574400 19.727 20
7574500 20.1515 20
7574600 20.4359 20
7574700 20.3959 20
7574800 20.3167 20
7574900 20.2725 20
7575000 20.1128 20
7575100 19.9399 20
7575200 19.7345 20
7575300 19.5959 20
7575400 19.8361 20
7575500 20.2405 20
7575600 20.561 20
7575700 20.7112 20
7575800 20.7555 20
7575900 20.6263 20
7576000 20.6553 20
7576100 20.3831 20
7576200 19.9432 20
7576300 19.521 20
7576400 19.3176 20
7576500 19.722 20
7576600 20.3747 20
7576700 20.7239 20
7576800 20.89 20
7576900 20.9786 20
7577000 20.7475 20
7577100 20.132 20
7577200 19.707 20
7577300 19.3708 20
7577400 19.1415 20
7577500 19.2063 20
7577600 19.3313 20
7577700 19.6302 20
7577800 19.7806 20
7577900 19.9156 20
7578000 20.1286 20
7578100 20.2957 20
7578200 20.4906 20
7578300 20.3999 20
7578400 20.0119 20
7578500 19.7878 20
7578600 20.0216 20
7578700 20.5728 20
7578800 20.8232 20
7578900 20.8516 20
7579000 20.8713 20
7579100 20.7354 20
7579200 20.6502 20
7579300 20.556 20
7579400 20.1796 20
7579500 19.8409 20
7579600 19.599 20
7579700 19.7896 20
7579800 19.9259 20
7579900 19.691 20
7580000 19.5847 20
7580100 19.5821 20
7580200 19.452 20
7580300 19.7 20
7580400 19.9288 20
7580500 20.2077 20
7580600 20.5329 20
7580700 20.6632 20
7580800 20.3068 20
7580900 19.9259 20
7581000 19.5606 20
7581100 19.414 20
7581200 19.5502 20
7581300 19.8418 20
7581400 19.994 20
7581500 19.9573 20
7581600 19.752 20
7581700 19.5468 20
7581800 19.6481 20
7581900 19.9265 20
7582000 20.015 20
7582100 19.9932 20
7582200 19.8879 20
7582300 19.7457 20
7582400 19.7191 20
7582500 19.8299 20
7582600 19.8737 20
7582700 19.8115 20
7582800 19.8166 20
7582900 19.6048 20
7583000 19.5476 20
7583100 19.8926 20
7583200 20.1371 20
7583300 20.1136 20
7583400 19.967 20
7583500 19.5818 20
7583600 19.3563 20
7583700 19.3096 20
7583800 19.3733 20
7583900 19.5636 20
7584000 19.9502 20
7584100 20.212 20
7584200 20.2794 20
7584300 20.2336 20
7584400 19.8689 20
7584500 19.8364 20
7584600 19.7948 20
7584700 19.5489 20
7584800 19.3231 20
7584900 19.4692 20
7585000 19.8868 20
7585100 20.3633 20
7585200 20.6977 20
7585300 20.5318 20
7585400 20.0641 20
7585500 19.5092 20
7585600 19.4178 20
7585700 19.5774 20
7585800 19.8469 20
7585900 20.0615 20
7586000 20.1979 20
7586100 20.2123 20
7586200 19.9905 20
7586300 19.8195 20
7586400 19.7087 20
7586500 19.4199 20
7586600 19.4747 20
7586700 19.4873 20
7586800 19.659 20
7586900 19.8917 20
7587000 19.9922 20
7587100 19.9286 20
7587200 19.8077 20
7587300 19.6163 20
7587400 19.4776 20
7587500 19.5148 20
7587600 19.8367 20
7587700 20.4582 20
7587800 20.6239 20
7587900 20.3148 20
7588000 20.2541 20
7588100 20.5895 20
7588200 20.7494 20
7588300 20.6884 20
7588400 20.5618 20
7588500 20.6438 20
7588600 20.5907 20
7588700 20.4154 20
7588800 20.2478 20
7588900 20.1832 20
7589000 20.2738 20
7589100 20.4119 20
7589200 20.5542 20
7589300 20.3212 20
7589400 19.8655 20
7589500 19.5986 20
7589600 19.69 20
7589700 19.9088 20
7589800 20.1613 20
7589900 20.5781 20
7590000 20.9226 20
7590100 20.945 20
7590200 20.5477 20
7590300 19.979 20
7590400 19.6259 20
7590500 19.7567 20
7590600 20.2366 20
7590700 20.4037 20
7590800 20.2999 20
7590900 20.1084 20
7591000 20.1274 20
7591100 20.0535 20
7591200 19.8728 20
7591300 19.6542 20
7591400 19.5467 20
7591500 19.5065 20
7591600 19.6635 20
7591700 19.9744 20
7591800 20.0241 20
7591900 19.6702 20
7592000 19.4907 20
7592100 19.7018 20
7592200 19.9389 20
7592300 20.0153 20
7592400 19.9249 20
7592500 19.8371 20
7592600 19.7434 20
7592700 19.6915 20
7592800 19.4569 20
7592900 19.1796 20
7593000 19.109 20
7593100 19.4588 20
7593200 19.7806 20
7593300 19.8864 20
7593400 20.2108 20
7593500 20.5371 20
7593600 20.673 20
7593700 20.5873 20
7593800 20.2512 20
7593900 19.9448 20
7594000 19.8024 20
7594100 19.6861 20
7594200 19.5282 20
7594300 19.4048 20
7594400 19.3838 20
7594500 19.5187 20
7594600 19.6916 20
7594700 19.9659 20
7594800 20.4955 20
7594900 20.6254 20
7595000 20.5344 20
7595100 20.1985 20
7595200 19.7177 20
7595300 19.2464 20
7595400 19.2292 20
7595500 19.4386 20
7595600 19.825 20
7595700 20.5136 20
7595800 20.8872 20
7595900 20.929 20
7596000 20.854 20
7596100 20.5767 20
7596200 20.1529 20
7596300 20.1353 20
7596400 20.0696 20
7596500 19.9211 20
7596600 19.7433 20
7596700 19.5927 20
7596800 19.6158 20
7596900 19.9035 20
7597000 20.0305 20
7597100 20.2253 20
7597200 20.5127 20
7597300 20.604 20
7597400 20.4623 20
7597500 20.2968 20
7597600 20.1657 20
7597700 19.9561 20
7597800 19.6514 20
7597900 19.631 20
7598000 20.0118 20
7598100 20.4057 20
7598200 20.6705 20
7598300 20.6208 20
7598400 20.1898 20
7598500 19.8694 20
7598600 19.7508 20
7598700 19.8379 20
7598800 19.9048 20
7598900 19.558 20
7599000 19.3219 20
7599100 19.3954 20
7599200 19.6601 20
7599300 19.8443 20
7599400 20.0096 20
7599500 20.0859 20
7599600 19.9467 20
7599700 19.8656 20
7599800 19.9719 20
7599900 20.2955 20
7600000 20.7653 20
7600100 20.8494 20
7600200 20.7704 20
7600300 20.3119 20
7600400 19.9434 20
7600500 19.4734 20
7600600 19.3987 20
7600700 19.8823 20
7600800 20.3686 20
7600900 20.4296 20
7601000 20.1787 20
7601100 19.7609 20
7601200 19.5716 20
7601300 19.6102 20
7601400 19.8212 20
7601500 20.1135 20
7601600 20.4345 20
7601700 20.7931 20
7601800 20.7727 20
7601900 20.6608 20
7602000 20.5861 20
7602100 20.4117 20
7602200 20.2479 20
7602300 20.2634 20
7602400 20.367 20
7602500 20.4519 20
7602600 20.3566 20
7602700 19.9205 20
7602800 19.8798 20
7602900 20.2087 20
7603000 20.7355 20
7603100 20.7608 20
7603200 20.4995 20
7603300 20.3311 20
7603400 20.0957 20
7603500 19.6958 20
7603600 19.0746 20
7603700 18.9254 20
7603800 18.971 20
7603900 19.1471 20
7604000 19.4239 20
7604100 19.6937 20
7604200 19.7857 20
7604300 20.0474 20
7604400 20.2093 20
7604500 20.342 20
7604600 20.1471 20
7604700 19.8193 20
7604800 19.6754 20
7604900 19.6453 20
7605000 19.6154 20
7605100 19.6383 20
7605200 19.7647 20
7605300 19.9644 20
7605400 20.12 20
7605500 20.0913 20
7605600 19.8452 20
7605700 19.7829 20
7605800 19.7943 20
7605900 19.9892 20
7606000 20.1635 20
7606100 20.1353 20
7606200 19.9899 20
7606300 19.6773 20
7606400 19.3345 20
7606500 19.1523 20
7606600 19.298 20
7606700 19.5872 20
7606800 20.2516 20
7606900 20.7621 20
7607000 20.7748 20
7607100 20.3596 20
7607200 19.6816 20
7607300 19.3781 20
7607400 19.477 20
7607500 19.695 20
7607600 19.8337 20
7607700 20.0525 20
7607800 20.0481 20
7607900 20.0381 20
7608000 20.1271 20
7608100 20.0986 20
7608200 19.9404 20
7608300 19.7713 20
7608400 19.5886 20
7608500 19.6403 20
7608600 19.9804 20
7608700 20.4747 20
7608800 20.792 20
7608900 20.5029 20
7609000 20.0478 20
7609100 19.8406 20
7609200 19.829 20
7609300 19.6719 20
7609400 19.8619 20
7609500 20.2148 20
7609600 20.3507 20
7609700 20.0434 20
7609800 19.8732 20
7609900 19.9719 20
7610000 20.0621 20
7610100 20.3408 20
7610200 20.6005 20
7610300 20.4935 20
7610400 20.1239 20
7610500 20.0617 20
7610600 20.4053 20
7610700 20.6243 20
7610800 20.6796 20
7610900 20.5988 20
7611000 20.2493 20
7611100 20.0641 20
7611200 19.937 20
7611300 19.9033 20
7611400 19.9529 20
7611500 20.077 20
7611600 20.2882 20
7611700 20.4283 20
7611800 20.4649 20
7611900 20.2208 20
7612000 20.0004 20
7612100 19.889 20
7612200 19.7236 20
7612300 19.8083 20
7612400 20.1895 20
7612500 20.4764 20
7612600 20.5834 20
7612700 20.7324 20
7612800 20.5822 20
7612900 20.1512 20
7613000 19.6601 20
7613100 19.3546 20
7613200 19.6142 20
7613300 19.8898 20
7613400 20.2374 20
7613500 20.5522 20
7613600 20.5786 20
7613700 20.4681 20
7613800 19.9633 20
7613900 19.6254 20
7614000 19.4517 20
7614100 19.7679 20
7614200 20.2128 20
7614300 20.4448 20
7614400 20.3858 20
7614500 20.3629 20
7614600 20.277 20
7614700 20.2028 20
7614800 19.8088 20
7614900 19.4846 20
7615000 19.4875 20
7615100 20.0209 20
7615200 20.6385 20
7615300 20.9167 20
7615400 20.9711 20
7615500 20.8687 20
7615600 20.4382 20
7615700 19.999 20
7615800 19.9239 20
7615900 19.8664 20
7616000 19.7675 20
7616100 19.5871 20
7616200 19.5912 20
7616300 19.7928 20
7616400 20.3124 20
7616500 20.6681 20
7616600 20.6231 20
7616700 20.2566 20
7616800 19.9419 20
7616900 19.9041 20
7617000 20.006 20
7617100 20.1478 20
7617200 20.1297 20
7617300 20.1527 20
7617400 20.3717 20
7617500 20.2921 20
7617600 20.1098 20
7617700 20.0736 20
7617800 19.9431 20
7617900 19.8124 20
7618000 19.6364 20
7618100 19.4716 20
7618200 19.6463 20
7618300 19.7553 20
7618400 20.1567 20
7618500 20.7075 20
7618600 21.126 20
7618700 21.2174 20
7618800 21.0764 20
7618900 20.7058 20
7619000 20.4405 20
7619100 20.3438 20
7619200 20.3354 20
7619300 20.3464 20
7619400 20.1512 20
7619500 20.0919 20
7619600 20.3983 20
7619700 20.525 20
7619800 20.3286 20
7619900 20.2864 20
7620000 20.1373 20
7620100 19.8878 20
7620200 19.5821 20
7620300 19.302 20
7620400 19.3843 20
7620500 19.8151 20
7620600 20.3895 20
7620700 20.8563 20
7620800 21.1928 20
7620900 21.3054 20
7621000 21.1677 20
7621100 20.4826 20
7621200 20.0794 20
7621300 20.1923 20
7621400 20.0692 20
7621500 20.0582 20
7621600 20.156 20
7621700 20.2539 20
7621800 20.2972 20
7621900 20.4882 20
7622000 20.8085 20
7622100 20.8373 20
7622200 20.526 20
7622300 19.7577 20
7622400 19.0304 20
7622500 19.0324 20
7622600 19.5747 20
7622700 20.0848 20
7622800 20.409 20
7622900 20.7472 20
7623000 20.8043 20
7623100 20.3815 20
7623200 19.779 20
7623300 19.4584 20
7623400 19.6064 20
7623500 19.9662 20
7623600 20.0642 20
7623700 20.1692 20
7623800 20.2678 20
7623900 20.02 20
7624000 19.7005 20
7624100 19.3517 20
7624200 19.1319 20
7624300 19.0717 20
7624400 19.4998 20
7624500 20.1669 20
7624600 20.4518 20
7624700 20.4137 20
7624800 20.5385 20
7624900 20.6208 20
7625000 20.4824 20
7625100 20.5174 20
7625200 20.6366 20
7625300 20.7372 20
7625400 20.5419 20
7625500 20.2575 20
7625600 19.9488 20
7625700 19.605 20
7625800 19.4916 20
7625900 19.8017 20
7626000 20.2496 20
7626100 20.5319 20
7626200 20.7423 20
7626300 20.4974 20
7626400 20.1378 20
7626500 20.0808 20
7626600 20.1507 20
7626700 20.1047 20
7626800 20.233 20
7626900 20.6696 20
7627000 20.7532 20
7627100 20.3946 20
7627200 19.7789 20
7627300 19.2828 20
7627400 19.1422 20
7627500 19.1595 20
7627600 19.2042 20
7627700 19.3025 20
7627800 19.606 20
7627900 19.8126 20
7628000 19.8498 20
7628100 19.8812 20
7628200 20.1422 20
7628300 20.5027 20
7628400 20.958 20
7628500 21.0326 20
7628600 20.5738 20
7628700 20.0145 20
7628800 19.6671 20
7628900 19.6168 20
7629000 19.4369 20
7629100 19.3894 20
7629200 19.9785 20
7629300 20.8719 20
7629400 21.225 20
7629500 20.8248 20
7629600 20.367 20
7629700 19.9286 20
7629800 19.6703 20
7629900 19.6596 20
7630000 19.99 20
7630100 20.3481 20
7630200 20.5071 20
7630300 20.5658 20
7630400 20.5838 20
7630500 20.2908 20
7630600 19.9543 20
7630700 19.6224 20
7630800 19.6149 20
7630900 19.7025 20
7631000 19.8282 20
7631100 20.0529 20
7631200 20.3957 20
7631300 20.6941 20
7631400 20.7724 20
7631500 20.7298 20
7631600 20.1464 20
7631700 19.4914 20
7631800 19.4555 20
7631900 19.8276 20
7632000 20.2735 20
7632100 20.386 20
7632200 20.1032 20
7632300 19.6774 20
7632400 19.2003 20
7632500 18.8657 20
7632600 18.9105 20
7632700 19.1088 20
7632800 19.5708 20
7632900 19.9974 20
7633000 20.5102 20
7633100 20.795 20
7633200 20.9404 20
7633300 20.7135 20
7633400 20.1829 20
7633500 19.6295 20
7633600 19.4485 20
7633700 19.6753 20
7633800 20.0992 20
7633900 20.2501 20
7634000 20.0749 20
7634100 19.7222 20
7634200 19.3198 20
7634300 18.846 20
7634400 18.8629 20
7634500 19.6268 20
7634600 20.4729 20
7634700 20.9982 20
7634800 21.0058 20
7634900 20.6136 20
7635000 20.1057 20
7635100 19.7188 20
7635200 19.2875 20
7635300 19.0662 20
7635400 19.2246 20
7635500 19.6382 20
7635600 20.0188 20
7635700 20.2298 20
7635800 20.22 20
7635900 20.0627 20
7636000 19.8768 20
7636100 19.8063 20
7636200 19.9556 20
7636300 20.205 20
7636400 20.2854 20
7636500 20.0501 20
7636600 19.5691 20
7636700 19.1572 20
7636800 18.9679 20
7636900 19.1854 20
7637000 19.5247 20
7637100 19.8721 20
7637200 20.3866 20
7637300 20.9913 20
7637400 21.0353 20
7637500 20.5274 20
7637600 20.2691 20
7637700 20.0522 20
7637800 19.8781 20
7637900 19.7292 20
7638000 19.4878 20
7638100 19.0382 20
7638200 19.2475 20
7638300 19.9926 20
7638400 20.8108 20
7638500 21.0736 20
7638600 20.7548 20
7638700 20.2361 20
7638800 19.8598 20
7638900 19.6702 20
7639000 19.6075 20
7639100 19.5682 20
7639200 19.5452 20
7639300 19.9267 20
7639400 20.2729 20
7639500 20.5122 20
7639600 20.5494 20
7639700 20.3978 20
7639800 19.9289 20
7639900 19.7479 20
7640000 19.8074 20
7640100 19.8994 20
7640200 19.9441 20
7640300 19.9955 20
7640400 20.1305 20
7640500 20.215 20
7640600 20.0446 20
7640700 19.6329 20
7640800 19.6251 20
7640900 19.7422 20
7641000 19.8451 20
7641100 19.789 20
7641200 19.6553 20
7641300 19.7308 20
7641400 19.9094 20
7641500 20.0383 20
7641600 20.2067 20
7641700 20.2483 20
7641800 20.4216 20
7641900 20.491 20
7642000 20.311 20
7642100 19.9016 20
7642200 19.5545 20
7642300 19.3633 20
7642400 19.2173 20
7642500 19.2376 20
7642600 19.2749 20
7642700 19.2528 20
7642800 19.4085 20
7642900 19.5686 20
7643000 19.9164 20
7643100 20.6188 20
7643200 21.0137 20
7643300 20.9917 20
7643400 20.4752 20
7643500 19.8227 20
7643600 19.4153 20
7643700 19.5159 20
7643800 19.5003 20
7643900 19.7301 20
7644000 19.8647 20
7644100 19.8242 20
7644200 19.6977 20
7644300 19.5383 20
7644400 19.2606 20
7644500 18.9843 20
7644600 18.9549 20
7644700 19.0835 20
7644800 19.1929 20
7644900 19.4191 20
7645000 19.7642 20
7645100 19.9495 20
7645200 19.9383 20
7645300 20.0033 20
7645400 20.0445 20
7645500 20.0936 20
7645600 20.2929 20
7645700 20.4872 20
7645800 20.3547 20
7645900 20.2031 20
7646000 20.3622 20
7646100 20.3108 20
7646200 19.9814 20
7646300 19.5147 20
7646400 18.9807 20
7646500 19.1416 20
7646600 19.7133 20
7646700 19.9325 20
7646800 20.2774 20
7646900 20.8331 20
7647000 21.0741 20
7647100 20.6131 20
7647200 19.8274 20
7647300 19.1858 20
7647400 18.6244 20
7647500 18.4713 20
7647600 18.6977 20
7647700 19.1426 20
7647800 19.5529 20
7647900 20.0132 20
7648000 20.0863 20
7648100 20.1125 20
7648200 20.4511 20
7648300 20.5599 20
7648400 20.4824 20
7648500 20.5139 20
7648600 20.6097 20
7648700 20.562 20
7648800 20.1814 20
7648900 19.7351 20
7649000 19.7938 20
7649100 20.0108 20
7649200 20.0845 20
7649300 20.38 20
7649400 20.5103 20
7649500 20.7185 20
7649600 20.9221 20
7649700 20.9552 20
7649800 20.5443 20
7649900 20.1748 20
7650000 20.1991 20
7650100 20.1663 20
7650200 20.0287 20
7650300 19.9255 20
7650400 19.6503 20
7650500 19.481 20
7650600 19.8336 20
7650700 20.2045 20
7650800 20.6602 20
7650900 21.024 20
7651000 20.9084 20
7651100 20.5627 20
7651200 20.241 20
7651300 19.9285 20
7651400 19.8025 20
7651500 19.6274 20
7651600 19.5193 20
7651700 19.6127 20
7651800 19.7436 20
7651900 19.9544 20
7652000 20.3684 20
7652100 20.2847 20
7652200 19.7741 20
7652300 19.575 20
7652400 19.4819 20
7652500 19.4031 20
7652600 19.2435 20
7652700 19.3712 20
7652800 19.7685 20
7652900 20.1123 20
7653000 20.4256 20
7653100 20.4302 20
7653200 20.1269 20
7653300 20.0912 20
7653400 20.3131 20
7653500 20.5242 20
7653600 20.7222 20
7653700 20.5233 20
7653800 20.3156 20
7653900 20.1309 20
7654000 19.9834 20
7654100 20.0393 20
7654200 20.0332 20
7654300 20.1897 20
7654400 20.0431 20
7654500 19.955 20
7654600 19.8473 20
7654700 19.5683 20
7654800 19.59 20
7654900 19.7459 20
7655000 19.7564 20
7655100 19.766 20
7655200 19.976 20
7655300 20.2457 20
7655400 20.3622 20
7655500 20.3134 20
7655600 20.4698 20
7655700 20.3533 20
7655800 20.2131 20
7655900 20.0222 20
7656000 19.8826 20
7656100 19.9532 20
7656200 20.0033 20
7656300 20.2849 20
7656400 20.3821 20
7656500 20.2614 20
7656600 20.0596 20
7656700 19.7068 20
7656800 19.3662 20
7656900 19.4649 20
7657000 19.956 20
7657100 20.3288 20
7657200 20.4259 20
7657300 20.499 20
7657400 20.3189 20
7657500 19.9687 20
7657600 19.779 20
7657700 19.8433 20
7657800 20.0767 20
7657900 20.1859 20
7658000 20.1368 20
7658100 19.7542 20
7658200 19.2612 20
7658300 19.3565 20
7658400 19.7268 20
7658500 20.0233 20
7658600 20.4084 20
7658700 20.7359 20
7658800 20.5731 20
7658900 20.1796 20
7659000 19.9565 20
7659100 19.9076 20
7659200 19.6812 20
7659300 19.6746 20
7659400 19.8693 20
7659500 19.9988 20
7659600 19.944 20
7659700 19.8477 20
7659800 19.8546 20
7659900 20.305 20
7660000 20.5788 20
7660100 20.4594 20
7660200 20.2683 20
7660300 19.8392 20
7660400 19.4787 20
7660500 19.7993 20
7660600 20.2975 20
7660700 20.6975 20
7660800 21.1706 20
7660900 21.2774 20
7661000 20.7914 20
7661100 20.2782 20
7661200 19.95 20
7661300 19.7074 20
7661400 19.5745 20
7661500 19.5167 20
7661600 19.547 20
7661700 19.7988 20
7661800 20.0193 20
7661900 20.1176 20
7662000 20.131 20
7662100 19.9508 20
7662200 19.7506 20
7662300 19.661 20
7662400 19.6084 20
7662500 19.743 20
7662600 19.9607 20
7662700 19.9619 20
7662800 19.7589 20
7662900 19.6701 20
7663000 20.075 20
7663100 20.816 20
7663200 21.2631 20
7663300 20.9144 20
7663400 20.2518 20
7663500 19.6088 20
7663600 19.0397 20
7663700 18.5776 20
7663800 18.6609 20
7663900 19.1798 20
7664000 19.8986 20
7664100 20.4276 20
7664200 20.4248 20
7664300 20.5373 20
7664400 20.6513 20
7664500 20.5031 20
7664600 20.1068 20
7664700 19.964 20
7664800 20.1942 20
7664900 20.3215 20
7665000 20.231 20
7665100 19.9672 20
7665200 19.6582 20
7665300 19.6034 20
7665400 19.6811 20
7665500 19.8249 20
7665600 19.9931 20
7665700 20.3247 20
7665800 20.5257 20
7665900 20.2392 20
7666000 19.803 20
7666100 19.6521 20
7666200 19.6865 20
7666300 19.6666 20
7666400 19.7216 20
7666500 20.084 20
7666600 20.2531 20
7666700 20.2428 20
7666800 20.0826 20
7666900 19.8542 20
7667000 19.7019 20
7667100 19.5392 20
7667200 19.3778 20
7667300 19.4972 20
7667400 19.6427 20
7667500 19.6584 20
7667600 19.7692 20
7667700 19.8652 20
7667800 19.9243 20
7667900 19.6267 20
7668000 19.0913 20
7668100 18.8464 20
7668200 19.0886 20
7668300 19.8419 20
7668400 20.6634 20
7668500 20.8622 20
7668600 20.5635 20
7668700 20.2417 20
7668800 20.096 20
7668900 19.9283 20
7669000 19.6966 20
7669100 19.575 20
7669200 19.3814 20
7669300 19.2413 20
7669400 19.4562 20
7669500 19.8566 20
7669600 19.8721 20
7669700 19.6243 20
7669800 19.6524 20
7669900 19.9519 20
7670000 20.2377 20
7670100 20.3769 20
7670200 20.4277 20
7670300 20.1353 20
7670400 19.7047 20
7670500 19.4975 20
7670600 19.6069 20
7670700 19.8501 20
7670800 19.8898 20
7670900 19.9471 20
7671000 19.8313 20
7671100 19.661 20
7671200 19.7157 20
7671300 19.8421 20
7671400 19.9198 20
7671500 19.9987 20
7671600 20.1443 20
7671700 20.0928 20
7671800 20.3365 20
7671900 20.5787 20
7672000 20.3694 20
7672100 20.1291 20
7672200 19.6317 20
7672300 19.1945 20
7672400 18.9406 20
7672500 18.8889 20
7672600 19.1768 20
7672700 19.8228 20
7672800 20.3966 20
7672900 20.3354 20
7673000 20.2014 20
7673100 20.1006 20
7673200 20.1676 20
7673300 20.27 20
7673400 20.2857 20
7673500 20.1868 20
7673600 20.0751 20
7673700 20.203 20
7673800 20.1067 20
7673900 20.0159 20
7674000 20.0205 20
7674100 19.893 20
7674200 19.8368 20
7674300 19.8757 20
7674400 19.7029 20
7674500 19.6272 20
7674600 19.6621 20
7674700 19.7034 20
7674800 19.9335 20
7674900 20.1566 20
7675000 20.1946 20
7675100 20.0392 20
7675200 19.8088 20
7675300 19.8879 20
7675400 19.9538 20
7675500 19.8984 20
7675600 19.7613 20
7675700 19.6949 20
7675800 19.7809 20
7675900 20.0216 20
7676000 20.1949 20
7676100 20.321 20
7676200 20.3659 20
7676300 20.2329 20
7676400 19.9156 20
7676500 19.5756 20
7676600 19.4445 20
7676700 19.3435 20
7676800 19.1947 20
7676900 19.4555 20
7677000 19.8449 20
7677100 19.9362 20
7677200 20.1971 20
7677300 20.3465 20
7677400 20.438 20
7677500 20.4371 20
7677600 20.3418 20
7677700 20.076 20
7677800 19.9381 20
7677900 20.0226 20
7678000 20.1423 20
7678100 20.1075 20
7678200 19.9615 20
7678300 19.9452 20
7678400 20.0324 20
7678500 20.2025 20
7678600 20.0582 20
7678700 19.7903 20
7678800 19.2822 20
7678900 18.9327 20
7679000 19.2021 20
7679100 19.7442 20
7679200 19.9759 20
7679300 20.1487 20
7679400 20.203 20
7679500 20.1441 20
7679600 19.8976 20
7679700 19.7776 20
7679800 20.0448 20
7679900 20.4653 20
7680000 20.7073 20
7680100 20.5728 20
7680200 20.2033 20
7680300 19.7638 20
7680400 19.4872 20
7680500 19.2633 20
7680600 19.2338 20
7680700 19.1961 20
7680800 19.3496 20
7680900 19.4409 20
7681000 19.5344 20
7681100 19.5246 20
7681200 19.2187 20
7681300 19.2025 20
7681400 19.4112 20
7681500 19.873 20
7681600 20.3534 20
7681700 20.5487 20
7681800 20.6129 20
7681900 20.6527 20
7682000 20.6409 20
7682100 20.6295 20
7682200 20.5439 20
7682300 20.4044 20
7682400 20.5574 20
7682500 20.551 20
7682600 20.5693 20
7682700 20.5825 20
7682800 20.4416 20
7682900 20.1267 20
7683000 19.7363 20
7683100 19.6044 20
7683200 19.6712 20
7683300 19.7687 20
7683400 19.9445 20
7683500 19.9339 20
7683600 19.8989 20
7683700 19.9783 20
7683800 20.2581 20
7683900 20.2362 20
7684000 20.1662 20
7684100 20.1654 20
7684200 20.2153 20
7684300 20.2858 20
7684400 20.1001 20
7684500 19.9431 20
7684600 20.038 20
7684700 20.1647 20
7684800 20.0611 20
7684900 19.9962 20
7685000 20.138 20
7685100 20.3141 20
7685200 20.3537 20
7685300 20.2402 20
7685400 20.1912 20
7685500 20.1159 20
7685600 20.1812 20
7685700 20.2968 20
7685800 20.2124 20
7685900 19.9561 20
7686000 19.4774 20
7686100 19.2016 20
7686200 19.2323 20
7686300 19.664 20
7686400 20.0745 20
7686500 20.4205 20
7686600 20.2439 20
7686700 19.5837 20
7686800 19.164 20
7686900 19.2401 20
7687000 19.6975 20
7687100 19.9367 20
7687200 19.9154 20
7687300 19.7978 20
7687400 19.9308 20
7687500 20.3164 20
7687600 20.8491 20
7687700 20.9693 20
7687800 20.4755 20
7687900 19.9053 20
7688000 19.6142 20
7688100 19.4834 20
7688200 19.768 20
7688300 20.1496 20
7688400 20.1238 20
7688500 19.7465 20
7688600 19.6292 20
7688700 19.5919 20
7688800 19.7675 20
7688900 20.1722 20
7689000 20.4861 20
7689100 20.4205 20
7689200 20.1403 20
7689300 19.9237 20
7689400 19.654 20
7689500 19.6632 20
7689600 19.87 20
7689700 20.0611 20
7689800 20.0037 20
7689900 19.7126 20
7690000 19.5021 20
7690100 19.5184 20
7690200 19.3829 20
7690300 19.1817 20
7690400 19.1128 20
7690500 19.1194 20
7690600 19.1605 20
7690700 19.4416 20
7690800 19.7484 20
7690900 19.9954 20
7691000 20.3251 20
7691100 20.2965 20
7691200 19.8944 20
7691300 19.6178 20
7691400 19.4795 20
7691500 19.6095 20
7691600 20.3561 20
7691700 21.0095 20
7691800 21.0505 20
7691900 20.6783 20
7692000 20.1495 20
7692100 19.8129 20
7692200 19.6163 20
7692300 19.849 20
7692400 20.068 20
7692500 20.0601 20
7692600 20.1808 20
7692700 20.2275 20
7692800 20.2721 20
7692900 20.4999 20
7693000 20.4389 20
7693100 20.156 20
7693200 19.9142 20
7693300 19.4271 20
7693400 19.2493 20
7693500 19.5058 20
7693600 19.7843 20
7693700 20.0902 20
7693800 20.4829 20
7693900 20.7393 20
7694000 20.6883 20
7694100 20.1835 20
7694200 19.8347 20
7694300 19.6899 20
7694400 19.7241 20
7694500 19.8955 20
7694600 19.7736 20
7694700 19.4751 20
7694800 19.6031 20
7694900 20.0314 20
7695000 20.4316 20
7695100 20.5192 20
7695200 20.5726 20
7695300 20.3708 20
7695400 20.2514 20
7695500 20.1833 20
7695600 20.1358 20
7695700 19.9942 20
7695800 19.8689 20
7695900 19.7544 20
7696000 19.7082 20
7696100 19.791 20
7696200 20.0933 20
7696300 20.1679 20
7696400 19.9495 20
7696500 19.6397 20
7696600 19.5856 20
7696700 19.848 20
7696800 20.2232 20
7696900 20.5351 20
7697000 20.5775 20
7697100 20.5202 20
7697200 20.5112 20
7697300 20.3544 20
7697400 19.9912 20
7697500 19.6971 20
7697600 19.8102 20
7697700 20.1124 20
7697800 20.4589 20
7697900 20.5225 20
7698000 20.2071 20
7698100 19.8129 20
7698200 19.3797 20
7698300 19.2202 20
7698400 19.5297 20
7698500 19.8871 20
7698600 20.1375 20
7698700 20.339 20
7698800 20.0592 20
7698900 19.9308 20
7699000 19.8813 20
7699100 19.8487 20
7699200 20.0172 20
7699300 20.3653 20
7699400 20.5984 20
7699500 20.3153 20
7699600 19.5744 20
7699700 18.8702 20
7699800 18.8148 20
7699900 19.3903 20
7700000 20.0259 20
7700100 20.471 20
7700200 20.7967 20
7700300 21.0583 20
7700400 21.1227 20
7700500 20.855 20
7700600 20.6976 20
7700700 20.2976 20
7700800 19.8698 20
7700900 19.6025 20
7701000 19.5567 20
7701100 19.6291 20
7701200 19.7037 20
7701300 19.7816 20
7701400 20.2383 20
7701500 20.8345 20
7701600 21.067 20
7701700 20.9369 20
7701800 20.5187 20
7701900 20.0072 20
7702000 19.6904 20
7702100 19.8163 20
7702200 20.2269 20
7702300 20.5829 20
7702400 20.5466 20
7702500 20.1877 20
7702600 19.9469 20
7702700 19.7471 20
7702800 19.6759 20
7702900 20.0458 20
7703000 20.7338 20
7703100 21.1284 20
7703200 20.9487 20
7703300 20.5238 20
7703400 20.1809 20
7703500 20.0299 20
7703600 19.9443 20
7703700 19.9723 20
7703800 20.0403 20
7703900 20.1452 20
7704000 20.0068 20
7704100 19.5216 20
7704200 19.2682 20
7704300 19.3781 20
7704400 19.7232 20
7704500 19.9175 20
7704600 20.0312 20
7704700 20.1454 20
7704800 20.3773 20
7704900 20.3373 20
7705000 19.9863 20
7705100 19.6882 20
7705200 19.3883 20
7705300 19.2646 20
7705400 19.7001 20
7705500 20.3319 20
7705600 20.8202 20
7705700 20.8196 20
7705800 20.4177 20
7705900 20.0233 20
7706000 19.9586 20
7706100 19.9522 20
7706200 19.965 20
7706300 20.0366 20
7706400 20.5301 20
7706500 20.9687 20
7706600 20.8102 20
7706700 20.6446 20
7706800 20.4931 20
7706900 20.0271 20
7707000 19.6709 20
7707100 19.4309 20
7707200 19.3889 20
7707300 19.3992 20
7707400 19.74 20
7707500 19.8289 20
7707600 19.8024 20
7707700 20.203 20
7707800 20.6274 20
7707900 20.3952 20
7708000 20.1106 20
7708100 19.8768 20
7708200 19.7029 20
7708300 19.6921 20
7708400 19.7884 20
7708500 19.836 20
7708600 20.0654 20
7708700 20.2383 20
7708800 20.4151 20
7708900 20.5921 20
7709000 20.4189 20
7709100 20.1641 20
7709200 20.1614 20
7709300 20.1832 20
7709400 19.7851 20
7709500 19.6081 20
7709600 19.5863 20
7709700 19.4509 20
7709800 19.1263 20
7709900 18.9604 20
7710000 19.2709 20
7710100 20.0624 20
7710200 20.7058 20
7710300 20.9619 20
7710400 20.847 20
7710500 20.6057 20
7710600 20.24 20
7710700 19.8645 20
7710800 19.4773 20
7710900 19.3455 20
7711000 19.375 20
7711100 19.3648 20
7711200 19.4682 20
7711300 19.9019 20
7711400 20.3883 20
7711500 20.6221 20
7711600 20.3704 20
7711700 19.8496 20
7711800 19.6236 20
7711900 19.4575 20
7712000 19.5591 20
7712100 19.9998 20
7712200 20.2694 20
7712300 20.5716 20
7712400 20.5517 20
7712500 20.2581 20
7712600 19.9262 20
7712700 19.6796 20
7712800 19.4961 20
7712900 19.431 20
7713000 19.681 20
7713100 19.9603 20
7713200 20.0949 20
7713300 19.7696 20
7713400 19.4138 20
7713500 19.3769 20
7713600 19.5057 20
7713700 19.5469 20
7713800 19.4133 20
7713900 19.306 20
7714000 19.2884 20
7714100 19.3643 20
7714200 19.6177 20
7714300 19.8333 20
7714400 19.9968 20
7714500 20.2714 20
7714600 20.2279 20
7714700 20.2796 20
7714800 20.1945 20
7714900 19.9133 20
7715000 19.5713 20
7715100 19.5417 20
7715200 19.4332 20
7715300 19.3868 20
7715400 19.658 20
7715500 20.1598 20
7715600 20.3486 20
7715700 20.0788 20
7715800 19.7776 20
7715900 19.8974 20
7716000 20.0551 20
7716100 19.8922 20
7716200 19.829 20
7716300 19.9504 20
7716400 20.3215 20
7716500 20.4714 20
7716600 20.1325 20
7716700 19.6682 20
7716800 19.3692 20
7716900 19.2283 20
7717000 19.3786 20
7717100 19.8377 20
7717200 20.3605 20
7717300 20.7808 20
7717400 21.0033 20
7717500 20.9302 20
7717600 20.7759 20
7717700 20.4666 20
7717800 20.2619 20
7717900 20.081 20
7718000 20.0565 20
7718100 19.9372 20
7718200 19.8757 20
7718300 19.9264 20
7718400 19.9604 20
7718500 20.0945 20
7718600 19.9171 20
7718700 19.7157 20
7718800 19.7438 20
7718900 19.7557 20
7719000 19.9346 20
7719100 20.1802 20
7719200 20.2376 20
7719300 19.9028 20
7719400 19.4827 20
7719500 19.3693 20
7719600 19.6237 20
7719700 19.9852 20
7719800 20.3995 20
7719900 20.7084 20
7720000 20.7546 20
7720100 20.5836 20
7720200 20.254 20
7720300 19.6392 20
7720400 19.1548 20
7720500 19.4726 20
7720600 20.32 20
7720700 20.8222 20
7720800 20.8348 20
7720900 20.5893 20
7721000 20.1912 20
7721100 19.6247 20
7721200 19.2965 20
7721300 19.1204 20
7721400 19.1969 20
7721500 19.7621 20
7721600 20.2839 20
7721700 20.5079 20
7721800 20.7216 20
7721900 20.6065 20
7722000 20.4441 20
7722100 20.2699 20
7722200 20.1026 20
7722300 20.061 20
7722400 19.9582 20
7722500 19.8647 20
7722600 19.992 20
7722700 20.176 20
7722800 20.3953 20
7722900 20.5647 20
7723000 20.3925 20
7723100 19.9657 20
7723200 19.7195 20
7723300 19.6734 20
7723400 19.7391 20
7723500 19.7087 20
7723600 19.6241 20
7723700 19.4776 20
7723800 19.447 20
7723900 19.6812 20
7724000 20.1164 20
7724100 20.5894 20
7724200 20.8266 20
7724300 20.7394 20
7724400 20.5221 20
7724500 20.1408 20
7724600 19.5935 20
7724700 19.068 20
7724800 18.9213 20
7724900 19.1813 20
7725000 19.915 20
7725100 20.9368 20
7725200 21.6167 20
7725300 21.2851 20
7725400 20.4165 20
7725500 19.5648 20
7725600 19.3678 20
7725700 19.5403 20
7725800 19.7347 20
7725900 19.99 20
7726000 20.2452 20
7726100 20.4482 20
7726200 20.4443 20
7726300 20.2744 20
7726400 19.9445 20
7726500 19.5929 20
7726600 19.8159 20
7726700 20.1435 20
7726800 20.1357 20
7726900 20.0151 20
7727000 20.0049 20
7727100 19.7373 20
7727200 19.5021 20
7727300 19.4045 20
7727400 19.4932 20
7727500 19.5808 20
7727600 19.6797 20
7727700 19.8448 20
7727800 19.7535 20
7727900 19.8094 20
7728000 20.1382 20
7728100 20.5024 20
7728200 20.607 20
7728300 20.4596 20
7728400 20.2486 20
7728500 20.0388 20
7728600 20.0155 20
7728700 19.834 20
7728800 19.6361 20
7728900 19.7944 20
7729000 19.9009 20
7729100 19.91 20
7729200 20.0523 20
7729300 20.2003 20
7729400 20.1789 20
7729500 19.9919 20
7729600 20.0871 20
7729700 20.269 20
7729800 20.3404 20
7729900 20.399 20
7730000 20.231 20
7730100 19.8683 20
7730200 19.6302 20
7730300 19.6219 20
7730400 19.779 20
7730500 19.973 20
7730600 19.8536 20
7730700 19.6307 20
7730800 19.5259 20
7730900 19.9134 20
7731000 20.332 20
7731100 20.7165 20
7731200 20.7024 20
7731300 20.4531 20
7731400 20.2059 20
7731500 19.7121 20
7731600 19.2858 20
7731700 19.3414 20
7731800 19.5002 20
7731900 19.6839 20
7732000 20.1215 20
7732100 20.1851 20
7732200 19.6387 20
7732300 19.2089 20
7732400 19.417 20
7732500 19.6986 20
7732600 20.0574 20
7732700 20.2856 20
7732800 20.3673 20
7732900 20.5129 20
7733000 20.2109 20
7733100 19.8991 20
7733200 20.2083 20
7733300 20.585 20
7733400 20.9001 20
7733500 20.7964 20
7733600 20.3358 20
7733700 19.946 20
7733800 19.6641 20
7733900 19.5677 20
7734000 19.6103 20
7734100 19.8673 20
7734200 19.9794 20
7734300 19.9453 20
7734400 19.9258 20
7734500 19.9137 20
7734600 20.0497 20
7734700 20.038 20
7734800 19.9439 20
7734900 20.0396 20
7735000 20.2768 20
7735100 20.3602 20
7735200 20.2223 20
7735300 19.8398 20
7735400 19.4023 20
7735500 19.5959 20
7735600 19.932 20
7735700 20.219 20
7735800 20.1605 20
7735900 19.7727 20
7736000 19.5561 20
7736100 19.3039 20
7736200 19.2252 20
7736300 18.9795 20
7736400 18.8343 20
7736500 19.2668 20
7736600 19.7851 20
7736700 19.9228 20
7736800 20.0352 20
7736900 20.3637 20
7737000 20.5262 20
7737100 20.3839 20
7737200 20.0556 20
7737300 19.6407 20
7737400 19.3402 20
7737500 19.088 20
7737600 18.9378 20
7737700 19.1831 20
7737800 19.8819 20
7737900 20.5619 20
7738000 20.9689 20
7738100 20.9162 20
7738200 20.5792 20
7738300 20.197 20
7738400 19.876 20
7738500 19.827 20
7738600 19.9745 20
7738700 20.2645 20
7738800 20.3788 20
7738900 20.4267 20
7739000 20.3731 20
7739100 20.3341 20
7739200 20.4962 20
7739300 20.7963 20
7739400 20.6984 20
7739500 20.3107 20
7739600 20.1785 20
7739700 19.845 20
7739800 19.5862 20
7739900 19.4047 20
7740000 19.6803 20
7740100 20.551 20
7740200 21.3223 20
7740300 21.8228 20
7740400 21.8984 20
7740500 21.3568 20
7740600 20.7354 20
7740700 19.9955 20
7740800 19.3378 20
7740900 19.167 20
7741000 19.3655 20
7741100 19.7126 20
7741200 19.9327 20
7741300 19.9445 20
7741400 19.992 20
7741500 20.2723 20
7741600 20.6118 20
7741700 20.7992 20
7741800 20.8893 20
7741900 20.8318 20
7742000 20.6812 20
7742100 20.0971 20
7742200 19.591 20
7742300 19.5617 20
7742400 19.647 20
7742500 19.7812 20
7742600 19.896 20
7742700 19.9616 20
7742800 20.1888 20
7742900 20.3863 20
7743000 20.4609 20
7743100 20.6223 20
7743200 20.6554 20
7743300 20.5773 20
7743400 20.2091 20
7743500 19.7766 20
7743600 19.5342 20
7743700 19.5778 20
7743800 19.899 20
7743900 20.4689 20
7744000 20.7351 20
7744100 20.5648 20
7744200 20.2545 20
7744300 19.943 20
7744400 19.84 20
7744500 19.787 20
7744600 20.035 20
7744700 20.3945 20
7744800 20.4792 20
7744900 20.7221 20
7745000 20.5438 20
7745100 20.0534 20
7745200 19.6455 20
7745300 19.5406 20
7745400 19.351 20
7745500 19.231 20
7745600 19.7827 20
7745700 20.4421 20
7745800 20.6137 20
7745900 20.5943 20
7746000 20.4847 20
7746100 20.0801 20
7746200 19.6958 20
7746300 19.7906 20
7746400 20.1404 20
7746500 20.1457 20
7746600 19.6917 20
7746700 19.1567 20
7746800 18.9565 20
7746900 19.172 20
7747000 19.5838 20
7747100 20.0136 20
7747200 20.3916 20
7747300 20.4791 20
7747400 20.3751 20
7747500 20.3878 20
7747600 20.1391 20
7747700 19.7896 20
7747800 19.843 20
7747900 19.9781 20
7748000 19.8898 20
7748100 19.6434 20
7748200 19.4957 20
7748300 19.6054 20
7748400 20.102 20
7748500 20.767 20
7748600 20.9559 20
7748700 20.4375 20
7748800 19.6068 20
7748900 19.0137 20
7749000 18.6821 20
7749100 18.7235 20
7749200 19.2938 20
7749300 19.965 20
7749400 20.4219 20
7749500 20.6508 20
7749600 20.2956 20
7749700 19.7174 20
7749800 19.2276 20
7749900 19.2554 20
7750000 19.4978 20
