# Time-averaged data for fix myat1
# TimeStep v_xave v_xdes
9090100 34.3145 34
9090200 34.241 34
9090300 34.1016 34
9090400 33.876 34
9090500 33.682 34
9090600 33.5906 34
9090700 33.5708 34
9090800 33.5073 34
9090900 33.4794 34
9091000 33.5806 34
9091100 33.7461 34
9091200 33.888 34
9091300 34.0902 34
9091400 34.2565 34
9091500 34.4665 34
9091600 34.7275 34
9091700 34.5035 34
9091800 34.0407 34
9091900 33.729 34
9092000 33.9521 34
9092100 34.466 34
9092200 34.7429 34
9092300 34.3638 34
9092400 34.2102 34
9092500 34.4449 34
9092600 34.5822 34
9092700 34.33 34
9092800 33.8404 34
9092900 33.4116 34
9093000 33.3127 34
9093100 33.4181 34
9093200 33.652 34
9093300 33.6252 34
9093400 33.3471 34
9093500 33.4192 34
9093600 33.8982 34
9093700 34.4731 34
9093800 34.9366 34
9093900 34.9101 34
9094000 34.5524 34
9094100 34.1708 34
9094200 33.8072 34
9094300 33.6191 34
9094400 33.7298 34
9094500 33.9494 34
9094600 34.2973 34
9094700 34.3069 34
9094800 34.2007 34
9094900 34.1127 34
9095000 34.1327 34
9095100 33.7674 34
9095200 33.3307 34
9095300 32.9629 34
9095400 33.0617 34
9095500 33.6482 34
9095600 34.3639 34
9095700 34.7386 34
9095800 34.7225 34
9095900 34.4621 34
9096000 34.0687 34
9096100 33.7264 34
9096200 33.5793 34
9096300 33.6382 34
9096400 33.8691 34
9096500 34.0623 34
9096600 34.1837 34
9096700 34.1159 34
9096800 34.1265 34
9096900 34.2041 34
9097000 34.44 34
9097100 34.2706 34
9097200 34.0583 34
9097300 34.0571 34
9097400 34.1112 34
9097500 34.0347 34
9097600 33.9484 34
9097700 33.9456 34
9097800 34.0323 34
9097900 34.1697 34
9098000 34.5146 34
9098100 34.7523 34
9098200 34.5266 34
9098300 33.9397 34
9098400 33.3263 34
9098500 32.8595 34
9098600 32.7317 34
9098700 32.7541 34
9098800 33.3289 34
9098900 34.0283 34
9099000 34.6812 34
9099100 35.2441 34
9099200 35.0197 34
9099300 34.4439 34
9099400 33.75 34
9099500 33.5567 34
9099600 33.7633 34
9099700 34.1787 34
9099800 34.4713 34
9099900 34.7263 34
9100000 34.8324 34
9100100 34.5638 34
9100200 34.4246 34
9100300 34.4016 34
9100400 34.4181 34
9100500 34.2485 34
9100600 34.1597 34
9100700 34.331 34
9100800 34.0586 34
9100900 33.613 34
9101000 33.3777 34
9101100 33.3051 34
9101200 33.3291 34
9101300 33.3958 34
9101400 33.5539 34
9101500 33.7901 34
9101600 33.9719 34
9101700 34.2361 34
9101800 34.3829 34
9101900 34.4858 34
9102000 34.4797 34
9102100 34.4614 34
9102200 34.651 34
9102300 34.7683 34
9102400 34.6456 34
9102500 34.3118 34
9102600 33.9144 34
9102700 33.4986 34
9102800 33.1895 34
9102900 33.5159 34
9103000 34.1109 34
9103100 34.7141 34
9103200 34.8902 34
9103300 34.6666 34
9103400 34.1317 34
9103500 33.8841 34
9103600 33.8881 34
9103700 33.9853 34
9103800 34.1315 34
9103900 34.1951 34
9104000 33.9223 34
9104100 33.7365 34
9104200 33.5093 34
9104300 33.7156 34
9104400 33.983 34
9104500 33.9034 34
9104600 33.7201 34
9104700 33.8394 34
9104800 34.0881 34
9104900 34.4554 34
9105000 34.8497 34
9105100 34.7172 34
9105200 34.3107 34
9105300 34.1383 34
9105400 33.8738 34
9105500 33.587 34
9105600 33.6943 34
9105700 34.1606 34
9105800 34.3469 34
9105900 34.1788 34
9106000 33.8559 34
9106100 33.3744 34
9106200 33.2643 34
9106300 33.3447 34
9106400 33.4754 34
9106500 33.6585 34
9106600 33.7372 34
9106700 33.6708 34
9106800 33.7412 34
9106900 33.8456 34
9107000 34.0777 34
9107100 34.2464 34
9107200 34.175 34
9107300 33.8365 34
9107400 33.5054 34
9107500 33.397 34
9107600 33.5812 34
9107700 33.8728 34
9107800 34.2784 34
9107900 34.6127 34
9108000 34.8594 34
9108100 34.6794 34
9108200 34.1216 34
9108300 33.6191 34
9108400 33.5865 34
9108500 33.4731 34
9108600 33.4112 34
9108700 33.6782 34
9108800 34.0645 34
9108900 34.2164 34
9109000 34.2289 34
9109100 34.1835 34
9109200 33.883 34
9109300 33.7531 34
9109400 33.5772 34
9109500 33.5713 34
9109600 33.5557 34
9109700 33.5869 34
9109800 33.6973 34
9109900 34.049 34
9110000 34.6124 34
9110100 34.8307 34
9110200 34.7302 34
9110300 34.1396 34
9110400 33.4444 34
9110500 33.3406 34
9110600 33.5822 34
9110700 33.7448 34
9110800 33.8468 34
9110900 33.7157 34
9111000 33.6581 34
9111100 33.6667 34
9111200 33.8305 34
9111300 34.0601 34
9111400 34.0958 34
9111500 34.3272 34
9111600 34.6318 34
9111700 34.6524 34
9111800 34.3994 34
9111900 34.4805 34
9112000 34.7081 34
9112100 34.7919 34
9112200 34.6774 34
9112300 34.3283 34
9112400 34.1531 34
9112500 34.131 34
9112600 33.9698 34
9112700 33.8581 34
9112800 33.8388 34
9112900 33.8103 34
9113000 33.8372 34
9113100 34.1118 34
9113200 34.0296 34
9113300 33.6022 34
9113400 33.2848 34
9113500 33.3243 34
9113600 33.5196 34
9113700 33.4511 34
9113800 33.5354 34
9113900 33.827 34
9114000 34.1288 34
9114100 34.3662 34
9114200 34.2371 34
9114300 33.9036 34
9114400 33.7721 34
9114500 33.8 34
9114600 34.1734 34
9114700 34.4012 34
9114800 34.7197 34
9114900 34.7758 34
9115000 34.4131 34
9115100 33.9607 34
9115200 33.8279 34
9115300 34.0227 34
9115400 34.528 34
9115500 34.8092 34
9115600 34.4816 34
9115700 33.9513 34
9115800 33.6688 34
9115900 33.7599 34
9116000 33.8418 34
9116100 33.8562 34
9116200 33.7346 34
9116300 33.7895 34
9116400 33.9259 34
9116500 34.0181 34
9116600 34.0602 34
9116700 34.0899 34
9116800 34.0384 34
9116900 33.9579 34
9117000 33.9392 34
9117100 33.8381 34
9117200 33.7315 34
9117300 33.9274 34
9117400 34.3481 34
9117500 34.3994 34
9117600 33.9107 34
9117700 33.5379 34
9117800 33.5061 34
9117900 33.7303 34
9118000 33.9286 34
9118100 34.1411 34
9118200 34.316 34
9118300 34.4812 34
9118400 34.4911 34
9118500 34.2864 34
9118600 34.0968 34
9118700 33.75 34
9118800 33.6728 34
9118900 33.6547 34
9119000 33.6717 34
9119100 33.872 34
9119200 33.9203 34
9119300 33.9601 34
9119400 33.8414 34
9119500 33.9225 34
9119600 33.9886 34
9119700 33.7509 34
9119800 33.5885 34
9119900 33.4366 34
9120000 33.2379 34
9120100 33.3799 34
9120200 33.6956 34
9120300 34.0611 34
9120400 34.424 34
9120500 34.7057 34
9120600 34.7253 34
9120700 34.6436 34
9120800 34.2499 34
9120900 34.0526 34
9121000 34.1573 34
9121100 34.5049 34
9121200 34.5747 34
9121300 34.5718 34
9121400 34.3973 34
9121500 33.9432 34
9121600 33.534 34
9121700 33.3228 34
9121800 33.5536 34
9121900 33.9042 34
9122000 33.9725 34
9122100 33.8391 34
9122200 33.632 34
9122300 33.2602 34
9122400 32.8774 34
9122500 33.0948 34
9122600 33.7576 34
9122700 34.2693 34
9122800 34.5212 34
9122900 34.4686 34
9123000 34.392 34
9123100 34.5242 34
9123200 34.5967 34
9123300 34.5736 34
9123400 34.2941 34
9123500 34.0802 34
9123600 34.0054 34
9123700 33.9343 34
9123800 33.4884 34
9123900 33.2586 34
9124000 33.5887 34
9124100 33.7675 34
9124200 34.0072 34
9124300 34.4548 34
9124400 34.7099 34
9124500 34.4363 34
9124600 34.1674 34
9124700 33.7452 34
9124800 33.4927 34
9124900 33.5769 34
9125000 33.7421 34
9125100 33.9414 34
9125200 34.3057 34
9125300 34.5153 34
9125400 34.2303 34
9125500 33.7181 34
9125600 33.4947 34
9125700 33.7297 34
9125800 33.6288 34
9125900 33.7058 34
9126000 34.0837 34
9126100 34.2248 34
9126200 34.2822 34
9126300 34.3596 34
9126400 34.2129 34
9126500 34.1185 34
9126600 34.2919 34
9126700 34.2677 34
9126800 33.999 34
9126900 33.5667 34
9127000 33.2885 34
9127100 33.1218 34
9127200 33.3422 34
9127300 33.8604 34
9127400 34.2501 34
9127500 34.1738 34
9127600 34.0589 34
9127700 34.0881 34
9127800 33.9919 34
9127900 33.843 34
9128000 33.7878 34
9128100 33.6536 34
9128200 33.4909 34
9128300 33.6254 34
9128400 33.619 34
9128500 33.5983 34
9128600 33.5093 34
9128700 33.5412 34
9128800 33.7437 34
9128900 33.9107 34
9129000 33.835 34
9129100 33.7847 34
9129200 33.8089 34
9129300 33.8425 34
9129400 33.9798 34
9129500 34.2317 34
9129600 34.3326 34
9129700 34.4681 34
9129800 34.3668 34
9129900 33.9387 34
9130000 33.62 34
9130100 33.6691 34
9130200 34.0695 34
9130300 34.7583 34
9130400 35.1238 34
9130500 34.9153 34
9130600 34.3514 34
9130700 34.0687 34
9130800 34.0235 34
9130900 34.1132 34
9131000 34.2714 34
9131100 34.3154 34
9131200 34.2751 34
9131300 34.206 34
9131400 33.9429 34
9131500 33.7793 34
9131600 33.6468 34
9131700 33.7851 34
9131800 34.2168 34
9131900 34.4953 34
9132000 34.7759 34
9132100 34.956 34
9132200 34.8182 34
9132300 34.4679 34
9132400 34.0299 34
9132500 33.8038 34
9132600 33.9718 34
9132700 34.0956 34
9132800 33.9983 34
9132900 33.9075 34
9133000 33.8264 34
9133100 33.931 34
9133200 34.0529 34
9133300 33.8367 34
9133400 33.6346 34
9133500 33.6289 34
9133600 33.5068 34
9133700 33.5313 34
9133800 33.8267 34
9133900 34.2931 34
9134000 34.6308 34
9134100 34.8036 34
9134200 35.0508 34
9134300 35.2124 34
9134400 35.0268 34
9134500 34.856 34
9134600 34.8145 34
9134700 34.5478 34
9134800 34.2626 34
9134900 33.9405 34
9135000 33.8252 34
9135100 33.9497 34
9135200 33.8668 34
9135300 34.18 34
9135400 34.4507 34
9135500 34.7607 34
9135600 34.7045 34
9135700 34.1533 34
9135800 33.6092 34
9135900 33.4038 34
9136000 33.7619 34
9136100 34.3048 34
9136200 34.7193 34
9136300 35.1359 34
9136400 35.13 34
9136500 34.5765 34
9136600 33.9144 34
9136700 33.5558 34
9136800 33.5416 34
9136900 33.9189 34
9137000 34.1326 34
9137100 34.0857 34
9137200 33.986 34
9137300 33.9192 34
9137400 33.9436 34
9137500 33.9804 34
9137600 34.05 34
9137700 34.2212 34
9137800 34.2976 34
9137900 34.542 34
9138000 34.6719 34
9138100 34.4564 34
9138200 34.0332 34
9138300 33.8818 34
9138400 34.0353 34
9138500 34.3519 34
9138600 34.6107 34
9138700 34.7234 34
9138800 34.5357 34
9138900 34.2278 34
9139000 33.8183 34
9139100 33.3814 34
9139200 33.2539 34
9139300 33.4826 34
9139400 33.4938 34
9139500 33.2557 34
9139600 33.3323 34
9139700 33.7965 34
9139800 34.0301 34
9139900 34.0605 34
9140000 33.8502 34
9140100 33.5698 34
9140200 33.6878 34
9140300 34.2145 34
9140400 34.534 34
9140500 34.4791 34
9140600 34.3685 34
9140700 34.1651 34
9140800 33.9739 34
9140900 33.7151 34
9141000 33.6155 34
9141100 33.7024 34
9141200 33.8188 34
9141300 34.1337 34
9141400 34.6095 34
9141500 34.7544 34
9141600 34.959 34
9141700 35.0166 34
9141800 34.8 34
9141900 34.6186 34
9142000 34.4695 34
9142100 34.1555 34
9142200 34.0536 34
9142300 34.012 34
9142400 33.9129 34
9142500 33.7248 34
9142600 33.7207 34
9142700 34.0184 34
9142800 34.3857 34
9142900 34.5595 34
9143000 34.5212 34
9143100 34.3565 34
9143200 34.0738 34
9143300 33.8089 34
9143400 33.7836 34
9143500 33.9061 34
9143600 33.8914 34
9143700 34.0504 34
9143800 34.2365 34
9143900 34.56 34
9144000 34.5445 34
9144100 34.4781 34
9144200 34.3668 34
9144300 34.353 34
9144400 34.0861 34
9144500 33.832 34
9144600 33.5354 34
9144700 33.3226 34
9144800 33.396 34
9144900 33.8099 34
9145000 34.2171 34
9145100 34.5234 34
9145200 34.7007 34
9145300 34.6387 34
9145400 34.5911 34
9145500 34.6117 34
9145600 34.5156 34
9145700 34.4053 34
9145800 34.2675 34
9145900 34.0995 34
9146000 34.138 34
9146100 34.228 34
9146200 34.1717 34
9146300 33.7441 34
9146400 33.4246 34
9146500 33.523 34
9146600 33.5485 34
9146700 33.5462 34
9146800 33.6533 34
9146900 33.9869 34
9147000 34.204 34
9147100 34.1116 34
9147200 33.8327 34
9147300 33.5605 34
9147400 33.5616 34
9147500 33.6701 34
9147600 33.6655 34
9147700 33.6878 34
9147800 33.8564 34
9147900 34.039 34
9148000 33.9524 34
9148100 33.7726 34
9148200 33.9536 34
9148300 34.3305 34
9148400 34.3096 34
9148500 33.8493 34
9148600 33.475 34
9148700 33.536 34
9148800 33.7712 34
9148900 34.1368 34
9149000 34.3658 34
9149100 34.5488 34
9149200 34.7813 34
9149300 34.5965 34
9149400 34.4634 34
9149500 34.3565 34
9149600 34.0654 34
9149700 33.9839 34
9149800 34.0504 34
9149900 33.9721 34
9150000 34.0104 34
9150100 33.8015 34
9150200 33.4973 34
9150300 33.7898 34
9150400 33.9593 34
9150500 34.0863 34
9150600 34.021 34
9150700 33.79 34
9150800 33.5084 34
9150900 33.1792 34
9151000 33.1851 34
9151100 33.4352 34
9151200 33.7916 34
9151300 33.9216 34
9151400 34.0155 34
9151500 34.0393 34
9151600 34.3772 34
9151700 34.478 34
9151800 34.538 34
9151900 34.3479 34
9152000 33.9326 34
9152100 33.6798 34
9152200 33.8302 34
9152300 34.2188 34
9152400 34.4072 34
9152500 34.4267 34
9152600 34.2642 34
9152700 33.9716 34
9152800 33.9036 34
9152900 33.9701 34
9153000 33.9074 34
9153100 33.808 34
9153200 33.8019 34
9153300 33.8083 34
9153400 33.9456 34
9153500 34.0759 34
9153600 34.1215 34
9153700 34.3168 34
9153800 34.2589 34
9153900 34.1253 34
9154000 34.2704 34
9154100 34.1976 34
9154200 33.8846 34
9154300 33.9296 34
9154400 34.0338 34
9154500 34.1998 34
9154600 34.4021 34
9154700 34.3581 34
9154800 34.1171 34
9154900 33.8818 34
9155000 33.6954 34
9155100 33.7622 34
9155200 33.9843 34
9155300 33.858 34
9155400 33.2936 34
9155500 32.9923 34
9155600 33.0417 34
9155700 33.2336 34
9155800 33.4765 34
9155900 33.7161 34
9156000 33.9017 34
9156100 34.2334 34
9156200 34.5039 34
9156300 34.471 34
9156400 34.1864 34
9156500 33.9009 34
9156600 33.8183 34
9156700 33.8158 34
9156800 33.7016 34
9156900 33.6616 34
9157000 33.6574 34
9157100 33.5165 34
9157200 33.5053 34
9157300 33.6349 34
9157400 33.7376 34
9157500 33.7341 34
9157600 33.4894 34
9157700 33.2047 34
9157800 33.2127 34
9157900 33.4658 34
9158000 33.9114 34
9158100 34.4684 34
9158200 34.5981 34
9158300 34.6506 34
9158400 34.6046 34
9158500 34.3327 34
9158600 34.0185 34
9158700 34.0072 34
9158800 34.3446 34
9158900 34.4259 34
9159000 34.1156 34
9159100 33.9384 34
9159200 34.0709 34
9159300 34.2231 34
9159400 34.1114 34
9159500 33.8007 34
9159600 33.4801 34
9159700 33.2248 34
9159800 33.0117 34
9159900 33.0801 34
9160000 33.3817 34
9160100 33.4296 34
9160200 33.4982 34
9160300 33.658 34
9160400 34.0014 34
9160500 34.1586 34
9160600 34.1401 34
9160700 33.8614 34
9160800 33.5265 34
9160900 33.3323 34
9161000 33.3358 34
9161100 33.3831 34
9161200 33.3483 34
9161300 33.5082 34
9161400 33.895 34
9161500 34.2045 34
9161600 34.2108 34
9161700 34.4373 34
9161800 34.6369 34
9161900 34.2009 34
9162000 33.4433 34
9162100 32.7825 34
9162200 32.2146 34
9162300 32.177 34
9162400 32.6414 34
9162500 33.3236 34
9162600 34.1064 34
9162700 34.765 34
9162800 34.9026 34
9162900 34.6662 34
9163000 34.3385 34
9163100 34.2606 34
9163200 34.4564 34
9163300 34.6082 34
9163400 34.4599 34
9163500 34.4434 34
9163600 34.3518 34
9163700 34.0822 34
9163800 33.8196 34
9163900 33.9837 34
9164000 34.2118 34
9164100 34.2613 34
9164200 34.6157 34
9164300 34.8513 34
9164400 34.7842 34
9164500 34.2623 34
9164600 33.6308 34
9164700 33.1482 34
9164800 32.9093 34
9164900 33.1312 34
9165000 33.4542 34
9165100 33.5889 34
9165200 33.8596 34
9165300 34.0732 34
9165400 34.261 34
9165500 34.2772 34
9165600 34.3236 34
9165700 34.4046 34
9165800 34.2942 34
9165900 34.1334 34
9166000 33.8257 34
9166100 33.5742 34
9166200 33.5287 34
9166300 33.3559 34
9166400 33.4142 34
9166500 33.6224 34
9166600 33.8789 34
9166700 34.113 34
9166800 34.3463 34
9166900 34.2284 34
9167000 33.8288 34
9167100 33.3354 34
9167200 33.2003 34
9167300 33.5481 34
9167400 33.9824 34
9167500 34.1431 34
9167600 34.1501 34
9167700 34.0373 34
9167800 33.6579 34
9167900 33.3242 34
9168000 33.2082 34
9168100 33.4192 34
9168200 33.8912 34
9168300 34.4116 34
9168400 34.6564 34
9168500 34.8475 34
9168600 34.6866 34
9168700 34.265 34
9168800 33.9984 34
9168900 33.7801 34
9169000 33.7558 34
9169100 33.8222 34
9169200 33.793 34
9169300 33.6143 34
9169400 33.507 34
9169500 33.5125 34
9169600 33.6035 34
9169700 34.058 34
9169800 34.4151 34
9169900 34.2891 34
9170000 34.0166 34
9170100 33.7283 34
9170200 33.3723 34
9170300 33.3072 34
9170400 33.4036 34
9170500 33.8383 34
9170600 34.2972 34
9170700 34.524 34
9170800 34.6186 34
9170900 34.3978 34
9171000 33.9728 34
9171100 33.5247 34
9171200 33.5984 34
9171300 33.7184 34
9171400 33.7212 34
9171500 33.4148 34
9171600 33.2338 34
9171700 33.4604 34
9171800 34.0959 34
9171900 34.8498 34
9172000 35.2462 34
9172100 35.1975 34
9172200 34.8374 34
9172300 34.5032 34
9172400 34.0829 34
9172500 33.8594 34
9172600 33.9869 34
9172700 34.1775 34
9172800 33.946 34
9172900 33.6193 34
9173000 33.6259 34
9173100 33.7994 34
9173200 34.0063 34
9173300 34.1392 34
9173400 34.0846 34
9173500 34.1109 34
9173600 34.0774 34
9173700 33.8682 34
9173800 33.4779 34
9173900 33.3841 34
9174000 33.5299 34
9174100 33.6712 34
9174200 33.8593 34
9174300 34.1533 34
9174400 34.0914 34
9174500 33.923 34
9174600 34.0387 34
9174700 34.0289 34
9174800 34.0169 34
9174900 33.9991 34
9175000 33.9749 34
9175100 33.8679 34
9175200 33.808 34
9175300 34.0936 34
9175400 34.1904 34
9175500 34.0237 34
9175600 33.947 34
9175700 33.6 34
9175800 33.1 34
9175900 32.9441 34
9176000 33.0881 34
9176100 33.4082 34
9176200 33.6462 34
9176300 33.6545 34
9176400 33.4226 34
9176500 33.302 34
9176600 33.3132 34
9176700 33.7841 34
9176800 34.3863 34
9176900 34.8057 34
9177000 34.8689 34
9177100 34.4123 34
9177200 33.6851 34
9177300 33.2108 34
9177400 33.0958 34
9177500 33.4268 34
9177600 33.8406 34
9177700 34.2201 34
9177800 34.69 34
9177900 35.1375 34
9178000 35.1398 34
9178100 34.5954 34
9178200 34.107 34
9178300 33.7087 34
9178400 33.4816 34
9178500 33.6437 34
9178600 33.6616 34
9178700 33.6643 34
9178800 34.1798 34
9178900 34.8498 34
9179000 35.0889 34
9179100 34.8158 34
9179200 34.4357 34
9179300 33.9046 34
9179400 33.3861 34
9179500 33.2958 34
9179600 33.5801 34
9179700 33.7423 34
9179800 33.6778 34
9179900 33.5646 34
9180000 33.4023 34
9180100 33.378 34
9180200 33.3053 34
9180300 33.5189 34
9180400 33.9252 34
9180500 34.2189 34
9180600 34.2254 34
9180700 34.0069 34
9180800 33.8896 34
9180900 33.977 34
9181000 34.4101 34
9181100 34.6932 34
9181200 34.6411 34
9181300 34.2071 34
9181400 33.9026 34
9181500 33.9492 34
9181600 34.2419 34
9181700 34.3789 34
9181800 34.3634 34
9181900 34.0745 34
9182000 33.8804 34
9182100 33.6465 34
9182200 33.4073 34
9182300 33.2371 34
9182400 33.3764 34
9182500 34.0227 34
9182600 34.7243 34
9182700 34.9294 34
9182800 34.7901 34
9182900 34.3001 34
9183000 33.6764 34
9183100 33.005 34
9183200 32.8946 34
9183300 33.0654 34
9183400 33.3861 34
9183500 33.9524 34
9183600 34.3762 34
9183700 34.3555 34
9183800 34.1605 34
9183900 33.9044 34
9184000 33.821 34
9184100 33.9866 34
9184200 34.3173 34
9184300 34.2505 34
9184400 33.954 34
9184500 33.789 34
9184600 33.6936 34
9184700 33.6236 34
9184800 33.4966 34
9184900 33.5858 34
9185000 33.9127 34
9185100 34.061 34
9185200 33.834 34
9185300 33.6113 34
9185400 33.6424 34
9185500 34.0147 34
9185600 34.4023 34
9185700 34.5306 34
9185800 34.4633 34
9185900 34.2942 34
9186000 34.0846 34
9186100 34.0547 34
9186200 33.9155 34
9186300 33.9474 34
9186400 34.0891 34
9186500 34.1809 34
9186600 34.4352 34
9186700 34.3375 34
9186800 33.9847 34
9186900 33.7788 34
9187000 33.7216 34
9187100 33.7582 34
9187200 33.7307 34
9187300 33.6902 34
9187400 33.5301 34
9187500 33.4445 34
9187600 33.3699 34
9187700 33.4075 34
9187800 33.5708 34
9187900 33.8587 34
9188000 34.2247 34
9188100 34.4395 34
9188200 34.5411 34
9188300 34.2985 34
9188400 34.0551 34
9188500 33.9435 34
9188600 33.8365 34
9188700 33.754 34
9188800 33.6234 34
9188900 33.6004 34
9189000 33.5941 34
9189100 33.8233 34
9189200 34.3216 34
9189300 34.6 34
9189400 34.7167 34
9189500 34.816 34
9189600 34.9143 34
9189700 34.9518 34
9189800 34.7028 34
9189900 34.1956 34
9190000 33.6982 34
9190100 33.5077 34
9190200 33.8054 34
9190300 34.3702 34
9190400 34.748 34
9190500 34.9146 34
9190600 34.7683 34
9190700 34.5334 34
9190800 34.2515 34
9190900 33.8319 34
9191000 33.7497 34
9191100 34.0036 34
9191200 33.9892 34
9191300 33.8824 34
9191400 33.8934 34
9191500 33.9707 34
9191600 34.1702 34
9191700 34.5316 34
9191800 34.7927 34
9191900 34.5867 34
9192000 33.9909 34
9192100 33.6653 34
9192200 33.6614 34
9192300 33.6224 34
9192400 33.5946 34
9192500 33.6652 34
9192600 34.0905 34
9192700 34.657 34
9192800 34.9598 34
9192900 34.7432 34
9193000 34.2614 34
9193100 33.8687 34
9193200 33.923 34
9193300 33.8483 34
9193400 33.7963 34
9193500 33.7995 34
9193600 33.8088 34
9193700 33.8829 34
9193800 33.9865 34
9193900 34.4553 34
9194000 35.1684 34
9194100 35.3104 34
9194200 34.9785 34
9194300 34.5302 34
9194400 34.093 34
9194500 33.7196 34
9194600 33.2653 34
9194700 33.0492 34
9194800 32.9612 34
9194900 33.1924 34
9195000 33.3252 34
9195100 33.6256 34
9195200 33.9443 34
9195300 33.9473 34
9195400 33.8935 34
9195500 33.8186 34
9195600 33.6717 34
9195700 33.5804 34
9195800 33.5825 34
9195900 33.7754 34
9196000 33.644 34
9196100 33.4986 34
9196200 33.3067 34
9196300 33.0129 34
9196400 32.9145 34
9196500 33.4837 34
9196600 34.351 34
9196700 34.77 34
9196800 34.7967 34
9196900 34.6027 34
9197000 34.4502 34
9197100 34.4436 34
9197200 34.3073 34
9197300 34.2511 34
9197400 34.1757 34
9197500 34.112 34
9197600 33.8243 34
9197700 33.3696 34
9197800 32.9745 34
9197900 33.0624 34
9198000 33.6102 34
9198100 34.0536 34
9198200 34.2348 34
9198300 34.1404 34
9198400 33.9481 34
9198500 34.1526 34
9198600 34.4244 34
9198700 34.5099 34
9198800 34.5854 34
9198900 34.4606 34
9199000 34.2428 34
9199100 34.3651 34
9199200 34.232 34
9199300 33.9596 34
9199400 33.9314 34
9199500 33.8915 34
9199600 33.7191 34
9199700 33.6564 34
9199800 33.6091 34
9199900 33.3297 34
9200000 33.0838 34
9200100 33.4333 34
9200200 34.0545 34
9200300 34.5801 34
9200400 34.9332 34
9200500 34.8368 34
9200600 34.3323 34
9200700 33.684 34
9200800 33.4182 34
9200900 33.44 34
9201000 33.709 34
9201100 34.1862 34
9201200 34.5555 34
9201300 34.5918 34
9201400 34.6045 34
9201500 34.3846 34
9201600 34.1555 34
9201700 33.9682 34
9201800 33.6804 34
9201900 33.455 34
9202000 33.4834 34
9202100 33.5432 34
9202200 33.5523 34
9202300 33.8213 34
9202400 34.0907 34
9202500 34.2512 34
9202600 34.3056 34
9202700 34.6194 34
9202800 34.7731 34
9202900 34.7623 34
9203000 34.6498 34
9203100 34.162 34
9203200 33.6774 34
9203300 33.3575 34
9203400 33.4582 34
9203500 33.7284 34
9203600 33.8066 34
9203700 34.0821 34
9203800 34.6176 34
9203900 34.8607 34
9204000 34.6214 34
9204100 34.1491 34
9204200 33.882 34
9204300 33.9611 34
9204400 34.0293 34
9204500 33.9279 34
9204600 33.7613 34
9204700 33.6757 34
9204800 33.8652 34
9204900 34.2552 34
9205000 34.6634 34
9205100 34.5557 34
9205200 34.0608 34
9205300 33.5104 34
9205400 33.0615 34
9205500 33.2248 34
9205600 33.6354 34
9205700 33.8716 34
9205800 34.0211 34
9205900 34.1297 34
9206000 33.9823 34
9206100 33.8117 34
9206200 33.7702 34
9206300 34.0473 34
9206400 34.2825 34
9206500 34.3346 34
9206600 34.2566 34
9206700 33.9073 34
9206800 33.8094 34
9206900 33.9504 34
9207000 34.2208 34
9207100 34.4719 34
9207200 34.564 34
9207300 34.5457 34
9207400 34.4792 34
9207500 34.3411 34
9207600 34.0941 34
9207700 33.9 34
9207800 33.9319 34
9207900 33.9024 34
9208000 33.9425 34
9208100 33.9942 34
9208200 34.0832 34
9208300 34.1671 34
9208400 34.0165 34
9208500 33.6586 34
9208600 33.3705 34
9208700 33.4807 34
9208800 33.8152 34
9208900 33.9887 34
9209000 33.9958 34
9209100 34.1442 34
9209200 34.2749 34
9209300 34.2623 34
9209400 34.1961 34
9209500 34.1735 34
9209600 34.0129 34
9209700 33.8094 34
9209800 33.6422 34
9209900 33.5534 34
9210000 33.4641 34
9210100 33.6187 34
9210200 33.8973 34
9210300 33.949 34
9210400 33.8251 34
9210500 33.8196 34
9210600 33.7072 34
9210700 33.7589 34
9210800 34.0448 34
9210900 33.9889 34
9211000 33.5285 34
9211100 33.1958 34
9211200 32.957 34
9211300 33.195 34
9211400 33.8287 34
9211500 34.4009 34
9211600 34.3735 34
9211700 34.2169 34
9211800 34.0662 34
9211900 33.9307 34
9212000 33.8014 34
9212100 33.6916 34
9212200 33.9257 34
9212300 34.2907 34
9212400 34.4924 34
9212500 34.2771 34
9212600 34.1559 34
9212700 34.0541 34
9212800 34.205 34
9212900 34.7362 34
9213000 34.7862 34
9213100 34.4957 34
9213200 34.1486 34
9213300 34.0547 34
9213400 33.8272 34
9213500 33.5458 34
9213600 33.4986 34
9213700 33.5008 34
9213800 33.7923 34
9213900 33.9253 34
9214000 33.9653 34
9214100 33.9982 34
9214200 33.8773 34
9214300 33.9777 34
9214400 33.9416 34
9214500 33.7532 34
9214600 33.8919 34
9214700 33.703 34
9214800 33.303 34
9214900 33.0125 34
9215000 32.8896 34
9215100 33.1798 34
9215200 33.7204 34
9215300 34.1535 34
9215400 34.3925 34
9215500 34.2889 34
9215600 34.1433 34
9215700 34.2289 34
9215800 34.2751 34
9215900 34.3469 34
9216000 34.3184 34
9216100 34.2368 34
9216200 34.1351 34
9216300 34.0328 34
9216400 33.9812 34
9216500 33.8915 34
9216600 33.8111 34
9216700 33.7399 34
9216800 33.5934 34
9216900 33.6535 34
9217000 33.6893 34
9217100 33.6763 34
9217200 33.7411 34
9217300 34.1385 34
9217400 34.48 34
9217500 34.5848 34
9217600 34.4961 34
9217700 34.2432 34
9217800 33.9441 34
9217900 33.7132 34
9218000 33.5582 34
9218100 33.5801 34
9218200 33.5716 34
9218300 33.8102 34
9218400 33.9829 34
9218500 34.1643 34
9218600 34.0852 34
9218700 34.0432 34
9218800 33.9312 34
9218900 33.9862 34
9219000 34.1205 34
9219100 33.9769 34
9219200 33.7462 34
9219300 33.5566 34
9219400 33.3909 34
9219500 33.4118 34
9219600 33.7837 34
9219700 34.1493 34
9219800 34.3223 34
9219900 34.2806 34
9220000 34.3305 34
9220100 34.2985 34
9220200 34.1404 34
9220300 34.042 34
9220400 33.7987 34
9220500 33.4889 34
9220600 33.3932 34
9220700 33.7879 34
9220800 34.1801 34
9220900 34.5072 34
9221000 34.4494 34
9221100 34.339 34
9221200 34.1025 34
9221300 33.8623 34
9221400 33.6142 34
9221500 33.4824 34
9221600 33.7666 34
9221700 34.2154 34
9221800 34.5591 34
9221900 34.7086 34
9222000 34.6734 34
9222100 34.5244 34
9222200 34.2324 34
9222300 34.0899 34
9222400 34.0575 34
9222500 34.3827 34
9222600 34.6746 34
9222700 34.7451 34
9222800 34.7472 34
9222900 34.5106 34
9223000 34.074 34
9223100 33.3649 34
9223200 32.8152 34
9223300 32.7154 34
9223400 32.9269 34
9223500 33.184 34
9223600 33.9249 34
9223700 34.6912 34
9223800 35.0226 34
9223900 34.6247 34
9224000 33.922 34
9224100 33.5326 34
9224200 33.7441 34
9224300 34.4442 34
9224400 34.8115 34
9224500 34.8331 34
9224600 34.7882 34
9224700 34.5329 34
9224800 34.012 34
9224900 33.5834 34
9225000 33.3853 34
9225100 33.4862 34
9225200 33.4407 34
9225300 33.6842 34
9225400 34.108 34
9225500 34.5205 34
9225600 34.7465 34
9225700 34.8015 34
9225800 34.5158 34
9225900 34.2485 34
9226000 34.061 34
9226100 33.8024 34
9226200 33.6532 34
9226300 33.5453 34
9226400 33.4727 34
9226500 33.6239 34
9226600 33.8647 34
9226700 34.0429 34
9226800 33.9852 34
9226900 33.7857 34
9227000 33.7252 34
9227100 33.7692 34
9227200 33.8621 34
9227300 33.7884 34
9227400 33.8966 34
9227500 34.1485 34
9227600 34.3168 34
9227700 34.433 34
9227800 34.6101 34
9227900 34.5702 34
9228000 34.3276 34
9228100 33.8965 34
9228200 33.6795 34
9228300 33.3294 34
9228400 33.1935 34
9228500 33.5674 34
9228600 34.1134 34
9228700 34.992 34
9228800 35.6344 34
9228900 35.676 34
9229000 35.1472 34
9229100 34.2601 34
9229200 33.5846 34
9229300 33.2729 34
9229400 33.4073 34
9229500 33.6914 34
9229600 33.82 34
9229700 34.2137 34
9229800 34.4553 34
9229900 34.6699 34
9230000 34.6841 34
9230100 34.3975 34
9230200 34.1779 34
9230300 34.1409 34
9230400 34.0856 34
9230500 34.0407 34
9230600 34.2378 34
9230700 34.3431 34
9230800 34.1179 34
9230900 33.8856 34
9231000 33.6798 34
9231100 33.7579 34
9231200 33.9804 34
9231300 33.9271 34
9231400 33.7651 34
9231500 33.6572 34
9231600 33.5879 34
9231700 33.4941 34
9231800 33.522 34
9231900 33.7009 34
9232000 33.7886 34
9232100 33.7991 34
9232200 33.7805 34
9232300 33.6721 34
9232400 33.9173 34
9232500 34.4738 34
9232600 34.9839 34
9232700 35.0986 34
9232800 34.8482 34
9232900 34.287 34
9233000 33.605 34
9233100 32.7954 34
9233200 32.7437 34
9233300 33.1601 34
9233400 33.8135 34
9233500 34.5245 34
9233600 34.821 34
9233700 34.8572 34
9233800 34.6546 34
9233900 34.25 34
9234000 34.0685 34
9234100 34.1811 34
9234200 34.143 34
9234300 33.9318 34
9234400 33.7033 34
9234500 33.3539 34
9234600 33.4522 34
9234700 33.5076 34
9234800 33.5113 34
9234900 33.5087 34
9235000 33.5316 34
9235100 33.7832 34
9235200 34.0043 34
9235300 34.1368 34
9235400 33.9473 34
9235500 33.8555 34
9235600 33.98 34
9235700 34.2227 34
9235800 34.1301 34
9235900 34.0548 34
9236000 34.2231 34
9236100 34.0128 34
9236200 33.6919 34
9236300 33.3613 34
9236400 33.2439 34
9236500 33.3185 34
9236600 33.5151 34
9236700 33.8469 34
9236800 34.4769 34
9236900 34.7452 34
9237000 34.3221 34
9237100 33.8504 34
9237200 33.4026 34
9237300 33.1898 34
9237400 33.3247 34
9237500 33.6843 34
9237600 33.8996 34
9237700 34.1473 34
9237800 34.2709 34
9237900 33.9336 34
9238000 33.5746 34
9238100 33.3003 34
9238200 33.4124 34
9238300 33.773 34
9238400 33.8041 34
9238500 33.7746 34
9238600 33.8653 34
9238700 34.1797 34
9238800 34.5608 34
9238900 34.8581 34
9239000 34.7495 34
9239100 34.5442 34
9239200 34.3719 34
9239300 34.079 34
9239400 33.794 34
9239500 33.4182 34
9239600 33.311 34
9239700 33.4468 34
9239800 33.9394 34
9239900 34.326 34
9240000 34.4674 34
9240100 34.6604 34
9240200 34.5543 34
9240300 34.1687 34
9240400 33.7189 34
9240500 33.8465 34
9240600 34.3654 34
9240700 34.8504 34
9240800 34.8136 34
9240900 34.3122 34
9241000 33.8026 34
9241100 33.7688 34
9241200 33.8614 34
9241300 34.0662 34
9241400 34.1421 34
9241500 33.9174 34
9241600 33.9301 34
9241700 33.8128 34
9241800 33.9111 34
9241900 34.2929 34
9242000 34.5628 34
9242100 34.7497 34
9242200 34.8678 34
9242300 34.8337 34
9242400 34.3756 34
9242500 33.7669 34
9242600 33.4637 34
9242700 33.4034 34
9242800 33.3921 34
9242900 33.4606 34
9243000 33.7455 34
9243100 34.3437 34
9243200 34.7031 34
9243300 34.9237 34
9243400 34.7715 34
9243500 34.3562 34
9243600 34.0715 34
9243700 34.1364 34
9243800 34.2716 34
9243900 34.2976 34
9244000 34.3345 34
9244100 34.2791 34
9244200 34.0739 34
9244300 33.8751 34
9244400 33.7294 34
9244500 33.5605 34
9244600 33.6808 34
9244700 33.7076 34
9244800 33.8131 34
9244900 33.8467 34
9245000 33.6464 34
9245100 33.5479 34
9245200 33.3099 34
9245300 33.5444 34
9245400 33.9956 34
9245500 34.3314 34
9245600 34.3113 34
9245700 33.9429 34
9245800 33.4644 34
9245900 33.3919 34
9246000 33.7321 34
9246100 34.1376 34
9246200 34.542 34
9246300 34.8354 34
9246400 34.7034 34
9246500 34.6923 34
9246600 34.7825 34
9246700 34.682 34
9246800 34.3494 34
9246900 34.1022 34
9247000 33.8239 34
9247100 33.7229 34
9247200 33.9192 34
9247300 34.0887 34
9247400 34.1665 34
9247500 33.9718 34
9247600 33.7628 34
9247700 33.6485 34
9247800 33.6263 34
9247900 33.6523 34
9248000 33.8361 34
9248100 33.8716 34
9248200 33.8036 34
9248300 33.8053 34
9248400 33.8827 34
9248500 33.6731 34
9248600 33.5051 34
9248700 33.6106 34
9248800 33.6395 34
9248900 33.6555 34
9249000 33.7827 34
9249100 34.0679 34
9249200 34.3313 34
9249300 34.5684 34
9249400 34.6089 34
9249500 34.3725 34
9249600 33.9448 34
9249700 33.7598 34
9249800 33.5628 34
9249900 33.6955 34
9250000 33.7916 34
9250100 33.6247 34
9250200 33.6056 34
9250300 33.9191 34
9250400 34.209 34
9250500 34.3991 34
9250600 34.3965 34
9250700 34.1646 34
9250800 34.0029 34
9250900 34.1407 34
9251000 34.3849 34
9251100 34.4009 34
9251200 34.0803 34
9251300 33.707 34
9251400 33.6771 34
9251500 34.0387 34
9251600 34.7617 34
9251700 34.95 34
9251800 34.6679 34
9251900 34.2677 34
9252000 34.0788 34
9252100 34.2099 34
9252200 34.7456 34
9252300 34.9527 34
9252400 34.5801 34
9252500 33.9117 34
9252600 33.3739 34
9252700 33.1538 34
9252800 33.1729 34
9252900 33.3327 34
9253000 33.5516 34
9253100 33.6065 34
9253200 33.6761 34
9253300 33.8468 34
9253400 34.2298 34
9253500 34.7075 34
9253600 35.184 34
9253700 35.0432 34
9253800 34.6858 34
9253900 34.3262 34
9254000 34.3489 34
9254100 34.4967 34
9254200 34.3916 34
9254300 34.0053 34
9254400 33.6984 34
9254500 33.5066 34
9254600 33.4622 34
9254700 33.5273 34
9254800 33.8514 34
9254900 34.4612 34
9255000 34.8807 34
9255100 34.7481 34
9255200 34.5755 34
9255300 34.4986 34
9255400 34.1762 34
9255500 33.8507 34
9255600 33.8001 34
9255700 33.664 34
9255800 33.655 34
9255900 33.8364 34
9256000 34.2372 34
9256100 34.4455 34
9256200 34.1417 34
9256300 33.5921 34
9256400 33.2017 34
9256500 33.2512 34
9256600 33.7249 34
9256700 34.268 34
9256800 34.8314 34
9256900 34.9353 34
9257000 34.6461 34
9257100 34.5562 34
9257200 34.406 34
9257300 34.2375 34
9257400 34.4953 34
9257500 34.6062 34
9257600 34.4437 34
9257700 34.1035 34
9257800 33.8106 34
9257900 33.4935 34
9258000 33.3494 34
9258100 33.4288 34
9258200 33.6354 34
9258300 33.8471 34
9258400 34.3214 34
9258500 34.9258 34
9258600 35.2764 34
9258700 35.3053 34
9258800 34.97 34
9258900 34.3397 34
9259000 33.7344 34
9259100 33.4779 34
9259200 33.5038 34
9259300 33.7275 34
9259400 33.9411 34
9259500 33.9365 34
9259600 33.6796 34
9259700 33.4998 34
9259800 33.7215 34
9259900 34.1946 34
9260000 34.678 34
9260100 34.9108 34
9260200 34.7159 34
9260300 34.4975 34
9260400 34.3112 34
9260500 34.1887 34
9260600 34.1877 34
9260700 34.1404 34
9260800 34.3053 34
9260900 34.727 34
9261000 34.8003 34
9261100 34.7433 34
9261200 34.4828 34
9261300 34.3079 34
9261400 34.4578 34
9261500 34.3485 34
9261600 34.2955 34
9261700 34.3597 34
9261800 34.7183 34
9261900 34.9039 34
9262000 34.6189 34
9262100 34.1061 34
9262200 33.7996 34
9262300 33.5183 34
9262400 33.0027 34
9262500 32.7282 34
9262600 32.9934 34
9262700 33.475 34
9262800 33.927 34
9262900 34.2447 34
9263000 34.5574 34
9263100 34.7633 34
9263200 34.6154 34
9263300 34.1204 34
9263400 33.5871 34
9263500 33.2492 34
9263600 33.4929 34
9263700 33.8945 34
9263800 34.2261 34
9263900 34.4226 34
9264000 34.5551 34
9264100 34.6844 34
9264200 34.718 34
9264300 34.4674 34
9264400 34.2141 34
9264500 34.153 34
9264600 34.0887 34
9264700 33.7647 34
9264800 33.4895 34
9264900 33.3362 34
9265000 33.5914 34
9265100 33.8043 34
9265200 33.9531 34
9265300 33.8638 34
9265400 33.7974 34
9265500 33.9099 34
9265600 34.0674 34
9265700 34.1887 34
9265800 33.9922 34
9265900 33.5119 34
9266000 33.0978 34
9266100 33.1616 34
9266200 33.5844 34
9266300 34.0311 34
9266400 34.4675 34
9266500 34.7565 34
9266600 34.5936 34
9266700 34.0952 34
9266800 33.8476 34
9266900 33.8424 34
9267000 33.8517 34
9267100 33.9815 34
9267200 34.2952 34
9267300 34.2333 34
9267400 33.8734 34
9267500 33.5621 34
9267600 33.2807 34
9267700 33.235 34
9267800 33.4691 34
9267900 33.8351 34
9268000 34.3333 34
9268100 34.6237 34
9268200 34.4803 34
9268300 34.2996 34
9268400 34.2443 34
9268500 34.2525 34
9268600 34.2922 34
9268700 34.1395 34
9268800 34.1778 34
9268900 34.2813 34
9269000 33.832 34
9269100 33.362 34
9269200 33.3253 34
9269300 33.4796 34
9269400 33.7903 34
9269500 34.2902 34
9269600 34.8353 34
9269700 34.8156 34
9269800 34.5432 34
9269900 34.4203 34
9270000 34.3985 34
9270100 34.2046 34
9270200 33.6818 34
9270300 33.3138 34
9270400 33.4311 34
9270500 34.0501 34
9270600 34.5117 34
9270700 34.5888 34
9270800 34.2195 34
9270900 33.7523 34
9271000 33.5962 34
9271100 33.5092 34
9271200 33.4554 34
9271300 33.6516 34
9271400 33.8578 34
9271500 33.9184 34
9271600 33.946 34
9271700 34.0231 34
9271800 34.0867 34
9271900 34.2238 34
9272000 34.0119 34
9272100 33.65 34
9272200 33.288 34
9272300 33.2749 34
9272400 33.3934 34
9272500 33.6652 34
9272600 33.7775 34
9272700 33.8503 34
9272800 33.9217 34
9272900 33.9511 34
9273000 34.1158 34
9273100 34.0738 34
9273200 34.0507 34
9273300 34.0492 34
9273400 34.0335 34
9273500 34.0859 34
9273600 34.0338 34
9273700 33.6487 34
9273800 33.2228 34
9273900 33.1339 34
9274000 33.6427 34
9274100 34.1756 34
9274200 34.5044 34
9274300 34.5346 34
9274400 34.4274 34
9274500 34.2085 34
9274600 33.9616 34
9274700 33.8159 34
9274800 33.7991 34
9274900 33.7678 34
9275000 33.6994 34
9275100 33.5856 34
9275200 33.5975 34
9275300 33.9305 34
9275400 34.3704 34
9275500 34.3786 34
9275600 34.0043 34
9275700 33.7832 34
9275800 33.6067 34
9275900 33.5459 34
9276000 33.5424 34
9276100 33.5503 34
9276200 33.6947 34
9276300 33.9573 34
9276400 34.2704 34
9276500 34.5982 34
9276600 34.9119 34
9276700 34.9865 34
9276800 34.6623 34
9276900 34.5266 34
9277000 34.0968 34
9277100 33.6616 34
9277200 33.3614 34
9277300 33.2542 34
9277400 33.3896 34
9277500 33.9469 34
9277600 34.5399 34
9277700 34.7149 34
9277800 34.6216 34
9277900 34.6845 34
9278000 34.6857 34
9278100 34.5641 34
9278200 34.2789 34
9278300 34.0939 34
9278400 34.1356 34
9278500 34.3116 34
9278600 34.3568 34
9278700 34.312 34
9278800 34.1672 34
9278900 33.757 34
9279000 33.2864 34
9279100 33.3489 34
9279200 33.6462 34
9279300 33.9532 34
9279400 34.3161 34
9279500 34.5263 34
9279600 34.2751 34
9279700 33.8798 34
9279800 33.9915 34
9279900 34.3929 34
9280000 34.5809 34
9280100 34.7258 34
9280200 34.7902 34
9280300 34.5358 34
9280400 34.0055 34
9280500 33.6033 34
9280600 33.2134 34
9280700 33.5937 34
9280800 34.1273 34
9280900 34.2366 34
9281000 34.3397 34
9281100 34.5342 34
9281200 34.8558 34
9281300 35.0568 34
9281400 34.6581 34
9281500 34.0399 34
9281600 33.4959 34
9281700 33.3248 34
9281800 33.6151 34
9281900 34.0352 34
9282000 34.2731 34
9282100 34.3465 34
9282200 34.1173 34
9282300 33.864 34
9282400 33.5865 34
9282500 33.6043 34
9282600 33.8305 34
9282700 33.9859 34
9282800 34.1729 34
9282900 34.3097 34
9283000 34.4402 34
9283100 34.6027 34
9283200 34.4946 34
9283300 34.1603 34
9283400 33.875 34
9283500 33.9816 34
9283600 34.222 34
9283700 34.283 34
9283800 34.2763 34
9283900 34.2079 34
9284000 34.0437 34
9284100 33.7118 34
9284200 33.2786 34
9284300 33.059 34
9284400 33.5353 34
9284500 34.1618 34
9284600 34.561 34
9284700 34.6632 34
9284800 34.7175 34
9284900 34.7905 34
9285000 34.7364 34
9285100 34.2236 34
9285200 33.6606 34
9285300 33.3382 34
9285400 33.2988 34
9285500 33.765 34
9285600 34.2017 34
9285700 34.4408 34
9285800 34.5391 34
9285900 34.4748 34
9286000 34.4045 34
9286100 34.4345 34
9286200 34.447 34
9286300 34.2825 34
9286400 33.8625 34
9286500 33.5578 34
9286600 33.3156 34
9286700 33.5109 34
9286800 33.7561 34
9286900 33.937 34
9287000 33.8884 34
9287100 33.659 34
9287200 33.2219 34
9287300 33.129 34
9287400 33.2425 34
9287500 33.3312 34
9287600 33.6886 34
9287700 33.9566 34
9287800 33.974 34
9287900 33.8195 34
9288000 33.5647 34
9288100 33.4243 34
9288200 33.5894 34
9288300 33.6307 34
9288400 33.5989 34
9288500 33.6585 34
9288600 33.5703 34
9288700 33.3467 34
9288800 33.0997 34
9288900 32.8776 34
9289000 33.1277 34
9289100 33.5519 34
9289200 34.0859 34
9289300 34.4171 34
9289400 34.318 34
9289500 34.3087 34
9289600 34.121 34
9289700 33.6843 34
9289800 33.4639 34
9289900 33.6843 34
9290000 33.8277 34
