# Time-averaged data for fix myat1
# TimeStep v_xave v_xdes
1830100 -32.2353 -32
1830200 -32.0007 -32
1830300 -32.0778 -32
1830400 -32.3755 -32
1830500 -32.5411 -32
1830600 -32.4049 -32
1830700 -32.3535 -32
1830800 -31.9106 -32
1830900 -31.5879 -32
1831000 -31.5765 -32
1831100 -31.6074 -32
1831200 -31.5918 -32
1831300 -31.7252 -32
1831400 -31.9775 -32
1831500 -32.5755 -32
1831600 -33.0131 -32
1831700 -32.7843 -32
1831800 -32.4222 -32
1831900 -31.9428 -32
1832000 -31.4613 -32
1832100 -31.2055 -32
1832200 -31.5657 -32
1832300 -31.9948 -32
1832400 -32.3755 -32
1832500 -32.9176 -32
1832600 -33.1118 -32
1832700 -32.7352 -32
1832800 -32.0142 -32
1832900 -31.2761 -32
1833000 -31.0636 -32
1833100 -31.5216 -32
1833200 -31.9059 -32
1833300 -32.2271 -32
1833400 -32.6078 -32
1833500 -32.8454 -32
1833600 -32.898 -32
1833700 -32.5665 -32
1833800 -32.0883 -32
1833900 -31.722 -32
1834000 -31.7176 -32
1834100 -32.1206 -32
1834200 -32.3517 -32
1834300 -32.6317 -32
1834400 -32.841 -32
1834500 -32.5853 -32
1834600 -31.9702 -32
1834700 -31.8039 -32
1834800 -31.8825 -32
1834900 -31.8355 -32
1835000 -31.7644 -32
1835100 -31.9506 -32
1835200 -32.1724 -32
1835300 -32.3414 -32
1835400 -32.4842 -32
1835500 -32.3137 -32
1835600 -32.216 -32
1835700 -32.2323 -32
1835800 -32.0718 -32
1835900 -31.7095 -32
1836000 -31.4748 -32
1836100 -31.2312 -32
1836200 -31.3152 -32
1836300 -31.4387 -32
1836400 -31.4214 -32
1836500 -31.5954 -32
1836600 -32.1563 -32
1836700 -33.0726 -32
1836800 -33.4954 -32
1836900 -33.6586 -32
1837000 -33.666 -32
1837100 -32.728 -32
1837200 -31.7114 -32
1837300 -30.9734 -32
1837400 -30.5707 -32
1837500 -30.4415 -32
1837600 -30.8634 -32
1837700 -31.746 -32
1837800 -32.2382 -32
1837900 -32.2037 -32
1838000 -32.2893 -32
1838100 -32.2525 -32
1838200 -32.1647 -32
1838300 -32.2321 -32
1838400 -32.1649 -32
1838500 -32.1538 -32
1838600 -32.1217 -32
1838700 -32.1805 -32
1838800 -32.2953 -32
1838900 -31.9532 -32
1839000 -31.7429 -32
1839100 -31.9792 -32
1839200 -32.0421 -32
1839300 -31.8971 -32
1839400 -31.6412 -32
1839500 -31.525 -32
1839600 -31.7971 -32
1839700 -31.6277 -32
1839800 -31.486 -32
1839900 -31.8433 -32
1840000 -31.9726 -32
1840100 -32.065 -32
1840200 -32.1592 -32
1840300 -32.2607 -32
1840400 -32.4415 -32
1840500 -32.6007 -32
1840600 -32.6385 -32
1840700 -32.4406 -32
1840800 -32.2191 -32
1840900 -31.9186 -32
1841000 -31.434 -32
1841100 -31.3404 -32
1841200 -31.6811 -32
1841300 -32.077 -32
1841400 -32.3645 -32
1841500 -32.4705 -32
1841600 -32.1885 -32
1841700 -31.9314 -32
1841800 -31.9326 -32
1841900 -31.8583 -32
1842000 -31.8281 -32
1842100 -31.8686 -32
1842200 -31.7876 -32
1842300 -31.6117 -32
1842400 -31.4111 -32
1842500 -31.5758 -32
1842600 -31.7689 -32
1842700 -32.0178 -32
1842800 -31.8358 -32
1842900 -31.3394 -32
1843000 -31.371 -32
1843100 -31.8441 -32
1843200 -32.0712 -32
1843300 -31.9295 -32
1843400 -31.8727 -32
1843500 -31.801 -32
1843600 -31.9181 -32
1843700 -32.1947 -32
1843800 -32.0004 -32
1843900 -31.8306 -32
1844000 -32.0409 -32
1844100 -32.094 -32
1844200 -31.8994 -32
1844300 -31.9759 -32
1844400 -32.0453 -32
1844500 -31.9628 -32
1844600 -31.8175 -32
1844700 -31.8845 -32
1844800 -31.9419 -32
1844900 -31.7686 -32
1845000 -31.7205 -32
1845100 -31.7806 -32
1845200 -32.1958 -32
1845300 -32.8565 -32
1845400 -33.2796 -32
1845500 -33.0875 -32
1845600 -32.3314 -32
1845700 -31.1121 -32
1845800 -30.4852 -32
1845900 -30.2863 -32
1846000 -30.4635 -32
1846100 -31.1351 -32
1846200 -32.0191 -32
1846300 -32.7419 -32
1846400 -33.1483 -32
1846500 -32.921 -32
1846600 -32.4012 -32
1846700 -31.6744 -32
1846800 -31.0867 -32
1846900 -31.0699 -32
1847000 -31.5122 -32
1847100 -32.1968 -32
1847200 -32.5292 -32
1847300 -32.6214 -32
1847400 -32.5531 -32
1847500 -32.5147 -32
1847600 -32.4737 -32
1847700 -32.2715 -32
1847800 -31.9713 -32
1847900 -31.6517 -32
1848000 -31.4748 -32
1848100 -31.3821 -32
1848200 -31.6716 -32
1848300 -32.2366 -32
1848400 -32.4833 -32
1848500 -32.2162 -32
1848600 -31.7848 -32
1848700 -31.522 -32
1848800 -31.3678 -32
1848900 -31.2318 -32
1849000 -31.2417 -32
1849100 -31.3762 -32
1849200 -31.8142 -32
1849300 -32.4513 -32
1849400 -32.7395 -32
1849500 -32.614 -32
1849600 -32.4052 -32
1849700 -32.1923 -32
1849800 -32.1957 -32
1849900 -32.3484 -32
1850000 -32.3129 -32
1850100 -32.2963 -32
1850200 -32.1372 -32
1850300 -31.8475 -32
1850400 -31.6826 -32
1850500 -31.8562 -32
1850600 -32.0831 -32
1850700 -32.3025 -32
1850800 -32.4641 -32
1850900 -32.5614 -32
1851000 -32.2507 -32
1851100 -31.7109 -32
1851200 -31.3851 -32
1851300 -31.2601 -32
1851400 -31.3473 -32
1851500 -31.758 -32
1851600 -31.9662 -32
1851700 -31.9249 -32
1851800 -32.1874 -32
1851900 -32.3837 -32
1852000 -32.4562 -32
1852100 -32.4293 -32
1852200 -32.3064 -32
1852300 -32.1616 -32
1852400 -32.0929 -32
1852500 -31.8448 -32
1852600 -31.5507 -32
1852700 -31.6776 -32
1852800 -32.2842 -32
1852900 -32.8206 -32
1853000 -33.0693 -32
1853100 -33.0383 -32
1853200 -32.7328 -32
1853300 -32.1695 -32
1853400 -31.7016 -32
1853500 -31.3685 -32
1853600 -31.2969 -32
1853700 -31.499 -32
1853800 -31.8995 -32
1853900 -32.1396 -32
1854000 -32.1 -32
1854100 -31.9205 -32
1854200 -31.6543 -32
1854300 -31.5722 -32
1854400 -31.8239 -32
1854500 -32.0482 -32
1854600 -31.9994 -32
1854700 -31.62 -32
1854800 -31.1671 -32
1854900 -31.1024 -32
1855000 -31.1463 -32
1855100 -31.3845 -32
1855200 -31.8202 -32
1855300 -32.2125 -32
1855400 -32.3802 -32
1855500 -32.2586 -32
1855600 -32.0677 -32
1855700 -31.8185 -32
1855800 -31.6444 -32
1855900 -31.6009 -32
1856000 -31.6913 -32
1856100 -31.6962 -32
1856200 -31.5515 -32
1856300 -31.3924 -32
1856400 -31.5892 -32
1856500 -31.998 -32
1856600 -32.3978 -32
1856700 -32.505 -32
1856800 -32.8648 -32
1856900 -33.1493 -32
1857000 -33.0036 -32
1857100 -32.4971 -32
1857200 -32.1651 -32
1857300 -32.0902 -32
1857400 -32.3798 -32
1857500 -32.6448 -32
1857600 -32.6446 -32
1857700 -32.3682 -32
1857800 -31.7996 -32
1857900 -31.4145 -32
1858000 -31.2245 -32
1858100 -31.3946 -32
1858200 -31.8181 -32
1858300 -32.4778 -32
1858400 -32.8276 -32
1858500 -32.7829 -32
1858600 -32.5546 -32
1858700 -32.3559 -32
1858800 -32.3104 -32
1858900 -32.0619 -32
1859000 -31.7721 -32
1859100 -31.9325 -32
1859200 -32.1281 -32
1859300 -32.0259 -32
1859400 -31.7803 -32
1859500 -31.5998 -32
1859600 -31.6466 -32
1859700 -32.0727 -32
1859800 -32.7864 -32
1859900 -33.2636 -32
1860000 -33.2444 -32
1860100 -32.5384 -32
1860200 -31.7024 -32
1860300 -31.1877 -32
1860400 -30.9821 -32
1860500 -31.2115 -32
1860600 -31.5833 -32
1860700 -31.9305 -32
1860800 -31.887 -32
1860900 -31.6892 -32
1861000 -31.6213 -32
1861100 -31.7716 -32
1861200 -31.9125 -32
1861300 -31.8991 -32
1861400 -31.7761 -32
1861500 -31.863 -32
1861600 -32.2364 -32
1861700 -32.1956 -32
1861800 -31.9901 -32
1861900 -31.8325 -32
1862000 -31.6629 -32
1862100 -31.8413 -32
1862200 -32.1537 -32
1862300 -32.2503 -32
1862400 -32.2029 -32
1862500 -32.0236 -32
1862600 -32.1453 -32
1862700 -32.3614 -32
1862800 -32.4667 -32
1862900 -32.5492 -32
1863000 -32.3345 -32
1863100 -31.8236 -32
1863200 -31.3268 -32
1863300 -30.9495 -32
1863400 -30.8703 -32
1863500 -30.989 -32
1863600 -31.3548 -32
1863700 -31.761 -32
1863800 -32.0658 -32
1863900 -32.2698 -32
1864000 -32.1784 -32
1864100 -32.0556 -32
1864200 -32.056 -32
1864300 -32.0849 -32
1864400 -32.0055 -32
1864500 -31.8347 -32
1864600 -31.5186 -32
1864700 -31.6135 -32
1864800 -31.5171 -32
1864900 -31.1229 -32
1865000 -31.1367 -32
1865100 -31.1564 -32
1865200 -31.4304 -32
1865300 -31.9086 -32
1865400 -32.5179 -32
1865500 -32.9545 -32
1865600 -33.2427 -32
1865700 -32.9055 -32
1865800 -32.3389 -32
1865900 -31.5055 -32
1866000 -30.8314 -32
1866100 -30.4871 -32
1866200 -30.7057 -32
1866300 -31.5324 -32
1866400 -32.5403 -32
1866500 -33.1232 -32
1866600 -33.1446 -32
1866700 -32.7056 -32
1866800 -31.9933 -32
1866900 -31.552 -32
1867000 -31.8276 -32
1867100 -32.0815 -32
1867200 -32.0699 -32
1867300 -31.8125 -32
1867400 -31.6462 -32
1867500 -31.7748 -32
1867600 -31.9971 -32
1867700 -31.9608 -32
1867800 -31.9065 -32
1867900 -31.9678 -32
1868000 -32.1504 -32
1868100 -32.2913 -32
1868200 -31.9993 -32
1868300 -31.6733 -32
1868400 -31.3407 -32
1868500 -30.9564 -32
1868600 -30.7011 -32
1868700 -31.0684 -32
1868800 -31.9424 -32
1868900 -32.6863 -32
1869000 -33.0632 -32
1869100 -33.068 -32
1869200 -32.7801 -32
1869300 -32.2459 -32
1869400 -32.0162 -32
1869500 -32.084 -32
1869600 -32.0974 -32
1869700 -31.8336 -32
1869800 -31.7443 -32
1869900 -31.9476 -32
1870000 -31.9803 -32
1870100 -32.1945 -32
1870200 -32.4088 -32
1870300 -32.3124 -32
1870400 -32.1473 -32
1870500 -32.0345 -32
1870600 -32.1077 -32
1870700 -32.4063 -32
1870800 -32.5869 -32
1870900 -32.2165 -32
1871000 -31.6215 -32
1871100 -31.044 -32
1871200 -30.6629 -32
1871300 -30.5117 -32
1871400 -30.7457 -32
1871500 -31.1836 -32
1871600 -31.7287 -32
1871700 -31.9984 -32
1871800 -32.2806 -32
1871900 -32.4086 -32
1872000 -32.1002 -32
1872100 -31.602 -32
1872200 -31.1778 -32
1872300 -31.3602 -32
1872400 -31.8317 -32
1872500 -31.9775 -32
1872600 -31.8735 -32
1872700 -31.807 -32
1872800 -32.0716 -32
1872900 -32.2453 -32
1873000 -32.1192 -32
1873100 -31.8309 -32
1873200 -31.6108 -32
1873300 -31.5887 -32
1873400 -31.7458 -32
1873500 -32.0006 -32
1873600 -32.0689 -32
1873700 -31.8574 -32
1873800 -31.3914 -32
1873900 -31.3794 -32
1874000 -31.9527 -32
1874100 -32.3962 -32
1874200 -32.1873 -32
1874300 -31.6417 -32
1874400 -31.4759 -32
1874500 -31.5139 -32
1874600 -31.7476 -32
1874700 -32.0078 -32
1874800 -32.2525 -32
1874900 -32.1805 -32
1875000 -31.7909 -32
1875100 -31.242 -32
1875200 -31.0156 -32
1875300 -31.0066 -32
1875400 -31.15 -32
1875500 -31.3123 -32
1875600 -31.6566 -32
1875700 -32.4191 -32
1875800 -33.1157 -32
1875900 -33.1247 -32
1876000 -32.5627 -32
1876100 -31.9589 -32
1876200 -31.689 -32
1876300 -31.5646 -32
1876400 -31.5857 -32
1876500 -31.7952 -32
1876600 -31.988 -32
1876700 -32.1038 -32
1876800 -31.9988 -32
1876900 -32.0298 -32
1877000 -32.0494 -32
1877100 -31.4567 -32
1877200 -31.1615 -32
1877300 -31.0685 -32
1877400 -31.4771 -32
1877500 -32.1063 -32
1877600 -32.9723 -32
1877700 -33.3148 -32
1877800 -33.0184 -32
1877900 -32.3209 -32
1878000 -31.7022 -32
1878100 -31.4594 -32
1878200 -31.5756 -32
1878300 -31.8937 -32
1878400 -32.1856 -32
1878500 -32.2573 -32
1878600 -32.3566 -32
1878700 -32.321 -32
1878800 -32.2008 -32
1878900 -32.1184 -32
1879000 -32.062 -32
1879100 -31.9889 -32
1879200 -31.9394 -32
1879300 -31.6686 -32
1879400 -31.3244 -32
1879500 -31.2642 -32
1879600 -31.5555 -32
1879700 -31.8011 -32
1879800 -31.8159 -32
1879900 -31.9582 -32
1880000 -32.0364 -32
1880100 -31.9778 -32
1880200 -32.1475 -32
1880300 -32.3353 -32
1880400 -32.4843 -32
1880500 -32.5396 -32
1880600 -32.3782 -32
1880700 -32.3273 -32
1880800 -32.4923 -32
1880900 -32.5652 -32
1881000 -32.1235 -32
1881100 -31.5804 -32
1881200 -31.3717 -32
1881300 -31.5457 -32
1881400 -31.9479 -32
1881500 -32.2306 -32
1881600 -32.4541 -32
1881700 -32.442 -32
1881800 -32.6891 -32
1881900 -32.8279 -32
1882000 -32.6764 -32
1882100 -32.3547 -32
1882200 -32.0589 -32
1882300 -32.1467 -32
1882400 -32.2456 -32
1882500 -32.3959 -32
1882600 -32.3458 -32
1882700 -32.2687 -32
1882800 -32.385 -32
1882900 -32.4918 -32
1883000 -32.4179 -32
1883100 -32.2858 -32
1883200 -32.0305 -32
1883300 -32.0538 -32
1883400 -31.8019 -32
1883500 -31.4537 -32
1883600 -31.4587 -32
1883700 -31.5208 -32
1883800 -31.9472 -32
1883900 -32.5105 -32
1884000 -32.8461 -32
1884100 -32.9327 -32
1884200 -32.9216 -32
1884300 -32.7217 -32
1884400 -32.4032 -32
1884500 -31.8658 -32
1884600 -31.4357 -32
1884700 -31.3916 -32
1884800 -31.2891 -32
1884900 -31.3823 -32
1885000 -31.6466 -32
1885100 -31.7396 -32
1885200 -31.677 -32
1885300 -31.4722 -32
1885400 -31.4856 -32
1885500 -31.6847 -32
1885600 -32.0441 -32
1885700 -32.5147 -32
1885800 -32.8385 -32
1885900 -33.0418 -32
1886000 -33.1871 -32
1886100 -33.0577 -32
1886200 -32.9621 -32
1886300 -32.7338 -32
1886400 -32.3703 -32
1886500 -31.7609 -32
1886600 -31.2736 -32
1886700 -31.3808 -32
1886800 -31.749 -32
1886900 -32.0677 -32
1887000 -32.4873 -32
1887100 -32.9423 -32
1887200 -32.9493 -32
1887300 -32.5362 -32
1887400 -32.2897 -32
1887500 -32.1992 -32
1887600 -32.1137 -32
1887700 -32.0459 -32
1887800 -32.0227 -32
1887900 -32.0091 -32
1888000 -31.9163 -32
1888100 -31.6342 -32
1888200 -31.4548 -32
1888300 -31.4483 -32
1888400 -31.845 -32
1888500 -32.2405 -32
1888600 -32.3823 -32
1888700 -32.2444 -32
1888800 -32.0065 -32
1888900 -31.6604 -32
1889000 -31.3611 -32
1889100 -31.4544 -32
1889200 -31.835 -32
1889300 -32.2615 -32
1889400 -32.5647 -32
1889500 -32.5243 -32
1889600 -32.2954 -32
1889700 -32.1641 -32
1889800 -32.2319 -32
1889900 -32.1903 -32
1890000 -32.1772 -32
1890100 -32.0693 -32
1890200 -31.9917 -32
1890300 -31.9341 -32
1890400 -31.8626 -32
1890500 -31.8763 -32
1890600 -32.1271 -32
1890700 -32.2572 -32
1890800 -32.0643 -32
1890900 -32.1036 -32
1891000 -32.2562 -32
1891100 -32.4952 -32
1891200 -32.4646 -32
1891300 -32.2052 -32
1891400 -32.0049 -32
1891500 -31.8999 -32
1891600 -31.9847 -32
1891700 -31.9019 -32
1891800 -31.4856 -32
1891900 -31.2136 -32
1892000 -31.4483 -32
1892100 -31.9642 -32
1892200 -32.2888 -32
1892300 -32.4141 -32
1892400 -32.2075 -32
1892500 -31.7665 -32
1892600 -31.4681 -32
1892700 -31.6702 -32
1892800 -32.0812 -32
1892900 -32.2938 -32
1893000 -32.2877 -32
1893100 -32.437 -32
1893200 -32.2662 -32
1893300 -32.0545 -32
1893400 -31.7658 -32
1893500 -31.5581 -32
1893600 -31.4192 -32
1893700 -31.7735 -32
1893800 -32.3031 -32
1893900 -32.2852 -32
1894000 -31.9224 -32
1894100 -31.6995 -32
1894200 -31.8441 -32
1894300 -32.0996 -32
1894400 -32.3541 -32
1894500 -32.5473 -32
1894600 -32.413 -32
1894700 -32.1996 -32
1894800 -31.9876 -32
1894900 -31.7513 -32
1895000 -31.6124 -32
1895100 -31.7341 -32
1895200 -32.0067 -32
1895300 -32.2878 -32
1895400 -32.4269 -32
1895500 -32.5547 -32
1895600 -32.3701 -32
1895700 -32.081 -32
1895800 -31.9311 -32
1895900 -31.7538 -32
1896000 -31.6258 -32
1896100 -31.8059 -32
1896200 -31.9037 -32
1896300 -31.7275 -32
1896400 -31.607 -32
1896500 -31.9192 -32
1896600 -32.028 -32
1896700 -32.1584 -32
1896800 -32.4132 -32
1896900 -32.2969 -32
1897000 -32.0369 -32
1897100 -31.996 -32
1897200 -32.1581 -32
1897300 -32.1655 -32
1897400 -32.4748 -32
1897500 -32.8107 -32
1897600 -32.7395 -32
1897700 -32.4071 -32
1897800 -32.373 -32
1897900 -32.6251 -32
1898000 -32.3953 -32
1898100 -32.0744 -32
1898200 -31.843 -32
1898300 -31.865 -32
1898400 -32.0248 -32
1898500 -32.2874 -32
1898600 -32.485 -32
1898700 -32.6232 -32
1898800 -32.7923 -32
1898900 -32.6827 -32
1899000 -32.4978 -32
1899100 -32.0835 -32
1899200 -31.9341 -32
1899300 -31.9158 -32
1899400 -32.103 -32
1899500 -32.3012 -32
1899600 -32.4792 -32
1899700 -32.4037 -32
1899800 -32.088 -32
1899900 -31.7254 -32
1900000 -31.3412 -32
1900100 -30.9366 -32
1900200 -30.8111 -32
1900300 -30.9398 -32
1900400 -30.8888 -32
1900500 -31.1382 -32
1900600 -31.6782 -32
1900700 -32.2465 -32
1900800 -32.5312 -32
1900900 -32.6667 -32
1901000 -32.6917 -32
1901100 -32.4448 -32
1901200 -32.0206 -32
1901300 -31.9308 -32
1901400 -31.7905 -32
1901500 -31.5978 -32
1901600 -31.4693 -32
1901700 -31.675 -32
1901800 -32.0661 -32
1901900 -32.5725 -32
1902000 -32.9937 -32
1902100 -33.0495 -32
1902200 -32.6263 -32
1902300 -32.0418 -32
1902400 -31.8106 -32
1902500 -31.7872 -32
1902600 -31.7641 -32
1902700 -31.9088 -32
1902800 -31.878 -32
1902900 -31.7646 -32
1903000 -31.8004 -32
1903100 -31.8707 -32
1903200 -31.9907 -32
1903300 -32.0715 -32
1903400 -31.9696 -32
1903500 -31.774 -32
1903600 -31.9538 -32
1903700 -32.3116 -32
1903800 -32.6004 -32
1903900 -32.5871 -32
1904000 -32.3037 -32
1904100 -31.98 -32
1904200 -31.9006 -32
1904300 -31.8629 -32
1904400 -31.8519 -32
1904500 -32.0625 -32
1904600 -32.3996 -32
1904700 -32.5172 -32
1904800 -32.3188 -32
1904900 -31.7955 -32
1905000 -31.3725 -32
1905100 -31.3582 -32
1905200 -31.7412 -32
1905300 -32.1622 -32
1905400 -32.2974 -32
1905500 -32.1948 -32
1905600 -31.8849 -32
1905700 -31.4906 -32
1905800 -31.1234 -32
1905900 -31.2529 -32
1906000 -31.8483 -32
1906100 -32.2407 -32
1906200 -32.555 -32
1906300 -32.3687 -32
1906400 -31.8369 -32
1906500 -31.5682 -32
1906600 -31.6835 -32
1906700 -32.1239 -32
1906800 -32.2272 -32
1906900 -32.1459 -32
1907000 -31.9794 -32
1907100 -31.7787 -32
1907200 -31.6496 -32
1907300 -31.5277 -32
1907400 -31.5682 -32
1907500 -31.6884 -32
1907600 -31.8265 -32
1907700 -31.978 -32
1907800 -32.1186 -32
1907900 -32.319 -32
1908000 -32.4696 -32
1908100 -32.4165 -32
1908200 -32.0279 -32
1908300 -31.6054 -32
1908400 -31.4141 -32
1908500 -31.5326 -32
1908600 -31.7709 -32
1908700 -31.8333 -32
1908800 -31.7422 -32
1908900 -31.6874 -32
1909000 -31.8107 -32
1909100 -32.0769 -32
1909200 -32.3992 -32
1909300 -32.4258 -32
1909400 -32.2131 -32
1909500 -32.1127 -32
1909600 -32.3908 -32
1909700 -32.5391 -32
1909800 -32.2982 -32
1909900 -32.1121 -32
1910000 -32.0142 -32
1910100 -31.887 -32
1910200 -31.7443 -32
1910300 -31.5381 -32
1910400 -31.4924 -32
1910500 -31.5177 -32
1910600 -31.556 -32
1910700 -31.7209 -32
1910800 -32.0808 -32
1910900 -32.2924 -32
1911000 -32.0689 -32
1911100 -31.8948 -32
1911200 -31.8762 -32
1911300 -31.9208 -32
1911400 -31.9683 -32
1911500 -32.2047 -32
1911600 -32.3044 -32
1911700 -32.2405 -32
1911800 -32.3714 -32
1911900 -32.5235 -32
1912000 -32.5333 -32
1912100 -32.4009 -32
1912200 -32.0421 -32
1912300 -31.7078 -32
1912400 -31.5562 -32
1912500 -31.3859 -32
1912600 -31.4482 -32
1912700 -31.6703 -32
1912800 -32.1127 -32
1912900 -32.4464 -32
1913000 -32.5114 -32
1913100 -32.5262 -32
1913200 -32.5165 -32
1913300 -32.3098 -32
1913400 -31.987 -32
1913500 -31.6364 -32
1913600 -31.4875 -32
1913700 -31.648 -32
1913800 -31.8336 -32
1913900 -31.9062 -32
1914000 -31.6665 -32
1914100 -31.3048 -32
1914200 -31.3698 -32
1914300 -31.726 -32
1914400 -32.1518 -32
1914500 -32.5303 -32
1914600 -32.5549 -32
1914700 -32.4724 -32
1914800 -32.2516 -32
1914900 -31.9652 -32
1915000 -32.0048 -32
1915100 -32.3119 -32
1915200 -32.4322 -32
1915300 -32.2829 -32
1915400 -32.1782 -32
1915500 -32.1222 -32
1915600 -32.0632 -32
1915700 -31.7615 -32
1915800 -31.6511 -32
1915900 -31.7519 -32
1916000 -31.9192 -32
1916100 -32.0065 -32
1916200 -32.0759 -32
1916300 -32.0819 -32
1916400 -32.0973 -32
1916500 -31.9946 -32
1916600 -31.9208 -32
1916700 -31.923 -32
1916800 -31.7544 -32
1916900 -31.757 -32
1917000 -31.9004 -32
1917100 -32.0261 -32
1917200 -32.2416 -32
1917300 -32.6218 -32
1917400 -32.5671 -32
1917500 -32.202 -32
1917600 -31.8935 -32
1917700 -31.8591 -32
1917800 -31.9931 -32
1917900 -31.8024 -32
1918000 -31.7579 -32
1918100 -32.1297 -32
1918200 -32.4806 -32
1918300 -32.5746 -32
1918400 -32.5308 -32
1918500 -32.2709 -32
1918600 -31.9727 -32
1918700 -31.6867 -32
1918800 -31.5687 -32
1918900 -31.4634 -32
1919000 -31.613 -32
1919100 -31.9951 -32
1919200 -32.3674 -32
1919300 -32.4602 -32
1919400 -32.3183 -32
1919500 -32.3843 -32
1919600 -32.5092 -32
1919700 -32.5794 -32
1919800 -32.423 -32
1919900 -32.1641 -32
1920000 -31.8492 -32
1920100 -31.6399 -32
1920200 -31.7064 -32
1920300 -31.9876 -32
1920400 -32.3328 -32
1920500 -32.53 -32
1920600 -32.4331 -32
1920700 -32.2621 -32
1920800 -32.208 -32
1920900 -31.9873 -32
1921000 -31.7058 -32
1921100 -31.5508 -32
1921200 -31.9052 -32
1921300 -32.3188 -32
1921400 -32.4204 -32
1921500 -32.3205 -32
1921600 -32.1032 -32
1921700 -31.9763 -32
1921800 -31.649 -32
1921900 -31.7541 -32
1922000 -32.0602 -32
1922100 -32.0478 -32
1922200 -31.9375 -32
1922300 -32.0677 -32
1922400 -32.1498 -32
1922500 -31.8357 -32
1922600 -31.4675 -32
1922700 -31.3855 -32
1922800 -31.4723 -32
1922900 -31.8619 -32
1923000 -32.3379 -32
1923100 -32.7661 -32
1923200 -33.1365 -32
1923300 -32.981 -32
1923400 -32.4694 -32
1923500 -31.9576 -32
1923600 -31.7124 -32
1923700 -31.6794 -32
1923800 -31.8259 -32
1923900 -32.1365 -32
1924000 -32.3884 -32
1924100 -32.3382 -32
1924200 -31.966 -32
1924300 -31.6814 -32
1924400 -31.3858 -32
1924500 -31.5594 -32
1924600 -31.8437 -32
1924700 -31.9687 -32
1924800 -32.0816 -32
1924900 -32.2975 -32
1925000 -32.5071 -32
1925100 -32.2657 -32
1925200 -31.5763 -32
1925300 -31.5069 -32
1925400 -31.6967 -32
1925500 -31.9551 -32
1925600 -32.2748 -32
1925700 -32.6518 -32
1925800 -32.779 -32
1925900 -32.5887 -32
1926000 -32.0896 -32
1926100 -31.4771 -32
1926200 -30.9421 -32
1926300 -30.9088 -32
1926400 -31.2208 -32
1926500 -31.7447 -32
1926600 -32.2256 -32
1926700 -32.3962 -32
1926800 -31.9139 -32
1926900 -31.556 -32
1927000 -31.6452 -32
1927100 -32.0161 -32
1927200 -32.2967 -32
1927300 -32.2424 -32
1927400 -32.2136 -32
1927500 -32.3482 -32
1927600 -32.4541 -32
1927700 -32.5239 -32
1927800 -32.5189 -32
1927900 -32.2037 -32
1928000 -31.6995 -32
1928100 -31.3737 -32
1928200 -31.2869 -32
1928300 -31.6677 -32
1928400 -31.865 -32
1928500 -32.0009 -32
1928600 -31.8435 -32
1928700 -31.978 -32
1928800 -32.1566 -32
1928900 -32.1657 -32
1929000 -32.1137 -32
1929100 -31.9869 -32
1929200 -31.8382 -32
1929300 -31.8355 -32
1929400 -31.9208 -32
1929500 -32.1635 -32
1929600 -32.4386 -32
1929700 -32.4762 -32
1929800 -32.5138 -32
1929900 -32.4274 -32
1930000 -32.2654 -32
1930100 -32.3778 -32
1930200 -32.4605 -32
1930300 -32.4188 -32
1930400 -32.4233 -32
1930500 -32.7833 -32
1930600 -33.0722 -32
1930700 -32.6377 -32
1930800 -31.9144 -32
1930900 -31.3125 -32
1931000 -30.9422 -32
1931100 -31.0842 -32
1931200 -31.6985 -32
1931300 -32.4003 -32
1931400 -32.6719 -32
1931500 -32.7018 -32
1931600 -32.5929 -32
1931700 -32.3537 -32
1931800 -32.218 -32
1931900 -32.261 -32
1932000 -32.322 -32
1932100 -32.0237 -32
1932200 -31.5836 -32
1932300 -31.4266 -32
1932400 -31.6627 -32
1932500 -32.096 -32
1932600 -32.3305 -32
1932700 -32.3807 -32
1932800 -32.204 -32
1932900 -32.1515 -32
1933000 -32.1151 -32
1933100 -32.0536 -32
1933200 -32.2573 -32
1933300 -32.7203 -32
1933400 -33.0003 -32
1933500 -32.8444 -32
1933600 -32.4693 -32
1933700 -32.0005 -32
1933800 -31.8381 -32
1933900 -32.127 -32
1934000 -32.3042 -32
1934100 -32.1813 -32
1934200 -32.1243 -32
1934300 -32.2173 -32
1934400 -32.2428 -32
1934500 -32.4411 -32
1934600 -32.7755 -32
1934700 -32.8849 -32
1934800 -32.6722 -32
1934900 -32.2955 -32
1935000 -31.9414 -32
1935100 -31.6618 -32
1935200 -31.4009 -32
1935300 -31.2553 -32
1935400 -31.406 -32
1935500 -31.6261 -32
1935600 -31.8238 -32
1935700 -31.8875 -32
1935800 -31.829 -32
1935900 -31.4941 -32
1936000 -31.1908 -32
1936100 -31.5012 -32
1936200 -32.0454 -32
1936300 -32.2957 -32
1936400 -32.1492 -32
1936500 -32.0853 -32
1936600 -32.0754 -32
1936700 -32.1961 -32
1936800 -32.3451 -32
1936900 -32.6144 -32
1937000 -32.925 -32
1937100 -32.9573 -32
1937200 -32.4876 -32
1937300 -32.0868 -32
1937400 -31.573 -32
1937500 -31.2645 -32
1937600 -31.3577 -32
1937700 -31.7416 -32
1937800 -31.9092 -32
1937900 -32.0431 -32
1938000 -32.0654 -32
1938100 -32.2587 -32
1938200 -32.2762 -32
1938300 -31.8782 -32
1938400 -31.389 -32
1938500 -31.0452 -32
1938600 -31.0484 -32
1938700 -31.2349 -32
1938800 -31.7516 -32
1938900 -32.262 -32
1939000 -32.3796 -32
1939100 -32.1926 -32
1939200 -32.0578 -32
1939300 -32.2012 -32
1939400 -32.1217 -32
1939500 -32.0436 -32
1939600 -32.1404 -32
1939700 -32.2876 -32
1939800 -32.571 -32
1939900 -32.7954 -32
1940000 -32.9387 -32
1940100 -32.9424 -32
1940200 -32.7275 -32
1940300 -32.2597 -32
1940400 -31.5268 -32
1940500 -30.8659 -32
1940600 -30.6345 -32
1940700 -31.1365 -32
1940800 -31.8713 -32
1940900 -32.3667 -32
1941000 -32.564 -32
1941100 -32.5378 -32
1941200 -32.5704 -32
1941300 -32.3561 -32
1941400 -32.0505 -32
1941500 -31.8722 -32
1941600 -31.7497 -32
1941700 -31.9213 -32
1941800 -32.3097 -32
1941900 -32.603 -32
1942000 -32.5861 -32
1942100 -32.3582 -32
1942200 -32.3347 -32
1942300 -32.3089 -32
1942400 -32.4671 -32
1942500 -32.7576 -32
1942600 -32.8175 -32
1942700 -32.5712 -32
1942800 -32.1711 -32
1942900 -31.9214 -32
1943000 -32.0222 -32
1943100 -32.337 -32
1943200 -32.4555 -32
1943300 -32.7313 -32
1943400 -32.5984 -32
1943500 -32.0628 -32
1943600 -31.6783 -32
1943700 -31.3402 -32
1943800 -31.1025 -32
1943900 -31.2792 -32
1944000 -31.4624 -32
1944100 -31.8109 -32
1944200 -32.2507 -32
1944300 -32.6229 -32
1944400 -32.894 -32
1944500 -32.9062 -32
1944600 -32.5011 -32
1944700 -32.0111 -32
1944800 -31.5125 -32
1944900 -31.1512 -32
1945000 -31.1834 -32
1945100 -31.6731 -32
1945200 -32.2796 -32
1945300 -32.5196 -32
1945400 -32.5023 -32
1945500 -32.4274 -32
1945600 -32.4399 -32
1945700 -32.3202 -32
1945800 -31.8853 -32
1945900 -31.8545 -32
1946000 -32.136 -32
1946100 -32.2618 -32
1946200 -32.5257 -32
1946300 -32.9948 -32
1946400 -32.9221 -32
1946500 -32.3564 -32
1946600 -31.4479 -32
1946700 -30.7474 -32
1946800 -30.5672 -32
1946900 -30.8895 -32
1947000 -31.2455 -32
1947100 -31.4438 -32
1947200 -31.6715 -32
1947300 -31.9692 -32
1947400 -32.3565 -32
1947500 -32.3586 -32
1947600 -32.0277 -32
1947700 -31.9254 -32
1947800 -32.1712 -32
1947900 -32.4435 -32
1948000 -32.6997 -32
1948100 -32.6879 -32
1948200 -32.3639 -32
1948300 -32.083 -32
1948400 -31.7215 -32
1948500 -31.4338 -32
1948600 -31.5935 -32
1948700 -31.8173 -32
1948800 -31.9388 -32
1948900 -32.087 -32
1949000 -32.1308 -32
1949100 -32.0824 -32
1949200 -32.0205 -32
1949300 -32.0713 -32
1949400 -32.2372 -32
1949500 -32.2052 -32
1949600 -32.0091 -32
1949700 -32.1038 -32
1949800 -32.3065 -32
1949900 -32.508 -32
1950000 -32.6959 -32
1950100 -32.6503 -32
1950200 -32.6244 -32
1950300 -32.5272 -32
1950400 -32.5576 -32
1950500 -32.5201 -32
1950600 -32.053 -32
1950700 -31.5915 -32
1950800 -31.6267 -32
1950900 -31.8959 -32
1951000 -32.206 -32
1951100 -32.43 -32
1951200 -32.4156 -32
1951300 -32.3529 -32
1951400 -31.9131 -32
1951500 -31.3535 -32
1951600 -31.2249 -32
1951700 -31.602 -32
1951800 -32.0933 -32
1951900 -32.3472 -32
1952000 -32.3535 -32
1952100 -32.405 -32
1952200 -32.3799 -32
1952300 -32.1314 -32
1952400 -31.9875 -32
1952500 -32.1267 -32
1952600 -32.3383 -32
1952700 -32.2143 -32
1952800 -31.8472 -32
1952900 -31.536 -32
1953000 -31.3934 -32
1953100 -31.274 -32
1953200 -31.4951 -32
1953300 -31.8978 -32
1953400 -32.0362 -32
1953500 -32.0638 -32
1953600 -32.1414 -32
1953700 -31.9312 -32
1953800 -31.8719 -32
1953900 -31.9739 -32
1954000 -31.9698 -32
1954100 -32.1286 -32
1954200 -32.2632 -32
1954300 -32.1798 -32
1954400 -32.046 -32
1954500 -32.1075 -32
1954600 -32.0347 -32
1954700 -32.0135 -32
1954800 -31.8388 -32
1954900 -32.0971 -32
1955000 -32.4926 -32
1955100 -32.852 -32
1955200 -33.0119 -32
1955300 -33.0317 -32
1955400 -32.785 -32
1955500 -32.3859 -32
1955600 -31.8904 -32
1955700 -31.5875 -32
1955800 -31.5245 -32
1955900 -31.6092 -32
1956000 -31.8507 -32
1956100 -32.0643 -32
1956200 -32.3927 -32
1956300 -32.3989 -32
1956400 -32.071 -32
1956500 -31.6336 -32
1956600 -31.7214 -32
1956700 -32.1992 -32
1956800 -32.6635 -32
1956900 -32.9432 -32
1957000 -33.0081 -32
1957100 -33.0584 -32
1957200 -32.777 -32
1957300 -32.2463 -32
1957400 -31.7484 -32
1957500 -31.4298 -32
1957600 -31.5726 -32
1957700 -32.1732 -32
1957800 -32.6482 -32
1957900 -32.4921 -32
1958000 -32.3433 -32
1958100 -32.0923 -32
1958200 -32.1774 -32
1958300 -32.1116 -32
1958400 -32.012 -32
1958500 -31.7608 -32
1958600 -31.3368 -32
1958700 -31.2625 -32
1958800 -31.3727 -32
1958900 -31.3777 -32
1959000 -31.5699 -32
1959100 -31.9256 -32
1959200 -32.1354 -32
1959300 -32.3825 -32
1959400 -32.5315 -32
1959500 -32.3415 -32
1959600 -32.2252 -32
1959700 -32.1661 -32
1959800 -32.0233 -32
1959900 -31.709 -32
1960000 -31.6689 -32
1960100 -31.8271 -32
1960200 -32.0927 -32
1960300 -32.3095 -32
1960400 -31.9769 -32
1960500 -31.7879 -32
1960600 -31.8861 -32
1960700 -32.0661 -32
1960800 -32.3 -32
1960900 -32.4992 -32
1961000 -32.4556 -32
1961100 -32.4253 -32
1961200 -32.1426 -32
1961300 -32.2672 -32
1961400 -32.7148 -32
1961500 -32.8903 -32
1961600 -32.7511 -32
1961700 -32.6226 -32
1961800 -32.3139 -32
1961900 -32.199 -32
1962000 -32.1316 -32
1962100 -31.9543 -32
1962200 -31.5899 -32
1962300 -31.211 -32
1962400 -31.2656 -32
1962500 -31.7171 -32
1962600 -32.1302 -32
1962700 -32.3428 -32
1962800 -32.491 -32
1962900 -32.3932 -32
1963000 -32.3411 -32
1963100 -32.3914 -32
1963200 -32.2905 -32
1963300 -32.4007 -32
1963400 -32.564 -32
1963500 -32.3434 -32
1963600 -32.1344 -32
1963700 -31.6649 -32
1963800 -30.9715 -32
1963900 -30.4461 -32
1964000 -30.2401 -32
1964100 -30.4048 -32
1964200 -31.2326 -32
1964300 -32.1944 -32
1964400 -32.7924 -32
1964500 -32.9654 -32
1964600 -32.9529 -32
1964700 -32.962 -32
1964800 -32.7294 -32
1964900 -32.1937 -32
1965000 -31.6359 -32
1965100 -31.3261 -32
1965200 -31.0622 -32
1965300 -30.9611 -32
1965400 -31.0591 -32
1965500 -31.5583 -32
1965600 -32.1409 -32
1965700 -32.6924 -32
1965800 -32.9799 -32
1965900 -33.0091 -32
1966000 -32.665 -32
1966100 -32.0917 -32
1966200 -31.5656 -32
1966300 -31.4927 -32
1966400 -31.7324 -32
1966500 -31.9665 -32
1966600 -32.2872 -32
1966700 -32.6756 -32
1966800 -32.9852 -32
1966900 -33.1241 -32
1967000 -32.9007 -32
1967100 -32.6765 -32
1967200 -32.3699 -32
1967300 -31.9796 -32
1967400 -31.4222 -32
1967500 -31.0238 -32
1967600 -30.9018 -32
1967700 -30.9928 -32
1967800 -31.3924 -32
1967900 -31.6643 -32
1968000 -31.9651 -32
1968100 -32.2508 -32
1968200 -32.2493 -32
1968300 -31.8714 -32
1968400 -31.7212 -32
1968500 -31.7789 -32
1968600 -32.12 -32
1968700 -32.361 -32
1968800 -32.5213 -32
1968900 -32.5159 -32
1969000 -32.1941 -32
1969100 -31.6643 -32
1969200 -31.4035 -32
1969300 -31.4198 -32
1969400 -31.6318 -32
1969500 -31.9306 -32
1969600 -32.0972 -32
1969700 -32.2579 -32
1969800 -32.2605 -32
1969900 -32.1242 -32
1970000 -32.0588 -32
1970100 -31.9057 -32
1970200 -31.6213 -32
1970300 -31.4574 -32
1970400 -31.4056 -32
1970500 -31.5355 -32
1970600 -31.9092 -32
1970700 -32.1323 -32
1970800 -32.136 -32
1970900 -31.7863 -32
1971000 -31.4302 -32
1971100 -31.2899 -32
1971200 -31.4063 -32
1971300 -31.4798 -32
1971400 -31.4501 -32
1971500 -31.6473 -32
1971600 -31.7398 -32
1971700 -31.8476 -32
1971800 -31.9835 -32
1971900 -32.0722 -32
1972000 -32.0891 -32
1972100 -32.0478 -32
1972200 -31.9597 -32
1972300 -32.0698 -32
1972400 -31.785 -32
1972500 -31.4308 -32
1972600 -31.2146 -32
1972700 -31.2253 -32
1972800 -31.5494 -32
1972900 -32.1116 -32
1973000 -32.514 -32
1973100 -32.6964 -32
1973200 -32.4438 -32
1973300 -32.3222 -32
1973400 -32.0487 -32
1973500 -31.8568 -32
1973600 -31.6106 -32
1973700 -31.2329 -32
1973800 -31.0961 -32
1973900 -31.3109 -32
1974000 -31.8733 -32
1974100 -32.299 -32
1974200 -32.4312 -32
1974300 -32.4087 -32
1974400 -32.4579 -32
1974500 -32.3242 -32
1974600 -32.0574 -32
1974700 -31.8321 -32
1974800 -31.7984 -32
1974900 -31.9914 -32
1975000 -32.3277 -32
1975100 -32.5598 -32
1975200 -32.3475 -32
1975300 -32.0249 -32
1975400 -31.7575 -32
1975500 -31.6159 -32
1975600 -31.4224 -32
1975700 -31.3979 -32
1975800 -31.4334 -32
1975900 -31.5708 -32
1976000 -31.8094 -32
1976100 -32.0671 -32
1976200 -32.1516 -32
1976300 -32.2177 -32
1976400 -32.1774 -32
1976500 -32.0518 -32
1976600 -32.0128 -32
1976700 -32.0438 -32
1976800 -32.2054 -32
1976900 -32.1473 -32
1977000 -31.8618 -32
1977100 -31.7108 -32
1977200 -31.5345 -32
1977300 -31.74 -32
1977400 -32.1544 -32
1977500 -32.4335 -32
1977600 -32.4658 -32
1977700 -32.325 -32
1977800 -32.3348 -32
1977900 -32.2449 -32
1978000 -31.9499 -32
1978100 -31.672 -32
1978200 -31.5821 -32
1978300 -31.9757 -32
1978400 -32.416 -32
1978500 -32.5184 -32
1978600 -32.3689 -32
1978700 -32.1698 -32
1978800 -32.0782 -32
1978900 -31.9003 -32
1979000 -31.665 -32
1979100 -31.805 -32
1979200 -32.1492 -32
1979300 -32.4302 -32
1979400 -32.6921 -32
1979500 -32.6319 -32
1979600 -32.5132 -32
1979700 -32.3413 -32
1979800 -31.9434 -32
1979900 -31.6927 -32
1980000 -31.6431 -32
1980100 -31.6798 -32
1980200 -31.9002 -32
1980300 -32.1481 -32
1980400 -32.3632 -32
1980500 -32.1998 -32
1980600 -32.1033 -32
1980700 -31.9845 -32
1980800 -32.0779 -32
1980900 -32.0573 -32
1981000 -31.9718 -32
1981100 -31.7928 -32
1981200 -31.6784 -32
1981300 -32.0368 -32
1981400 -32.2357 -32
1981500 -32.3455 -32
1981600 -32.3835 -32
1981700 -32.3039 -32
1981800 -32.3352 -32
1981900 -32.3503 -32
1982000 -31.9295 -32
1982100 -31.5589 -32
1982200 -31.3282 -32
1982300 -31.5799 -32
1982400 -32.035 -32
1982500 -32.3333 -32
1982600 -32.4853 -32
1982700 -32.7247 -32
1982800 -32.8265 -32
1982900 -32.9424 -32
1983000 -32.6498 -32
1983100 -31.907 -32
1983200 -31.486 -32
1983300 -31.6816 -32
1983400 -31.886 -32
1983500 -32.0603 -32
1983600 -32.2068 -32
1983700 -32.4502 -32
1983800 -32.6808 -32
1983900 -33.0429 -32
1984000 -33.1696 -32
1984100 -32.7369 -32
1984200 -31.9398 -32
1984300 -31.3202 -32
1984400 -31.491 -32
1984500 -31.9956 -32
1984600 -32.34 -32
1984700 -32.1981 -32
1984800 -31.9809 -32
1984900 -31.8523 -32
1985000 -31.9852 -32
1985100 -32.2174 -32
1985200 -32.3644 -32
1985300 -32.2454 -32
1985400 -31.8885 -32
1985500 -31.6772 -32
1985600 -31.5156 -32
1985700 -31.7764 -32
1985800 -32.2032 -32
1985900 -32.374 -32
1986000 -32.4052 -32
1986100 -32.5236 -32
1986200 -32.066 -32
1986300 -31.4953 -32
1986400 -31.546 -32
1986500 -31.9571 -32
1986600 -32.402 -32
1986700 -32.6294 -32
1986800 -32.4223 -32
1986900 -32.2618 -32
1987000 -31.8565 -32
1987100 -31.4063 -32
1987200 -31.386 -32
1987300 -31.543 -32
1987400 -31.7951 -32
1987500 -32.263 -32
1987600 -32.7764 -32
1987700 -32.9404 -32
1987800 -32.7339 -32
1987900 -32.3872 -32
1988000 -31.9889 -32
1988100 -31.427 -32
1988200 -31.0626 -32
1988300 -30.9604 -32
1988400 -31.2463 -32
1988500 -31.9696 -32
1988600 -32.4587 -32
1988700 -32.4415 -32
1988800 -32.3353 -32
1988900 -32.0882 -32
1989000 -31.6351 -32
1989100 -31.2736 -32
1989200 -31.0766 -32
1989300 -31.3032 -32
1989400 -31.4949 -32
1989500 -31.7648 -32
1989600 -32.0888 -32
1989700 -32.1753 -32
1989800 -32.2192 -32
1989900 -32.2403 -32
1990000 -32.2998 -32
1990100 -32.4158 -32
1990200 -32.4923 -32
1990300 -32.2065 -32
1990400 -31.5136 -32
1990500 -31.0505 -32
1990600 -31.0929 -32
1990700 -31.6116 -32
1990800 -32.3789 -32
1990900 -32.7985 -32
1991000 -32.6077 -32
1991100 -32.3982 -32
1991200 -32.0479 -32
1991300 -31.635 -32
1991400 -31.5804 -32
1991500 -31.6865 -32
1991600 -31.764 -32
1991700 -31.9972 -32
1991800 -32.1885 -32
1991900 -32.1674 -32
1992000 -32.0726 -32
1992100 -32.1244 -32
1992200 -32.2819 -32
1992300 -32.2908 -32
1992400 -31.955 -32
1992500 -31.8371 -32
1992600 -32.1522 -32
1992700 -32.1833 -32
1992800 -32.1242 -32
1992900 -32.0408 -32
1993000 -31.9861 -32
1993100 -31.7604 -32
1993200 -31.4424 -32
1993300 -31.2617 -32
1993400 -31.4397 -32
1993500 -31.5722 -32
1993600 -31.5934 -32
1993700 -31.8402 -32
1993800 -32.1349 -32
1993900 -32.1815 -32
1994000 -31.983 -32
1994100 -31.8428 -32
1994200 -31.7889 -32
1994300 -31.8451 -32
1994400 -32.0309 -32
1994500 -32.157 -32
1994600 -32.2047 -32
1994700 -32.1762 -32
1994800 -31.9992 -32
1994900 -31.9931 -32
1995000 -32.0806 -32
1995100 -32.0125 -32
1995200 -32.0534 -32
1995300 -32.1232 -32
1995400 -32.1249 -32
1995500 -32.1783 -32
1995600 -32.2772 -32
1995700 -32.4226 -32
1995800 -32.523 -32
1995900 -32.2553 -32
1996000 -32.0294 -32
1996100 -31.8845 -32
1996200 -31.8528 -32
1996300 -31.6125 -32
1996400 -31.4311 -32
1996500 -31.6513 -32
1996600 -31.8618 -32
1996700 -31.7487 -32
1996800 -31.661 -32
1996900 -31.8859 -32
1997000 -32.3131 -32
1997100 -32.612 -32
1997200 -32.497 -32
1997300 -32.4691 -32
1997400 -32.477 -32
1997500 -32.4325 -32
1997600 -32.2656 -32
1997700 -32.2109 -32
1997800 -32.2551 -32
1997900 -32.3465 -32
1998000 -32.3654 -32
1998100 -32.193 -32
1998200 -32.2084 -32
1998300 -32.2075 -32
1998400 -32.0353 -32
1998500 -31.952 -32
1998600 -31.9986 -32
1998700 -32.2088 -32
1998800 -32.3698 -32
1998900 -32.1023 -32
1999000 -31.7763 -32
1999100 -31.7188 -32
1999200 -31.8288 -32
1999300 -31.9911 -32
1999400 -31.8329 -32
1999500 -32.0746 -32
1999600 -32.7235 -32
1999700 -32.6533 -32
1999800 -32.1129 -32
1999900 -31.6957 -32
2000000 -31.5352 -32
2000100 -31.5084 -32
2000200 -31.8662 -32
2000300 -32.1898 -32
2000400 -32.3268 -32
2000500 -32.1649 -32
2000600 -31.9408 -32
2000700 -31.7686 -32
2000800 -32.0355 -32
2000900 -32.6067 -32
2001000 -33.1746 -32
2001100 -33.4076 -32
2001200 -33.4121 -32
2001300 -33.0473 -32
2001400 -32.6608 -32
2001500 -31.9476 -32
2001600 -31.1006 -32
2001700 -30.8183 -32
2001800 -31.0961 -32
2001900 -31.5673 -32
2002000 -31.9607 -32
2002100 -31.9283 -32
2002200 -31.8172 -32
2002300 -31.9492 -32
2002400 -32.0753 -32
2002500 -32.0336 -32
2002600 -32.1415 -32
2002700 -32.4734 -32
2002800 -32.7367 -32
2002900 -32.6143 -32
2003000 -32.469 -32
2003100 -32.265 -32
2003200 -31.993 -32
2003300 -31.8438 -32
2003400 -31.9747 -32
2003500 -32.0583 -32
2003600 -31.8757 -32
2003700 -31.9536 -32
2003800 -32.2363 -32
2003900 -32.4645 -32
2004000 -32.6552 -32
2004100 -32.8778 -32
2004200 -32.8562 -32
2004300 -32.7636 -32
2004400 -32.5546 -32
2004500 -32.4655 -32
2004600 -32.4302 -32
2004700 -32.3437 -32
2004800 -32.1203 -32
2004900 -32.008 -32
2005000 -31.9559 -32
2005100 -31.9342 -32
2005200 -31.9714 -32
2005300 -32.0222 -32
2005400 -31.9833 -32
2005500 -31.7911 -32
2005600 -31.6502 -32
2005700 -31.2914 -32
2005800 -30.9065 -32
2005900 -30.7862 -32
2006000 -30.9955 -32
2006100 -31.3656 -32
2006200 -31.9566 -32
2006300 -32.5191 -32
2006400 -32.8244 -32
2006500 -32.5458 -32
2006600 -32.2415 -32
2006700 -31.874 -32
2006800 -31.9427 -32
2006900 -32.3112 -32
2007000 -32.4907 -32
2007100 -32.3837 -32
2007200 -32.2406 -32
2007300 -32.2523 -32
2007400 -32.1622 -32
2007500 -31.913 -32
2007600 -31.7592 -32
2007700 -31.2669 -32
2007800 -30.9219 -32
2007900 -31.0213 -32
2008000 -31.6107 -32
2008100 -32.2729 -32
2008200 -32.6455 -32
2008300 -32.5169 -32
2008400 -32.1023 -32
2008500 -31.6984 -32
2008600 -31.4869 -32
2008700 -31.7487 -32
2008800 -32.1433 -32
2008900 -32.4606 -32
2009000 -32.5843 -32
2009100 -32.5754 -32
2009200 -32.4808 -32
2009300 -32.0293 -32
2009400 -31.8887 -32
2009500 -31.7839 -32
2009600 -31.6887 -32
2009700 -31.4609 -32
2009800 -31.3797 -32
2009900 -31.6695 -32
2010000 -32.2652 -32
2010100 -32.782 -32
2010200 -32.7674 -32
2010300 -32.563 -32
2010400 -32.3796 -32
2010500 -32.1545 -32
2010600 -31.8163 -32
2010700 -31.4742 -32
2010800 -31.6517 -32
2010900 -32.2164 -32
2011000 -32.6431 -32
2011100 -32.8225 -32
2011200 -32.6999 -32
2011300 -32.634 -32
2011400 -32.7553 -32
2011500 -32.7593 -32
2011600 -32.7127 -32
2011700 -32.3762 -32
2011800 -32.0413 -32
2011900 -31.6956 -32
2012000 -31.5279 -32
2012100 -31.6822 -32
2012200 -31.9536 -32
2012300 -32.1252 -32
2012400 -32.226 -32
2012500 -32.2971 -32
2012600 -32.4373 -32
2012700 -32.3029 -32
2012800 -32.1777 -32
2012900 -31.9062 -32
2013000 -31.8113 -32
2013100 -31.9471 -32
2013200 -32.0173 -32
2013300 -32.0704 -32
2013400 -32.126 -32
2013500 -32.1255 -32
2013600 -31.9925 -32
2013700 -32.1563 -32
2013800 -32.3592 -32
2013900 -31.9602 -32
2014000 -31.5108 -32
2014100 -31.5165 -32
2014200 -31.6808 -32
2014300 -31.7168 -32
2014400 -31.7796 -32
2014500 -31.9817 -32
2014600 -31.8948 -32
2014700 -31.7592 -32
2014800 -31.5302 -32
2014900 -31.6407 -32
2015000 -31.6873 -32
2015100 -31.7807 -32
2015200 -31.5873 -32
2015300 -31.0675 -32
2015400 -31.0211 -32
2015500 -31.3879 -32
2015600 -31.748 -32
2015700 -32.2323 -32
2015800 -32.7043 -32
2015900 -32.8788 -32
2016000 -32.7313 -32
2016100 -32.4603 -32
2016200 -31.9584 -32
2016300 -31.7958 -32
2016400 -31.9945 -32
2016500 -32.2323 -32
2016600 -32.3571 -32
2016700 -32.5755 -32
2016800 -32.8151 -32
2016900 -32.6953 -32
2017000 -32.3274 -32
2017100 -31.6589 -32
2017200 -31.4854 -32
2017300 -31.5776 -32
2017400 -31.7984 -32
2017500 -31.8916 -32
2017600 -31.8505 -32
2017700 -31.75 -32
2017800 -31.4083 -32
2017900 -31.4344 -32
2018000 -31.7312 -32
2018100 -32.3136 -32
2018200 -33.1394 -32
2018300 -33.3802 -32
2018400 -33.1345 -32
2018500 -32.7008 -32
2018600 -32.1423 -32
2018700 -31.6708 -32
2018800 -31.2507 -32
2018900 -30.9978 -32
2019000 -31.0508 -32
2019100 -31.3059 -32
2019200 -31.5869 -32
2019300 -31.934 -32
2019400 -32.1731 -32
2019500 -32.3576 -32
2019600 -32.2551 -32
2019700 -32.0617 -32
2019800 -31.8524 -32
2019900 -31.7871 -32
2020000 -31.5545 -32
2020100 -31.2587 -32
2020200 -31.2292 -32
2020300 -31.4849 -32
2020400 -31.7677 -32
2020500 -32.0056 -32
2020600 -31.9952 -32
2020700 -31.829 -32
2020800 -31.6169 -32
2020900 -31.6524 -32
2021000 -31.7065 -32
2021100 -32.0361 -32
2021200 -32.4261 -32
2021300 -32.5591 -32
2021400 -32.559 -32
2021500 -32.3336 -32
2021600 -32.21 -32
2021700 -32.1434 -32
2021800 -32.0267 -32
2021900 -31.6572 -32
2022000 -31.2264 -32
2022100 -31.3087 -32
2022200 -31.4722 -32
2022300 -31.5683 -32
2022400 -31.6883 -32
2022500 -31.866 -32
2022600 -32.2044 -32
2022700 -32.2682 -32
2022800 -32.4864 -32
2022900 -32.4036 -32
2023000 -32.0716 -32
2023100 -31.8204 -32
2023200 -31.6123 -32
2023300 -31.394 -32
2023400 -31.4378 -32
2023500 -31.5931 -32
2023600 -31.6174 -32
2023700 -31.5552 -32
2023800 -31.7108 -32
2023900 -32.2122 -32
2024000 -32.4798 -32
2024100 -32.2738 -32
2024200 -31.9269 -32
2024300 -31.5825 -32
2024400 -31.2623 -32
2024500 -31.1751 -32
2024600 -31.3233 -32
2024700 -31.6417 -32
2024800 -32.0599 -32
2024900 -32.3575 -32
2025000 -32.2009 -32
2025100 -31.785 -32
2025200 -31.6637 -32
2025300 -31.8306 -32
2025400 -32.1467 -32
2025500 -32.2639 -32
2025600 -31.9916 -32
2025700 -31.8205 -32
2025800 -31.698 -32
2025900 -31.6918 -32
2026000 -31.7704 -32
2026100 -31.6759 -32
2026200 -31.3986 -32
2026300 -31.2041 -32
2026400 -31.2339 -32
2026500 -31.6558 -32
2026600 -32.1231 -32
2026700 -32.5932 -32
2026800 -32.7434 -32
2026900 -32.6946 -32
2027000 -32.5399 -32
2027100 -32.3803 -32
2027200 -32.2478 -32
2027300 -32.0304 -32
2027400 -32.0024 -32
2027500 -32.0355 -32
2027600 -32.1493 -32
2027700 -32.3047 -32
2027800 -32.1655 -32
2027900 -31.9715 -32
2028000 -32.1793 -32
2028100 -32.5083 -32
2028200 -32.6213 -32
2028300 -32.364 -32
2028400 -32.0007 -32
2028500 -31.8882 -32
2028600 -31.9021 -32
2028700 -31.6983 -32
2028800 -31.6718 -32
2028900 -31.5962 -32
2029000 -31.707 -32
2029100 -32.1507 -32
2029200 -32.8978 -32
2029300 -33.2469 -32
2029400 -33.105 -32
2029500 -32.5227 -32
2029600 -31.616 -32
2029700 -31.1045 -32
2029800 -31.1654 -32
2029900 -31.3634 -32
2030000 -31.6793 -32
