# Time-averaged data for fix myat1
# TimeStep v_xave v_xdes
1610100 -34.2293 -34
1610200 -34.3091 -34
1610300 -34.0569 -34
1610400 -33.7128 -34
1610500 -33.6026 -34
1610600 -33.9304 -34
1610700 -34.0635 -34
1610800 -34.2542 -34
1610900 -34.1183 -34
1611000 -34.0449 -34
1611100 -34.0208 -34
1611200 -33.9239 -34
1611300 -33.9374 -34
1611400 -34.197 -34
1611500 -34.4315 -34
1611600 -34.2854 -34
1611700 -33.8591 -34
1611800 -33.6568 -34
1611900 -33.8294 -34
1612000 -34.0586 -34
1612100 -34.5692 -34
1612200 -34.9227 -34
1612300 -35.1445 -34
1612400 -34.8443 -34
1612500 -34.345 -34
1612600 -34.0234 -34
1612700 -33.7591 -34
1612800 -33.5857 -34
1612900 -33.4942 -34
1613000 -33.5684 -34
1613100 -33.7965 -34
1613200 -33.8537 -34
1613300 -34.0351 -34
1613400 -34.072 -34
1613500 -33.8564 -34
1613600 -33.7617 -34
1613700 -33.8298 -34
1613800 -33.8509 -34
1613900 -33.8605 -34
1614000 -33.9112 -34
1614100 -33.8837 -34
1614200 -34.0471 -34
1614300 -34.3406 -34
1614400 -34.6182 -34
1614500 -34.5593 -34
1614600 -34.3351 -34
1614700 -33.8448 -34
1614800 -33.3081 -34
1614900 -33.0237 -34
1615000 -33.1748 -34
1615100 -33.6971 -34
1615200 -34.4727 -34
1615300 -35.1038 -34
1615400 -35.0966 -34
1615500 -34.5977 -34
1615600 -34.0324 -34
1615700 -33.898 -34
1615800 -33.9364 -34
1615900 -33.7369 -34
1616000 -33.544 -34
1616100 -33.5024 -34
1616200 -33.7895 -34
1616300 -34.2894 -34
1616400 -34.558 -34
1616500 -34.8554 -34
1616600 -34.9817 -34
1616700 -34.9668 -34
1616800 -34.9328 -34
1616900 -35.0048 -34
1617000 -34.9124 -34
1617100 -34.6073 -34
1617200 -33.9864 -34
1617300 -33.7593 -34
1617400 -33.978 -34
1617500 -34.1667 -34
1617600 -34.399 -34
1617700 -34.7078 -34
1617800 -34.6937 -34
1617900 -34.5742 -34
1618000 -34.2657 -34
1618100 -33.7609 -34
1618200 -33.362 -34
1618300 -33.1916 -34
1618400 -33.3354 -34
1618500 -33.8409 -34
1618600 -34.3838 -34
1618700 -34.7835 -34
1618800 -35.0031 -34
1618900 -35.2649 -34
1619000 -34.9486 -34
1619100 -34.3382 -34
1619200 -33.9184 -34
1619300 -33.8421 -34
1619400 -34.1122 -34
1619500 -34.4748 -34
1619600 -34.6488 -34
1619700 -34.5895 -34
1619800 -34.4555 -34
1619900 -33.9122 -34
1620000 -33.6691 -34
1620100 -33.9978 -34
1620200 -34.1565 -34
1620300 -33.914 -34
1620400 -33.7332 -34
1620500 -33.5295 -34
1620600 -33.6246 -34
1620700 -34.1273 -34
1620800 -34.4069 -34
1620900 -34.3338 -34
1621000 -34.5224 -34
1621100 -34.8852 -34
1621200 -34.9309 -34
1621300 -34.451 -34
1621400 -33.9168 -34
1621500 -34.0523 -34
1621600 -34.2608 -34
1621700 -34.5046 -34
1621800 -34.5816 -34
1621900 -34.1669 -34
1622000 -33.6078 -34
1622100 -33.3853 -34
1622200 -33.6395 -34
1622300 -33.7196 -34
1622400 -33.8371 -34
1622500 -34.0709 -34
1622600 -33.96 -34
1622700 -33.7312 -34
1622800 -33.5283 -34
1622900 -33.4714 -34
1623000 -33.6686 -34
1623100 -33.8216 -34
1623200 -34.1325 -34
1623300 -34.5425 -34
1623400 -34.6694 -34
1623500 -34.5418 -34
1623600 -34.3849 -34
1623700 -34.0877 -34
1623800 -33.934 -34
1623900 -33.9488 -34
1624000 -33.765 -34
1624100 -33.4881 -34
1624200 -33.3636 -34
1624300 -33.6738 -34
1624400 -33.8219 -34
1624500 -33.8633 -34
1624600 -34.1035 -34
1624700 -34.3287 -34
1624800 -34.3149 -34
1624900 -34.1227 -34
1625000 -33.9915 -34
1625100 -34.1795 -34
1625200 -34.2826 -34
1625300 -34.2673 -34
1625400 -34.3306 -34
1625500 -34.5685 -34
1625600 -34.6919 -34
1625700 -34.4097 -34
1625800 -33.823 -34
1625900 -33.2105 -34
1626000 -33.3644 -34
1626100 -34.0937 -34
1626200 -34.1803 -34
1626300 -33.9319 -34
1626400 -33.6723 -34
1626500 -33.4586 -34
1626600 -33.3751 -34
1626700 -33.3229 -34
1626800 -33.3256 -34
1626900 -33.5684 -34
1627000 -33.6897 -34
1627100 -33.7843 -34
1627200 -33.9621 -34
1627300 -34.1784 -34
1627400 -34.3667 -34
1627500 -34.4813 -34
1627600 -34.434 -34
1627700 -34.4168 -34
1627800 -34.3494 -34
1627900 -34.2328 -34
1628000 -33.9771 -34
1628100 -33.7042 -34
1628200 -33.6831 -34
1628300 -33.8938 -34
1628400 -34.2414 -34
1628500 -34.6505 -34
1628600 -34.8701 -34
1628700 -34.8344 -34
1628800 -34.5715 -34
1628900 -34.3469 -34
1629000 -34.3506 -34
1629100 -34.585 -34
1629200 -34.7502 -34
1629300 -34.6739 -34
1629400 -34.5028 -34
1629500 -34.176 -34
1629600 -33.8608 -34
1629700 -33.7579 -34
1629800 -33.9125 -34
1629900 -34.3212 -34
1630000 -34.3709 -34
1630100 -34.3021 -34
1630200 -34.1619 -34
1630300 -33.9749 -34
1630400 -33.566 -34
1630500 -33.0295 -34
1630600 -33.1186 -34
1630700 -33.5995 -34
1630800 -34.1842 -34
1630900 -34.5061 -34
1631000 -34.6383 -34
1631100 -34.5656 -34
1631200 -34.4581 -34
1631300 -34.165 -34
1631400 -34.1344 -34
1631500 -34.3023 -34
1631600 -34.4779 -34
1631700 -34.3895 -34
1631800 -34.1928 -34
1631900 -34.2439 -34
1632000 -33.96 -34
1632100 -33.2974 -34
1632200 -32.9894 -34
1632300 -33.0356 -34
1632400 -33.3714 -34
1632500 -33.6567 -34
1632600 -34.1923 -34
1632700 -34.4911 -34
1632800 -34.3026 -34
1632900 -33.7541 -34
1633000 -33.2308 -34
1633100 -33.252 -34
1633200 -33.7295 -34
1633300 -34.0598 -34
1633400 -34.2256 -34
1633500 -34.2526 -34
1633600 -34.1616 -34
1633700 -34.3809 -34
1633800 -34.37 -34
1633900 -34.2399 -34
1634000 -34.0134 -34
1634100 -33.9464 -34
1634200 -33.8996 -34
1634300 -34.0404 -34
1634400 -34.2956 -34
1634500 -34.2492 -34
1634600 -33.8679 -34
1634700 -33.6943 -34
1634800 -34.0341 -34
1634900 -34.3191 -34
1635000 -34.3631 -34
1635100 -34.615 -34
1635200 -34.6834 -34
1635300 -34.4593 -34
1635400 -33.9526 -34
1635500 -33.8838 -34
1635600 -33.986 -34
1635700 -34.0883 -34
1635800 -34.0381 -34
1635900 -34.2614 -34
1636000 -34.5469 -34
1636100 -34.727 -34
1636200 -34.7103 -34
1636300 -34.483 -34
1636400 -34.4305 -34
1636500 -34.6098 -34
1636600 -34.7072 -34
1636700 -34.5561 -34
1636800 -34.288 -34
1636900 -34.1065 -34
1637000 -34.0528 -34
1637100 -33.8138 -34
1637200 -33.5673 -34
1637300 -33.4967 -34
1637400 -33.3534 -34
1637500 -33.4994 -34
1637600 -33.8751 -34
1637700 -34.252 -34
1637800 -34.6755 -34
1637900 -34.9447 -34
1638000 -34.9771 -34
1638100 -34.7987 -34
1638200 -34.1534 -34
1638300 -33.7762 -34
1638400 -33.6184 -34
1638500 -33.3821 -34
1638600 -33.4929 -34
1638700 -33.511 -34
1638800 -33.9691 -34
1638900 -34.5415 -34
1639000 -34.8946 -34
1639100 -35.0196 -34
1639200 -34.8721 -34
1639300 -34.1633 -34
1639400 -33.5655 -34
1639500 -33.226 -34
1639600 -33.3611 -34
1639700 -33.6655 -34
1639800 -33.8645 -34
1639900 -33.7892 -34
1640000 -33.7058 -34
1640100 -33.7922 -34
1640200 -33.9055 -34
1640300 -33.9364 -34
1640400 -33.9505 -34
1640500 -34.2995 -34
1640600 -34.5544 -34
1640700 -34.5322 -34
1640800 -34.2718 -34
1640900 -34.0401 -34
1641000 -34.0063 -34
1641100 -34.0564 -34
1641200 -34.084 -34
1641300 -34.0193 -34
1641400 -33.876 -34
1641500 -33.7964 -34
1641600 -33.8547 -34
1641700 -33.8443 -34
1641800 -33.7998 -34
1641900 -33.979 -34
1642000 -33.9762 -34
1642100 -33.7058 -34
1642200 -33.6198 -34
1642300 -33.5876 -34
1642400 -33.4302 -34
1642500 -33.4022 -34
1642600 -33.4608 -34
1642700 -33.6944 -34
1642800 -33.8937 -34
1642900 -34.0175 -34
1643000 -34.0488 -34
1643100 -34.012 -34
1643200 -34.0924 -34
1643300 -34.1408 -34
1643400 -34.1989 -34
1643500 -34.4428 -34
1643600 -34.6583 -34
1643700 -34.9528 -34
1643800 -35.0134 -34
1643900 -34.4699 -34
1644000 -33.8873 -34
1644100 -33.5302 -34
1644200 -33.3706 -34
1644300 -33.4194 -34
1644400 -33.5389 -34
1644500 -33.4246 -34
1644600 -33.3205 -34
1644700 -33.5359 -34
1644800 -34.2082 -34
1644900 -34.7108 -34
1645000 -34.6779 -34
1645100 -34.2081 -34
1645200 -33.5021 -34
1645300 -32.9666 -34
1645400 -32.5491 -34
1645500 -32.3981 -34
1645600 -32.8042 -34
1645700 -33.3715 -34
1645800 -33.8544 -34
1645900 -34.3549 -34
1646000 -34.6586 -34
1646100 -34.6433 -34
1646200 -34.3718 -34
1646300 -34.1509 -34
1646400 -34.2133 -34
1646500 -34.1148 -34
1646600 -34.0221 -34
1646700 -33.9542 -34
1646800 -33.9675 -34
1646900 -34.3254 -34
1647000 -34.5357 -34
1647100 -34.4574 -34
1647200 -34.3129 -34
1647300 -34.0843 -34
1647400 -33.671 -34
1647500 -33.1952 -34
1647600 -32.8618 -34
1647700 -32.8168 -34
1647800 -33.2724 -34
1647900 -33.8557 -34
1648000 -34.0291 -34
1648100 -33.9186 -34
1648200 -34.0194 -34
1648300 -34.224 -34
1648400 -34.5623 -34
1648500 -34.6071 -34
1648600 -34.3391 -34
1648700 -33.9278 -34
1648800 -33.8185 -34
1648900 -33.8143 -34
1649000 -33.9884 -34
1649100 -34.1 -34
1649200 -34.1181 -34
1649300 -33.8851 -34
1649400 -33.7853 -34
1649500 -34.087 -34
1649600 -34.6181 -34
1649700 -34.7485 -34
1649800 -34.3676 -34
1649900 -34.0099 -34
1650000 -33.9089 -34
1650100 -33.7767 -34
1650200 -33.7356 -34
1650300 -33.8351 -34
1650400 -33.8039 -34
1650500 -33.5039 -34
1650600 -33.7843 -34
1650700 -34.2318 -34
1650800 -34.3387 -34
1650900 -34.1951 -34
1651000 -33.929 -34
1651100 -33.9383 -34
1651200 -34.1583 -34
1651300 -34.6244 -34
1651400 -34.8839 -34
1651500 -34.6683 -34
1651600 -34.1305 -34
1651700 -33.7006 -34
1651800 -33.5419 -34
1651900 -33.6063 -34
1652000 -33.7733 -34
1652100 -33.6979 -34
1652200 -33.6501 -34
1652300 -33.4761 -34
1652400 -33.646 -34
1652500 -33.8753 -34
1652600 -33.9302 -34
1652700 -34.1735 -34
1652800 -34.237 -34
1652900 -34.1693 -34
1653000 -34.2761 -34
1653100 -34.3806 -34
1653200 -33.9943 -34
1653300 -33.7195 -34
1653400 -33.8081 -34
1653500 -33.8477 -34
1653600 -33.561 -34
1653700 -33.2831 -34
1653800 -33.2887 -34
1653900 -33.5539 -34
1654000 -33.9597 -34
1654100 -34.3356 -34
1654200 -34.5654 -34
1654300 -34.1167 -34
1654400 -33.536 -34
1654500 -33.108 -34
1654600 -32.9104 -34
1654700 -33.2033 -34
1654800 -33.8032 -34
1654900 -34.4282 -34
1655000 -34.6562 -34
1655100 -34.4998 -34
1655200 -34.2996 -34
1655300 -33.9119 -34
1655400 -33.4368 -34
1655500 -33.0273 -34
1655600 -32.7572 -34
1655700 -32.8107 -34
1655800 -33.106 -34
1655900 -33.3451 -34
1656000 -33.5057 -34
1656100 -33.6566 -34
1656200 -33.8848 -34
1656300 -33.992 -34
1656400 -33.9748 -34
1656500 -34.2353 -34
1656600 -34.4964 -34
1656700 -34.4433 -34
1656800 -34.1981 -34
1656900 -34.0878 -34
1657000 -34.0055 -34
1657100 -33.7686 -34
1657200 -33.4819 -34
1657300 -33.3672 -34
1657400 -33.2192 -34
1657500 -33.3265 -34
1657600 -33.6535 -34
1657700 -34.2402 -34
1657800 -34.6675 -34
1657900 -34.7376 -34
1658000 -34.4324 -34
1658100 -33.8714 -34
1658200 -33.8143 -34
1658300 -34.1362 -34
1658400 -34.3472 -34
1658500 -34.6352 -34
1658600 -34.6666 -34
1658700 -34.2302 -34
1658800 -33.9975 -34
1658900 -34.0046 -34
1659000 -34.0251 -34
1659100 -34.0279 -34
1659200 -34.1724 -34
1659300 -34.2352 -34
1659400 -34.2596 -34
1659500 -34.2374 -34
1659600 -34.1905 -34
1659700 -34.4017 -34
1659800 -34.6817 -34
1659900 -34.8416 -34
1660000 -34.6783 -34
1660100 -34.4964 -34
1660200 -34.1389 -34
1660300 -33.7804 -34
1660400 -33.4466 -34
1660500 -33.2717 -34
1660600 -33.4034 -34
1660700 -33.9518 -34
1660800 -34.5179 -34
1660900 -34.6469 -34
1661000 -34.443 -34
1661100 -33.9906 -34
1661200 -33.3525 -34
1661300 -32.8557 -34
1661400 -32.9726 -34
1661500 -33.4029 -34
1661600 -34.0043 -34
1661700 -34.539 -34
1661800 -34.6812 -34
1661900 -34.6967 -34
1662000 -34.4806 -34
1662100 -34.0331 -34
1662200 -33.9466 -34
1662300 -34.0459 -34
1662400 -34.2231 -34
1662500 -34.3481 -34
1662600 -34.2326 -34
1662700 -34.3161 -34
1662800 -34.3808 -34
1662900 -34.1061 -34
1663000 -33.7455 -34
1663100 -33.3783 -34
1663200 -33.4156 -34
1663300 -33.8048 -34
1663400 -34.1664 -34
1663500 -34.3398 -34
1663600 -34.254 -34
1663700 -34.1779 -34
1663800 -34.2924 -34
1663900 -34.4245 -34
1664000 -34.3486 -34
1664100 -34.2174 -34
1664200 -34.0174 -34
1664300 -33.9631 -34
1664400 -33.8132 -34
1664500 -34.0744 -34
1664600 -34.5169 -34
1664700 -34.6439 -34
1664800 -34.4485 -34
1664900 -34.1525 -34
1665000 -34.1036 -34
1665100 -34.2717 -34
1665200 -34.6105 -34
1665300 -34.8109 -34
1665400 -34.5742 -34
1665500 -34.1559 -34
1665600 -33.9293 -34
1665700 -34.0407 -34
1665800 -34.3158 -34
1665900 -34.4706 -34
1666000 -34.3027 -34
1666100 -33.9675 -34
1666200 -33.9395 -34
1666300 -34.1569 -34
1666400 -34.0782 -34
1666500 -33.7647 -34
1666600 -33.5695 -34
1666700 -33.5506 -34
1666800 -33.624 -34
1666900 -33.6748 -34
1667000 -33.7992 -34
1667100 -34.1143 -34
1667200 -34.299 -34
1667300 -34.4921 -34
1667400 -34.4239 -34
1667500 -34.2592 -34
1667600 -34.0445 -34
1667700 -33.9249 -34
1667800 -33.8934 -34
1667900 -33.8321 -34
1668000 -33.7214 -34
1668100 -33.5906 -34
1668200 -33.6427 -34
1668300 -33.8474 -34
1668400 -33.9461 -34
1668500 -34.2874 -34
1668600 -34.4539 -34
1668700 -34.3088 -34
1668800 -33.9814 -34
1668900 -33.8001 -34
1669000 -33.7426 -34
1669100 -33.8439 -34
1669200 -34.0358 -34
1669300 -34.1125 -34
1669400 -33.9747 -34
1669500 -33.6483 -34
1669600 -33.4603 -34
1669700 -33.4727 -34
1669800 -33.4955 -34
1669900 -33.5214 -34
1670000 -33.7282 -34
1670100 -33.908 -34
1670200 -33.9553 -34
1670300 -34.1624 -34
1670400 -34.4391 -34
1670500 -34.2718 -34
1670600 -33.9682 -34
1670700 -33.7623 -34
1670800 -33.6644 -34
1670900 -33.7593 -34
1671000 -33.9147 -34
1671100 -33.8651 -34
1671200 -33.7903 -34
1671300 -33.7115 -34
1671400 -33.6498 -34
1671500 -33.674 -34
1671600 -33.8126 -34
1671700 -33.9232 -34
1671800 -34.079 -34
1671900 -34.0894 -34
1672000 -34.0318 -34
1672100 -34.051 -34
1672200 -33.7942 -34
1672300 -33.4855 -34
1672400 -33.4912 -34
1672500 -33.8263 -34
1672600 -34.3071 -34
1672700 -34.4917 -34
1672800 -34.6778 -34
1672900 -34.6085 -34
1673000 -34.5218 -34
1673100 -34.4269 -34
1673200 -34.208 -34
1673300 -34.0897 -34
1673400 -33.926 -34
1673500 -33.6212 -34
1673600 -33.3985 -34
1673700 -33.3518 -34
1673800 -33.4888 -34
1673900 -33.9785 -34
1674000 -34.4077 -34
1674100 -34.6974 -34
1674200 -34.8508 -34
1674300 -34.7351 -34
1674400 -34.3402 -34
1674500 -34.0105 -34
1674600 -33.8711 -34
1674700 -33.7895 -34
1674800 -33.7327 -34
1674900 -33.6494 -34
1675000 -33.5531 -34
1675100 -33.5358 -34
1675200 -33.7696 -34
1675300 -34.1436 -34
1675400 -34.262 -34
1675500 -34.1936 -34
1675600 -34.0739 -34
1675700 -34.0212 -34
1675800 -34.3061 -34
1675900 -34.7005 -34
1676000 -34.5176 -34
1676100 -33.8218 -34
1676200 -33.0545 -34
1676300 -32.8171 -34
1676400 -33.1498 -34
1676500 -33.6737 -34
1676600 -34.1792 -34
1676700 -34.3003 -34
1676800 -34.0561 -34
1676900 -33.8205 -34
1677000 -33.5631 -34
1677100 -33.5388 -34
1677200 -34.0129 -34
1677300 -34.1828 -34
1677400 -34.2386 -34
1677500 -34.141 -34
1677600 -34.054 -34
1677700 -33.9341 -34
1677800 -33.8478 -34
1677900 -33.8877 -34
1678000 -34.0548 -34
1678100 -34.414 -34
1678200 -34.6579 -34
1678300 -34.6918 -34
1678400 -34.5709 -34
1678500 -34.3922 -34
1678600 -33.8607 -34
1678700 -33.5039 -34
1678800 -33.2201 -34
1678900 -33.2874 -34
1679000 -33.6917 -34
1679100 -34.2564 -34
1679200 -34.7447 -34
1679300 -34.9099 -34
1679400 -34.5875 -34
1679500 -34.1042 -34
1679600 -33.8654 -34
1679700 -33.9862 -34
1679800 -34.0621 -34
1679900 -34.0363 -34
1680000 -34.1804 -34
1680100 -34.336 -34
1680200 -34.3041 -34
1680300 -34.2331 -34
1680400 -34.1906 -34
1680500 -33.9352 -34
1680600 -33.8108 -34
1680700 -33.8822 -34
1680800 -33.8978 -34
1680900 -34.0394 -34
1681000 -34.2352 -34
1681100 -34.3181 -34
1681200 -34.3175 -34
1681300 -34.3784 -34
1681400 -34.5414 -34
1681500 -34.546 -34
1681600 -34.3688 -34
1681700 -34.0041 -34
1681800 -33.773 -34
1681900 -33.8481 -34
1682000 -34.0216 -34
1682100 -34.1408 -34
1682200 -34.1376 -34
1682300 -34.2598 -34
1682400 -34.4051 -34
1682500 -34.1843 -34
1682600 -33.9599 -34
1682700 -33.9992 -34
1682800 -34.052 -34
1682900 -34.0535 -34
1683000 -34.0318 -34
1683100 -34.1313 -34
1683200 -34.3388 -34
1683300 -34.1414 -34
1683400 -33.7117 -34
1683500 -33.5885 -34
1683600 -33.7246 -34
1683700 -33.934 -34
1683800 -34.0059 -34
1683900 -34.014 -34
1684000 -34.1223 -34
1684100 -34.1855 -34
1684200 -33.8985 -34
1684300 -33.7393 -34
1684400 -33.8755 -34
1684500 -33.8928 -34
1684600 -33.9017 -34
1684700 -33.8641 -34
1684800 -33.9342 -34
1684900 -34.1371 -34
1685000 -34.3751 -34
1685100 -34.5051 -34
1685200 -34.5562 -34
1685300 -34.6055 -34
1685400 -34.6923 -34
1685500 -34.5276 -34
1685600 -34.217 -34
1685700 -33.762 -34
1685800 -33.1613 -34
1685900 -32.971 -34
1686000 -33.0086 -34
1686100 -33.1137 -34
1686200 -33.6166 -34
1686300 -33.8711 -34
1686400 -33.9099 -34
1686500 -33.8859 -34
1686600 -34.002 -34
1686700 -33.9992 -34
1686800 -33.7475 -34
1686900 -33.7054 -34
1687000 -33.7219 -34
1687100 -33.8191 -34
1687200 -33.9358 -34
1687300 -33.9688 -34
1687400 -33.9505 -34
1687500 -33.9062 -34
1687600 -33.5966 -34
1687700 -33.2164 -34
1687800 -33.2536 -34
1687900 -33.717 -34
1688000 -34.2797 -34
1688100 -34.8061 -34
1688200 -35.0054 -34
1688300 -34.8278 -34
1688400 -34.5628 -34
1688500 -34.239 -34
1688600 -33.9185 -34
1688700 -33.7299 -34
1688800 -33.6511 -34
1688900 -33.8541 -34
1689000 -34.1154 -34
1689100 -34.2333 -34
1689200 -34.4651 -34
1689300 -34.6532 -34
1689400 -34.5778 -34
1689500 -34.6491 -34
1689600 -34.4689 -34
1689700 -34.182 -34
1689800 -34.1576 -34
1689900 -33.9179 -34
1690000 -33.6574 -34
1690100 -33.547 -34
1690200 -33.8163 -34
1690300 -33.949 -34
1690400 -34.022 -34
1690500 -34.0938 -34
1690600 -34.264 -34
1690700 -34.5683 -34
1690800 -34.7878 -34
1690900 -34.652 -34
1691000 -34.2499 -34
1691100 -34.0728 -34
1691200 -34.211 -34
1691300 -34.1916 -34
1691400 -33.6721 -34
1691500 -33.2602 -34
1691600 -33.1148 -34
1691700 -33.2786 -34
1691800 -33.665 -34
1691900 -34.2168 -34
1692000 -34.6935 -34
1692100 -34.9194 -34
1692200 -34.9757 -34
1692300 -34.6015 -34
1692400 -33.8913 -34
1692500 -33.5845 -34
1692600 -33.7271 -34
1692700 -34.204 -34
1692800 -34.1167 -34
1692900 -33.4705 -34
1693000 -33.0636 -34
1693100 -33.2145 -34
1693200 -33.4609 -34
1693300 -33.6219 -34
1693400 -33.6133 -34
1693500 -33.633 -34
1693600 -33.8007 -34
1693700 -34.0669 -34
1693800 -34.1539 -34
1693900 -34.2486 -34
1694000 -34.191 -34
1694100 -34.1974 -34
1694200 -34.1191 -34
1694300 -33.9375 -34
1694400 -33.6667 -34
1694500 -33.6764 -34
1694600 -33.8756 -34
1694700 -34.3275 -34
1694800 -34.3442 -34
1694900 -34.1985 -34
1695000 -34.1263 -34
1695100 -34.2045 -34
1695200 -34.3381 -34
1695300 -34.3111 -34
1695400 -34.0832 -34
1695500 -33.9976 -34
1695600 -33.9041 -34
1695700 -33.6414 -34
1695800 -33.6525 -34
1695900 -33.8907 -34
1696000 -34.1531 -34
1696100 -34.1842 -34
1696200 -34.3789 -34
1696300 -34.1978 -34
1696400 -33.9307 -34
1696500 -33.8342 -34
1696600 -33.7766 -34
1696700 -34.0181 -34
1696800 -34.3607 -34
1696900 -34.5986 -34
1697000 -34.6261 -34
1697100 -34.3068 -34
1697200 -34.0029 -34
1697300 -33.7936 -34
1697400 -33.864 -34
1697500 -34.1182 -34
1697600 -34.407 -34
1697700 -34.489 -34
1697800 -34.5676 -34
1697900 -34.4116 -34
1698000 -34.2472 -34
1698100 -34.1427 -34
1698200 -34.1549 -34
1698300 -33.8912 -34
1698400 -33.6394 -34
1698500 -33.6061 -34
1698600 -33.4907 -34
1698700 -33.398 -34
1698800 -33.527 -34
1698900 -33.6548 -34
1699000 -33.5562 -34
1699100 -33.4765 -34
1699200 -33.3071 -34
1699300 -33.3409 -34
1699400 -33.3586 -34
1699500 -33.5336 -34
1699600 -34.3309 -34
1699700 -35.0683 -34
1699800 -35.2789 -34
1699900 -35.0361 -34
1700000 -34.4584 -34
1700100 -33.9825 -34
1700200 -33.5434 -34
1700300 -33.4779 -34
1700400 -33.6074 -34
1700500 -33.77 -34
1700600 -34.1523 -34
1700700 -34.5818 -34
1700800 -34.9211 -34
1700900 -34.908 -34
1701000 -34.6666 -34
1701100 -34.2518 -34
1701200 -34.0536 -34
1701300 -34.0262 -34
1701400 -33.7221 -34
1701500 -33.4498 -34
1701600 -33.5257 -34
1701700 -33.7328 -34
1701800 -33.9696 -34
1701900 -34.1162 -34
1702000 -33.9859 -34
1702100 -33.6357 -34
1702200 -33.4335 -34
1702300 -33.5678 -34
1702400 -33.7533 -34
1702500 -34.1266 -34
1702600 -34.4444 -34
1702700 -34.4942 -34
1702800 -33.9957 -34
1702900 -33.2482 -34
1703000 -32.8042 -34
1703100 -32.6764 -34
1703200 -32.7472 -34
1703300 -33.0439 -34
1703400 -33.5383 -34
1703500 -34.1546 -34
1703600 -34.4696 -34
1703700 -34.2011 -34
1703800 -33.795 -34
1703900 -33.532 -34
1704000 -33.2574 -34
1704100 -33.3343 -34
1704200 -33.515 -34
1704300 -33.7306 -34
1704400 -33.8324 -34
1704500 -33.9462 -34
1704600 -34.1102 -34
1704700 -34.1581 -34
1704800 -34.2546 -34
1704900 -34.7087 -34
1705000 -34.9816 -34
1705100 -34.9434 -34
1705200 -34.4984 -34
1705300 -34.1145 -34
1705400 -33.931 -34
1705500 -33.9042 -34
1705600 -33.6946 -34
1705700 -33.5363 -34
1705800 -33.8632 -34
1705900 -34.2312 -34
1706000 -34.485 -34
1706100 -34.5357 -34
1706200 -34.348 -34
1706300 -34.3011 -34
1706400 -33.9652 -34
1706500 -33.4136 -34
1706600 -33.0993 -34
1706700 -33.2939 -34
1706800 -33.8391 -34
1706900 -34.1162 -34
1707000 -34.3978 -34
1707100 -34.4119 -34
1707200 -34.1263 -34
1707300 -33.8241 -34
1707400 -33.5885 -34
1707500 -33.4506 -34
1707600 -33.6917 -34
1707700 -34.1808 -34
1707800 -34.5147 -34
1707900 -34.5165 -34
1708000 -34.323 -34
1708100 -34.022 -34
1708200 -33.8195 -34
1708300 -33.8185 -34
1708400 -33.8688 -34
1708500 -33.8606 -34
1708600 -33.6872 -34
1708700 -33.6739 -34
1708800 -33.7209 -34
1708900 -34.0006 -34
1709000 -34.2998 -34
1709100 -34.2606 -34
1709200 -33.9986 -34
1709300 -33.4171 -34
1709400 -33.0429 -34
1709500 -32.9764 -34
1709600 -33.0767 -34
1709700 -33.34 -34
1709800 -33.837 -34
1709900 -34.4064 -34
1710000 -34.8854 -34
1710100 -35.0786 -34
1710200 -34.8066 -34
1710300 -34.2651 -34
1710400 -33.749 -34
1710500 -33.623 -34
1710600 -33.9014 -34
1710700 -34.1008 -34
1710800 -34.1784 -34
1710900 -34.1996 -34
1711000 -34.0133 -34
1711100 -33.7581 -34
1711200 -33.6111 -34
1711300 -33.6291 -34
1711400 -33.6162 -34
1711500 -33.3354 -34
1711600 -33.1429 -34
1711700 -33.1287 -34
1711800 -33.2537 -34
1711900 -33.4749 -34
1712000 -33.6446 -34
1712100 -33.6294 -34
1712200 -33.0636 -34
1712300 -32.6634 -34
1712400 -32.7551 -34
1712500 -33.2601 -34
1712600 -33.8873 -34
1712700 -34.2254 -34
1712800 -34.4526 -34
1712900 -34.5642 -34
1713000 -34.894 -34
1713100 -35.0678 -34
1713200 -34.9212 -34
1713300 -34.6586 -34
1713400 -34.6241 -34
1713500 -34.6448 -34
1713600 -34.642 -34
1713700 -34.6529 -34
1713800 -34.6728 -34
1713900 -34.5382 -34
1714000 -34.172 -34
1714100 -33.6868 -34
1714200 -33.4569 -34
1714300 -33.5712 -34
1714400 -33.802 -34
1714500 -33.97 -34
1714600 -34.1484 -34
1714700 -34.2065 -34
1714800 -34.5561 -34
1714900 -34.7361 -34
1715000 -34.5367 -34
1715100 -34.4965 -34
1715200 -34.4624 -34
1715300 -34.4646 -34
1715400 -34.5755 -34
1715500 -34.4685 -34
1715600 -34.3813 -34
1715700 -34.1648 -34
1715800 -33.9657 -34
1715900 -34.046 -34
1716000 -34.2376 -34
1716100 -34.345 -34
1716200 -34.3108 -34
1716300 -34.0267 -34
1716400 -33.5593 -34
1716500 -33.1203 -34
1716600 -33.0192 -34
1716700 -33.3721 -34
1716800 -34.086 -34
1716900 -34.8326 -34
1717000 -35.1025 -34
1717100 -34.891 -34
1717200 -34.2952 -34
1717300 -33.7127 -34
1717400 -33.5183 -34
1717500 -33.693 -34
1717600 -33.9881 -34
1717700 -34.1709 -34
1717800 -34.2755 -34
1717900 -34.2055 -34
1718000 -34.1297 -34
1718100 -34.2245 -34
1718200 -34.5713 -34
1718300 -34.8072 -34
1718400 -34.6386 -34
1718500 -34.1581 -34
1718600 -33.8369 -34
1718700 -33.6761 -34
1718800 -33.7782 -34
1718900 -34.1061 -34
1719000 -34.5291 -34
1719100 -34.9168 -34
1719200 -35.0048 -34
1719300 -35.1127 -34
1719400 -34.9282 -34
1719500 -34.2197 -34
1719600 -33.8128 -34
1719700 -33.672 -34
1719800 -33.9716 -34
1719900 -34.1443 -34
1720000 -34.0756 -34
1720100 -34.2611 -34
1720200 -34.5438 -34
1720300 -34.6723 -34
1720400 -34.6397 -34
1720500 -34.3168 -34
1720600 -33.9277 -34
1720700 -33.8095 -34
1720800 -33.7507 -34
1720900 -33.4412 -34
1721000 -33.3855 -34
1721100 -33.5168 -34
1721200 -33.7926 -34
1721300 -34.0963 -34
1721400 -34.3087 -34
1721500 -34.9324 -34
1721600 -35.2824 -34
1721700 -35.1154 -34
1721800 -34.7663 -34
1721900 -34.6972 -34
1722000 -34.668 -34
1722100 -34.6632 -34
1722200 -34.5279 -34
1722300 -34.4273 -34
1722400 -34.4086 -34
1722500 -34.3459 -34
1722600 -34.1106 -34
1722700 -33.8937 -34
1722800 -34.0088 -34
1722900 -34.1334 -34
1723000 -33.9843 -34
1723100 -34.1325 -34
1723200 -34.4505 -34
1723300 -34.5058 -34
1723400 -34.3884 -34
1723500 -34.2096 -34
1723600 -33.7802 -34
1723700 -33.288 -34
1723800 -33.1501 -34
1723900 -33.3927 -34
1724000 -33.8953 -34
1724100 -34.3526 -34
1724200 -34.1665 -34
1724300 -33.9603 -34
1724400 -33.9826 -34
1724500 -33.7999 -34
1724600 -33.6383 -34
1724700 -33.6547 -34
1724800 -33.9888 -34
1724900 -34.3751 -34
1725000 -34.2822 -34
1725100 -33.7903 -34
1725200 -33.4819 -34
1725300 -33.4066 -34
1725400 -33.5278 -34
1725500 -33.8218 -34
1725600 -34.3802 -34
1725700 -34.7069 -34
1725800 -34.7975 -34
1725900 -34.5578 -34
1726000 -34.1623 -34
1726100 -33.7613 -34
1726200 -33.4128 -34
1726300 -33.3343 -34
1726400 -33.5688 -34
1726500 -34.094 -34
1726600 -34.5326 -34
1726700 -34.7939 -34
1726800 -34.8174 -34
1726900 -34.7924 -34
1727000 -34.7885 -34
1727100 -34.8099 -34
1727200 -34.4496 -34
1727300 -33.8872 -34
1727400 -33.3699 -34
1727500 -32.8865 -34
1727600 -32.8381 -34
1727700 -33.1898 -34
1727800 -33.4774 -34
1727900 -33.777 -34
1728000 -34.0967 -34
1728100 -34.2439 -34
1728200 -34.485 -34
1728300 -34.7789 -34
1728400 -34.448 -34
1728500 -33.9453 -34
1728600 -33.7606 -34
1728700 -33.8994 -34
1728800 -34.4212 -34
1728900 -34.7449 -34
1729000 -34.5445 -34
1729100 -34.3381 -34
1729200 -34.2055 -34
1729300 -34.1522 -34
1729400 -34.0635 -34
1729500 -34.089 -34
1729600 -34.3985 -34
1729700 -34.3787 -34
1729800 -34.305 -34
1729900 -34.1239 -34
1730000 -33.8848 -34
1730100 -33.7222 -34
1730200 -33.6509 -34
1730300 -33.9515 -34
1730400 -34.2372 -34
1730500 -34.4483 -34
1730600 -34.2498 -34
1730700 -33.9785 -34
1730800 -33.8278 -34
1730900 -34.0002 -34
1731000 -34.126 -34
1731100 -33.973 -34
1731200 -34.0529 -34
1731300 -34.3419 -34
1731400 -34.4286 -34
1731500 -34.1325 -34
1731600 -33.8465 -34
1731700 -33.7263 -34
1731800 -33.6294 -34
1731900 -33.7359 -34
1732000 -33.9814 -34
1732100 -34.1807 -34
1732200 -34.5884 -34
1732300 -34.8666 -34
1732400 -34.9094 -34
1732500 -34.5632 -34
1732600 -34.1143 -34
1732700 -33.8253 -34
1732800 -33.604 -34
1732900 -33.4239 -34
1733000 -33.4698 -34
1733100 -33.6768 -34
1733200 -34.2165 -34
1733300 -34.615 -34
1733400 -34.7241 -34
1733500 -34.5674 -34
1733600 -34.3179 -34
1733700 -34.184 -34
1733800 -33.9889 -34
1733900 -33.7214 -34
1734000 -33.6129 -34
1734100 -33.8266 -34
1734200 -33.854 -34
1734300 -33.7487 -34
1734400 -33.6036 -34
1734500 -33.481 -34
1734600 -33.4933 -34
1734700 -33.6396 -34
1734800 -33.6909 -34
1734900 -33.6652 -34
1735000 -33.4928 -34
1735100 -33.3 -34
1735200 -33.6812 -34
1735300 -34.3712 -34
1735400 -34.8549 -34
1735500 -35.2475 -34
1735600 -34.7267 -34
1735700 -33.9789 -34
1735800 -33.4449 -34
1735900 -33.1306 -34
1736000 -33.3506 -34
1736100 -33.7168 -34
1736200 -33.9773 -34
1736300 -34.0779 -34
1736400 -34.0818 -34
1736500 -34.2234 -34
1736600 -34.186 -34
1736700 -34.1375 -34
1736800 -34.1211 -34
1736900 -34.0536 -34
1737000 -34.228 -34
1737100 -34.6187 -34
1737200 -35.0062 -34
1737300 -34.8919 -34
1737400 -34.4092 -34
1737500 -34.2232 -34
1737600 -34.096 -34
1737700 -34.0136 -34
1737800 -33.8903 -34
1737900 -33.7654 -34
1738000 -33.7356 -34
1738100 -33.7986 -34
1738200 -34.1553 -34
1738300 -34.2807 -34
1738400 -33.9067 -34
1738500 -33.191 -34
1738600 -32.7199 -34
1738700 -32.6931 -34
1738800 -32.9426 -34
1738900 -33.3142 -34
1739000 -33.6537 -34
1739100 -34.2302 -34
1739200 -34.4512 -34
1739300 -34.3397 -34
1739400 -34.1629 -34
1739500 -34.1141 -34
1739600 -34.2346 -34
1739700 -34.3438 -34
1739800 -34.3135 -34
1739900 -34.2764 -34
1740000 -34.0286 -34
1740100 -33.6188 -34
1740200 -33.4281 -34
1740300 -33.5733 -34
1740400 -33.9952 -34
1740500 -34.3418 -34
1740600 -34.2581 -34
1740700 -34.1078 -34
1740800 -34.0894 -34
1740900 -34.3035 -34
1741000 -34.3538 -34
1741100 -34.3267 -34
1741200 -34.1737 -34
1741300 -34.0411 -34
1741400 -33.9671 -34
1741500 -34.1722 -34
1741600 -34.3825 -34
1741700 -34.578 -34
1741800 -34.8133 -34
1741900 -34.6198 -34
1742000 -34.2865 -34
1742100 -34.0048 -34
1742200 -33.8371 -34
1742300 -33.6543 -34
1742400 -33.7106 -34
1742500 -33.7171 -34
1742600 -33.6574 -34
1742700 -33.6171 -34
1742800 -33.3557 -34
1742900 -33.0417 -34
1743000 -32.944 -34
1743100 -33.2516 -34
1743200 -33.6483 -34
1743300 -34.0824 -34
1743400 -34.2745 -34
1743500 -34.2487 -34
1743600 -34.2918 -34
1743700 -34.3198 -34
1743800 -34.2403 -34
1743900 -33.9859 -34
1744000 -33.8501 -34
1744100 -33.6686 -34
1744200 -33.5783 -34
1744300 -33.8025 -34
1744400 -34.3342 -34
1744500 -34.749 -34
1744600 -34.47 -34
1744700 -33.8747 -34
1744800 -33.3933 -34
1744900 -33.3566 -34
1745000 -33.5799 -34
1745100 -33.6006 -34
1745200 -33.4201 -34
1745300 -33.2762 -34
1745400 -33.3844 -34
1745500 -33.636 -34
1745600 -33.6935 -34
1745700 -33.6025 -34
1745800 -33.3179 -34
1745900 -33.2683 -34
1746000 -33.442 -34
1746100 -33.6981 -34
1746200 -33.7839 -34
1746300 -33.8673 -34
1746400 -34.0469 -34
1746500 -34.2463 -34
1746600 -34.4527 -34
1746700 -34.5015 -34
1746800 -34.4023 -34
1746900 -34.4971 -34
1747000 -34.6163 -34
1747100 -34.7632 -34
1747200 -34.9592 -34
1747300 -34.9964 -34
1747400 -35.1544 -34
1747500 -35.0001 -34
1747600 -34.5342 -34
1747700 -34.0237 -34
1747800 -33.6131 -34
1747900 -33.4491 -34
1748000 -33.8578 -34
1748100 -34.5841 -34
1748200 -35.205 -34
1748300 -35.6197 -34
1748400 -35.7271 -34
1748500 -35.1821 -34
1748600 -34.6061 -34
1748700 -34.3877 -34
1748800 -34.1773 -34
1748900 -34.2912 -34
1749000 -34.4965 -34
1749100 -34.586 -34
1749200 -34.1961 -34
1749300 -33.3983 -34
1749400 -32.8735 -34
1749500 -33.0255 -34
1749600 -33.8143 -34
1749700 -34.4575 -34
1749800 -34.6685 -34
1749900 -34.4345 -34
1750000 -34.2127 -34
1750100 -34.2679 -34
1750200 -34.1769 -34
1750300 -33.9238 -34
1750400 -33.6216 -34
1750500 -33.4191 -34
1750600 -33.6367 -34
1750700 -34.0958 -34
1750800 -34.3921 -34
1750900 -34.4045 -34
1751000 -34.1677 -34
1751100 -33.7483 -34
1751200 -33.2284 -34
1751300 -32.8901 -34
1751400 -33.262 -34
1751500 -33.9176 -34
1751600 -34.2919 -34
1751700 -34.6246 -34
1751800 -34.815 -34
1751900 -34.6146 -34
1752000 -34.1937 -34
1752100 -33.8598 -34
1752200 -33.946 -34
1752300 -33.9097 -34
1752400 -33.454 -34
1752500 -32.9952 -34
1752600 -32.9526 -34
1752700 -32.9718 -34
1752800 -33.0404 -34
1752900 -33.3927 -34
1753000 -34.0035 -34
1753100 -34.5336 -34
1753200 -34.6211 -34
1753300 -34.4838 -34
1753400 -34.3182 -34
1753500 -34.1101 -34
1753600 -33.9202 -34
1753700 -33.7395 -34
1753800 -33.6623 -34
1753900 -33.47 -34
1754000 -33.4783 -34
1754100 -33.7594 -34
1754200 -34.1043 -34
1754300 -34.3882 -34
1754400 -34.511 -34
1754500 -34.4798 -34
1754600 -34.5573 -34
1754700 -34.5167 -34
1754800 -34.5054 -34
1754900 -34.2362 -34
1755000 -33.9412 -34
1755100 -33.7788 -34
1755200 -33.9623 -34
1755300 -34.1333 -34
1755400 -34.3843 -34
1755500 -34.6362 -34
1755600 -34.877 -34
1755700 -35.0341 -34
1755800 -34.8126 -34
1755900 -34.4064 -34
1756000 -33.9281 -34
1756100 -33.3699 -34
1756200 -33.1668 -34
1756300 -33.4534 -34
1756400 -33.7198 -34
1756500 -34.0979 -34
1756600 -34.3477 -34
1756700 -34.5624 -34
1756800 -34.5943 -34
1756900 -34.3116 -34
1757000 -33.8843 -34
1757100 -33.4969 -34
1757200 -33.4176 -34
1757300 -33.6216 -34
1757400 -34.1571 -34
1757500 -34.383 -34
1757600 -34.3797 -34
1757700 -34.1558 -34
1757800 -33.8395 -34
1757900 -33.7251 -34
1758000 -33.5168 -34
1758100 -33.3298 -34
1758200 -33.3443 -34
1758300 -33.3481 -34
1758400 -33.5836 -34
1758500 -33.967 -34
1758600 -34.2953 -34
1758700 -34.0932 -34
1758800 -33.7305 -34
1758900 -33.7851 -34
1759000 -33.9109 -34
1759100 -34.2235 -34
1759200 -34.6246 -34
1759300 -34.6533 -34
1759400 -34.2537 -34
1759500 -34.0597 -34
1759600 -34.026 -34
1759700 -34.1491 -34
1759800 -34.1112 -34
1759900 -33.807 -34
1760000 -33.5961 -34
1760100 -33.7361 -34
1760200 -33.8118 -34
1760300 -33.8652 -34
1760400 -34.0638 -34
1760500 -34.4 -34
1760600 -34.6714 -34
1760700 -34.3444 -34
1760800 -33.911 -34
1760900 -33.7672 -34
1761000 -33.7621 -34
1761100 -33.8826 -34
1761200 -33.9407 -34
1761300 -33.6865 -34
1761400 -33.4558 -34
1761500 -33.889 -34
1761600 -34.5144 -34
1761700 -34.7307 -34
1761800 -34.4337 -34
1761900 -33.9471 -34
1762000 -33.5824 -34
1762100 -33.6011 -34
1762200 -33.9583 -34
1762300 -34.3859 -34
1762400 -34.4466 -34
1762500 -34.3082 -34
1762600 -34.1949 -34
1762700 -33.8078 -34
1762800 -33.5848 -34
1762900 -33.6149 -34
1763000 -33.7022 -34
1763100 -33.7607 -34
1763200 -33.7785 -34
1763300 -33.9342 -34
1763400 -34.0558 -34
1763500 -34.2199 -34
1763600 -34.3974 -34
1763700 -34.7772 -34
1763800 -34.796 -34
1763900 -34.5697 -34
1764000 -34.1878 -34
1764100 -34.0682 -34
1764200 -33.98 -34
1764300 -33.8277 -34
1764400 -33.63 -34
1764500 -33.5381 -34
1764600 -33.4072 -34
1764700 -33.4632 -34
1764800 -33.7484 -34
1764900 -34.0368 -34
1765000 -34.5601 -34
1765100 -34.9827 -34
1765200 -35.0531 -34
1765300 -35.0629 -34
1765400 -35.185 -34
1765500 -34.8259 -34
1765600 -34.0645 -34
1765700 -33.4498 -34
1765800 -33.169 -34
1765900 -33.181 -34
1766000 -33.3729 -34
1766100 -33.6753 -34
1766200 -33.9306 -34
1766300 -34.0902 -34
1766400 -33.9525 -34
1766500 -33.8287 -34
1766600 -33.9306 -34
1766700 -34.2358 -34
1766800 -34.561 -34
1766900 -34.6719 -34
1767000 -34.7424 -34
1767100 -34.4343 -34
1767200 -33.9866 -34
1767300 -33.6469 -34
1767400 -33.7223 -34
1767500 -34.0501 -34
1767600 -34.1436 -34
1767700 -33.9897 -34
1767800 -33.8966 -34
1767900 -33.5244 -34
1768000 -33.2995 -34
1768100 -33.4264 -34
1768200 -33.6206 -34
1768300 -33.8965 -34
1768400 -33.8382 -34
1768500 -33.8832 -34
1768600 -33.9701 -34
1768700 -33.9343 -34
1768800 -33.9727 -34
1768900 -34.0791 -34
1769000 -34.3667 -34
1769100 -34.6272 -34
1769200 -34.6201 -34
1769300 -34.5042 -34
1769400 -34.316 -34
1769500 -33.9614 -34
1769600 -33.5647 -34
1769700 -33.3888 -34
1769800 -33.3224 -34
1769900 -33.7083 -34
1770000 -34.2807 -34
1770100 -34.587 -34
1770200 -34.634 -34
1770300 -34.4744 -34
1770400 -34.5387 -34
1770500 -34.5333 -34
1770600 -34.4373 -34
1770700 -34.1994 -34
1770800 -33.8848 -34
1770900 -33.6448 -34
1771000 -33.5645 -34
1771100 -33.2387 -34
1771200 -33.2883 -34
1771300 -33.9324 -34
1771400 -34.3731 -34
1771500 -34.3174 -34
1771600 -34.01 -34
1771700 -33.8435 -34
1771800 -33.9116 -34
1771900 -34.0222 -34
1772000 -34.0423 -34
1772100 -34.3109 -34
1772200 -34.4687 -34
1772300 -34.6676 -34
1772400 -34.6116 -34
1772500 -34.6338 -34
1772600 -34.5022 -34
1772700 -34.21 -34
1772800 -33.7031 -34
1772900 -33.4109 -34
1773000 -33.357 -34
1773100 -33.287 -34
1773200 -33.1771 -34
1773300 -33.3005 -34
1773400 -33.6915 -34
1773500 -34.1137 -34
1773600 -34.4336 -34
1773700 -34.4952 -34
1773800 -34.3349 -34
1773900 -34.2644 -34
1774000 -34.1222 -34
1774100 -33.9322 -34
1774200 -33.8101 -34
1774300 -33.8312 -34
1774400 -34.1522 -34
1774500 -34.2858 -34
1774600 -34.5334 -34
1774700 -34.5407 -34
1774800 -34.0911 -34
1774900 -33.397 -34
1775000 -32.6053 -34
1775100 -32.1439 -34
1775200 -32.3835 -34
1775300 -33.1545 -34
1775400 -33.8969 -34
1775500 -34.3962 -34
1775600 -34.3663 -34
1775700 -34.0832 -34
1775800 -33.819 -34
1775900 -33.6835 -34
1776000 -33.7846 -34
1776100 -33.8773 -34
1776200 -33.7226 -34
1776300 -33.9179 -34
1776400 -34.2364 -34
1776500 -34.5442 -34
1776600 -34.5087 -34
1776700 -34.3134 -34
1776800 -33.9761 -34
1776900 -33.3125 -34
1777000 -33 -34
1777100 -33.3313 -34
1777200 -33.8983 -34
1777300 -34.3683 -34
1777400 -34.4995 -34
1777500 -34.5357 -34
1777600 -34.6419 -34
1777700 -34.6547 -34
1777800 -34.4657 -34
1777900 -34.139 -34
1778000 -33.7101 -34
1778100 -33.5614 -34
1778200 -33.9632 -34
1778300 -34.4723 -34
1778400 -34.8094 -34
1778500 -34.8898 -34
1778600 -34.5718 -34
1778700 -34.0708 -34
1778800 -33.4488 -34
1778900 -33.1793 -34
1779000 -33.6086 -34
1779100 -34.197 -34
1779200 -34.7437 -34
1779300 -35.1713 -34
1779400 -34.9713 -34
1779500 -34.6113 -34
1779600 -34.2961 -34
1779700 -33.9849 -34
1779800 -33.7313 -34
1779900 -33.7282 -34
1780000 -33.8758 -34
1780100 -34.2027 -34
1780200 -34.2698 -34
1780300 -34.2358 -34
1780400 -34.2122 -34
1780500 -34.2995 -34
1780600 -34.3307 -34
1780700 -34.0935 -34
1780800 -33.8009 -34
1780900 -33.5656 -34
1781000 -33.7047 -34
1781100 -33.9428 -34
1781200 -33.7566 -34
1781300 -33.2502 -34
1781400 -33.0126 -34
1781500 -33.1445 -34
1781600 -33.5385 -34
1781700 -33.9644 -34
1781800 -34.315 -34
1781900 -34.4607 -34
1782000 -34.1184 -34
1782100 -33.9067 -34
1782200 -33.9332 -34
1782300 -33.9904 -34
1782400 -33.8723 -34
1782500 -33.6791 -34
1782600 -33.3788 -34
1782700 -33.325 -34
1782800 -33.5313 -34
1782900 -33.5357 -34
1783000 -33.2929 -34
1783100 -33.5363 -34
1783200 -33.9503 -34
1783300 -34.5337 -34
1783400 -35.0186 -34
1783500 -35.0574 -34
1783600 -34.539 -34
1783700 -33.8638 -34
1783800 -33.4686 -34
1783900 -33.47 -34
1784000 -33.7462 -34
1784100 -33.7548 -34
1784200 -33.4319 -34
1784300 -33.3858 -34
1784400 -33.3474 -34
1784500 -33.2893 -34
1784600 -33.385 -34
1784700 -33.6801 -34
1784800 -34.3605 -34
1784900 -34.7354 -34
1785000 -34.7884 -34
1785100 -34.4876 -34
1785200 -34.278 -34
1785300 -34.1493 -34
1785400 -33.9149 -34
1785500 -33.8509 -34
1785600 -33.8446 -34
1785700 -33.7867 -34
1785800 -33.7408 -34
1785900 -33.9469 -34
1786000 -33.964 -34
1786100 -33.839 -34
1786200 -33.7739 -34
1786300 -33.6876 -34
1786400 -33.6897 -34
1786500 -33.623 -34
1786600 -33.4006 -34
1786700 -33.2323 -34
1786800 -33.208 -34
1786900 -33.3031 -34
1787000 -33.2299 -34
1787100 -33.2255 -34
1787200 -33.2646 -34
1787300 -33.3486 -34
1787400 -33.4032 -34
1787500 -33.4596 -34
1787600 -33.5729 -34
1787700 -33.7047 -34
1787800 -33.7831 -34
1787900 -34.0435 -34
1788000 -34.2788 -34
1788100 -34.2384 -34
1788200 -34.0442 -34
1788300 -33.7125 -34
1788400 -33.3775 -34
1788500 -33.0606 -34
1788600 -32.9478 -34
1788700 -33.0259 -34
1788800 -33.21 -34
1788900 -33.511 -34
1789000 -33.9736 -34
1789100 -34.3323 -34
1789200 -34.4684 -34
1789300 -34.3352 -34
1789400 -34.081 -34
1789500 -34.0763 -34
1789600 -34.1638 -34
1789700 -34.0773 -34
1789800 -34.0233 -34
1789900 -34.1999 -34
1790000 -34.493 -34
1790100 -34.3509 -34
1790200 -34.1617 -34
1790300 -34.103 -34
1790400 -33.9772 -34
1790500 -33.7544 -34
1790600 -33.9352 -34
1790700 -34.0875 -34
1790800 -34.3024 -34
1790900 -34.3136 -34
1791000 -34.246 -34
1791100 -34.0439 -34
1791200 -33.3764 -34
1791300 -32.7646 -34
1791400 -32.7524 -34
1791500 -33.2831 -34
1791600 -33.9237 -34
1791700 -34.4572 -34
1791800 -34.6732 -34
1791900 -34.6012 -34
1792000 -34.3308 -34
1792100 -33.6926 -34
1792200 -33.2298 -34
1792300 -33.3932 -34
1792400 -33.8073 -34
1792500 -34.1585 -34
1792600 -34.1761 -34
1792700 -34.2415 -34
1792800 -34.0357 -34
1792900 -33.9137 -34
1793000 -34.1825 -34
1793100 -34.4718 -34
1793200 -34.3416 -34
1793300 -33.9023 -34
1793400 -33.6611 -34
1793500 -33.5409 -34
1793600 -33.668 -34
1793700 -33.8095 -34
1793800 -33.6956 -34
1793900 -33.7836 -34
1794000 -34.0489 -34
1794100 -34.1806 -34
1794200 -34.2416 -34
1794300 -34.2051 -34
1794400 -33.9343 -34
1794500 -33.8934 -34
1794600 -33.9904 -34
1794700 -33.8577 -34
1794800 -33.7498 -34
1794900 -33.9052 -34
1795000 -34.0835 -34
1795100 -34.2005 -34
1795200 -34.3488 -34
1795300 -33.9326 -34
1795400 -33.4848 -34
1795500 -33.3989 -34
1795600 -33.5428 -34
1795700 -33.9347 -34
1795800 -34.3123 -34
1795900 -34.5609 -34
1796000 -34.6393 -34
1796100 -34.4594 -34
1796200 -34.3088 -34
1796300 -34.1263 -34
1796400 -33.9262 -34
1796500 -34.0016 -34
1796600 -33.9874 -34
1796700 -33.9359 -34
1796800 -34.0314 -34
1796900 -33.9608 -34
1797000 -33.6867 -34
1797100 -33.6001 -34
1797200 -33.5749 -34
1797300 -33.2054 -34
1797400 -32.8643 -34
1797500 -32.6788 -34
1797600 -32.6021 -34
1797700 -33.1609 -34
1797800 -33.889 -34
1797900 -34.3123 -34
1798000 -34.8454 -34
1798100 -35.0487 -34
1798200 -34.8789 -34
1798300 -34.6123 -34
1798400 -34.1629 -34
1798500 -33.8918 -34
1798600 -33.6123 -34
1798700 -33.5742 -34
1798800 -33.964 -34
1798900 -34.4195 -34
1799000 -34.5636 -34
1799100 -34.6204 -34
1799200 -34.6077 -34
1799300 -34.3064 -34
1799400 -33.8337 -34
1799500 -33.5777 -34
1799600 -33.5174 -34
1799700 -33.4996 -34
1799800 -33.4157 -34
1799900 -33.4521 -34
1800000 -33.5287 -34
1800100 -33.5706 -34
1800200 -33.4468 -34
1800300 -33.2231 -34
1800400 -33.0361 -34
1800500 -33.0487 -34
1800600 -33.2896 -34
1800700 -33.7492 -34
1800800 -33.9879 -34
1800900 -34.03 -34
1801000 -33.9655 -34
1801100 -34.1614 -34
1801200 -34.332 -34
1801300 -34.2329 -34
1801400 -33.8756 -34
1801500 -33.8186 -34
1801600 -33.8525 -34
1801700 -33.964 -34
1801800 -34.1004 -34
1801900 -34.0637 -34
1802000 -33.7576 -34
1802100 -33.2395 -34
1802200 -32.9246 -34
1802300 -33.0088 -34
1802400 -33.4932 -34
1802500 -33.9929 -34
1802600 -34.2418 -34
1802700 -34.3131 -34
1802800 -34.1716 -34
1802900 -33.9719 -34
1803000 -33.7888 -34
1803100 -33.6741 -34
1803200 -33.1183 -34
1803300 -32.8011 -34
1803400 -32.9007 -34
1803500 -33.2191 -34
1803600 -33.5415 -34
1803700 -34.072 -34
1803800 -34.5587 -34
1803900 -34.8879 -34
1804000 -34.9963 -34
1804100 -34.7801 -34
1804200 -34.5827 -34
1804300 -34.2188 -34
1804400 -34.0825 -34
1804500 -34.2511 -34
1804600 -34.4605 -34
1804700 -34.7578 -34
1804800 -34.7818 -34
1804900 -34.3475 -34
1805000 -34.1439 -34
1805100 -33.9015 -34
1805200 -33.7125 -34
1805300 -33.5416 -34
1805400 -33.2521 -34
1805500 -33.1488 -34
1805600 -33.4159 -34
1805700 -33.8292 -34
1805800 -34.1834 -34
1805900 -34.5461 -34
1806000 -34.6871 -34
1806100 -34.6295 -34
1806200 -34.4914 -34
1806300 -34.385 -34
1806400 -34.3 -34
1806500 -34.3441 -34
1806600 -34.2499 -34
1806700 -33.8072 -34
1806800 -33.3454 -34
1806900 -33.1798 -34
1807000 -33.3201 -34
1807100 -33.7433 -34
1807200 -34.2317 -34
1807300 -34.4587 -34
1807400 -34.4756 -34
1807500 -34.308 -34
1807600 -34.061 -34
1807700 -34.0556 -34
1807800 -34.1301 -34
1807900 -34.0355 -34
1808000 -33.7633 -34
1808100 -33.6877 -34
1808200 -33.8351 -34
1808300 -34.0204 -34
1808400 -34.0979 -34
1808500 -34.0886 -34
1808600 -33.8055 -34
1808700 -33.635 -34
1808800 -33.7681 -34
1808900 -33.9233 -34
1809000 -33.9206 -34
1809100 -33.8653 -34
1809200 -33.9706 -34
1809300 -33.966 -34
1809400 -33.7031 -34
1809500 -33.6449 -34
1809600 -33.66 -34
1809700 -33.8543 -34
1809800 -34.1597 -34
1809900 -34.1211 -34
1810000 -34.159 -34
