# Time-averaged data for fix myat1
# TimeStep v_xave v_xdes
1270100 -27.6396 -28
1270200 -28.1159 -28
1270300 -28.4273 -28
1270400 -28.5867 -28
1270500 -28.682 -28
1270600 -28.3814 -28
1270700 -28.1276 -28
1270800 -28.024 -28
1270900 -28.1648 -28
1271000 -28.2756 -28
1271100 -28.1884 -28
1271200 -28.2512 -28
1271300 -28.0395 -28
1271400 -27.8712 -28
1271500 -27.903 -28
1271600 -28.3632 -28
1271700 -28.7607 -28
1271800 -28.8491 -28
1271900 -28.4629 -28
1272000 -27.9922 -28
1272100 -27.7078 -28
1272200 -27.6785 -28
1272300 -27.6432 -28
1272400 -27.8289 -28
1272500 -28.1076 -28
1272600 -28.0384 -28
1272700 -27.5535 -28
1272800 -27.3746 -28
1272900 -27.5115 -28
1273000 -27.7216 -28
1273100 -27.9448 -28
1273200 -27.9411 -28
1273300 -28.101 -28
1273400 -28.3485 -28
1273500 -28.0814 -28
1273600 -27.9092 -28
1273700 -27.975 -28
1273800 -28.1053 -28
1273900 -28.0483 -28
1274000 -27.8692 -28
1274100 -27.8985 -28
1274200 -27.76 -28
1274300 -27.7751 -28
1274400 -27.8471 -28
1274500 -28.032 -28
1274600 -28.0823 -28
1274700 -28.2182 -28
1274800 -28.1176 -28
1274900 -28.0106 -28
1275000 -27.9251 -28
1275100 -27.9854 -28
1275200 -28.3931 -28
1275300 -28.728 -28
1275400 -28.2452 -28
1275500 -27.2656 -28
1275600 -26.8272 -28
1275700 -27.1384 -28
1275800 -27.814 -28
1275900 -28.4875 -28
1276000 -29.0292 -28
1276100 -28.8626 -28
1276200 -28.2839 -28
1276300 -27.8617 -28
1276400 -27.7842 -28
1276500 -27.7026 -28
1276600 -27.7418 -28
1276700 -27.9977 -28
1276800 -28.1221 -28
1276900 -28.1271 -28
1277000 -28.1978 -28
1277100 -28.3331 -28
1277200 -28.503 -28
1277300 -28.3561 -28
1277400 -28.2292 -28
1277500 -28.0459 -28
1277600 -27.5663 -28
1277700 -27.4627 -28
1277800 -27.731 -28
1277900 -27.947 -28
1278000 -28.0846 -28
1278100 -28.1122 -28
1278200 -27.9919 -28
1278300 -27.8176 -28
1278400 -27.8482 -28
1278500 -27.9919 -28
1278600 -28.0542 -28
1278700 -27.9257 -28
1278800 -27.6496 -28
1278900 -27.5554 -28
1279000 -27.6633 -28
1279100 -27.7486 -28
1279200 -27.4846 -28
1279300 -26.9962 -28
1279400 -27.1498 -28
1279500 -27.9435 -28
1279600 -28.6889 -28
1279700 -29.0338 -28
1279800 -28.7204 -28
1279900 -28.1758 -28
1280000 -27.7327 -28
1280100 -27.5049 -28
1280200 -27.3184 -28
1280300 -27.4398 -28
1280400 -27.6841 -28
1280500 -28.1752 -28
1280600 -28.5602 -28
1280700 -28.7896 -28
1280800 -28.7256 -28
1280900 -28.0032 -28
1281000 -27.229 -28
1281100 -27.2997 -28
1281200 -27.8255 -28
1281300 -28.5092 -28
1281400 -28.9793 -28
1281500 -29.0831 -28
1281600 -28.7147 -28
1281700 -28.0863 -28
1281800 -27.7219 -28
1281900 -27.7484 -28
1282000 -27.8954 -28
1282100 -28.0474 -28
1282200 -28.1272 -28
1282300 -28.191 -28
1282400 -27.8786 -28
1282500 -27.7047 -28
1282600 -27.6311 -28
1282700 -27.6907 -28
1282800 -28.0588 -28
1282900 -28.5324 -28
1283000 -28.6224 -28
1283100 -28.2237 -28
1283200 -27.9796 -28
1283300 -27.8005 -28
1283400 -27.7065 -28
1283500 -27.9534 -28
1283600 -27.8289 -28
1283700 -27.533 -28
1283800 -27.691 -28
1283900 -28.2136 -28
1284000 -28.6064 -28
1284100 -28.5969 -28
1284200 -28.2559 -28
1284300 -27.8932 -28
1284400 -27.7089 -28
1284500 -27.7714 -28
1284600 -27.849 -28
1284700 -27.9476 -28
1284800 -27.7621 -28
1284900 -27.4264 -28
1285000 -27.514 -28
1285100 -27.6161 -28
1285200 -27.6448 -28
1285300 -27.5662 -28
1285400 -27.6471 -28
1285500 -27.8111 -28
1285600 -27.6704 -28
1285700 -27.5028 -28
1285800 -27.5993 -28
1285900 -27.8827 -28
1286000 -28.2878 -28
1286100 -28.4263 -28
1286200 -28.2963 -28
1286300 -28.1321 -28
1286400 -27.9403 -28
1286500 -27.9459 -28
1286600 -27.889 -28
1286700 -27.8672 -28
1286800 -27.7683 -28
1286900 -27.9265 -28
1287000 -28.4001 -28
1287100 -28.5058 -28
1287200 -28.2765 -28
1287300 -28.0101 -28
1287400 -27.522 -28
1287500 -27.1666 -28
1287600 -27.0871 -28
1287700 -27.186 -28
1287800 -27.3683 -28
1287900 -27.8148 -28
1288000 -28.0922 -28
1288100 -28.4017 -28
1288200 -28.5628 -28
1288300 -28.3916 -28
1288400 -28.1821 -28
1288500 -28.1143 -28
1288600 -27.8268 -28
1288700 -27.5195 -28
1288800 -27.4402 -28
1288900 -27.6886 -28
1289000 -28.0452 -28
1289100 -28.1077 -28
1289200 -28.1068 -28
1289300 -27.9192 -28
1289400 -27.652 -28
1289500 -27.5015 -28
1289600 -27.6872 -28
1289700 -28.1053 -28
1289800 -28.2416 -28
1289900 -28.2822 -28
1290000 -28.0964 -28
1290100 -27.9336 -28
1290200 -27.6455 -28
1290300 -27.3937 -28
1290400 -27.5501 -28
1290500 -27.7516 -28
1290600 -28.0394 -28
1290700 -28.4561 -28
1290800 -28.6331 -28
1290900 -28.4457 -28
1291000 -28.1085 -28
1291100 -27.8263 -28
1291200 -27.6791 -28
1291300 -27.8788 -28
1291400 -28.2038 -28
1291500 -28.4485 -28
1291600 -28.6818 -28
1291700 -28.6273 -28
1291800 -28.3734 -28
1291900 -27.9342 -28
1292000 -27.3116 -28
1292100 -26.8365 -28
1292200 -26.757 -28
1292300 -27.2334 -28
1292400 -28.0967 -28
1292500 -28.6385 -28
1292600 -28.5902 -28
1292700 -28.0976 -28
1292800 -27.8081 -28
1292900 -27.7764 -28
1293000 -27.9254 -28
1293100 -28.0799 -28
1293200 -28.138 -28
1293300 -27.9751 -28
1293400 -27.6517 -28
1293500 -27.4734 -28
1293600 -27.6541 -28
1293700 -28.1931 -28
1293800 -28.3601 -28
1293900 -28.2686 -28
1294000 -28.2424 -28
1294100 -28.1326 -28
1294200 -28.0581 -28
1294300 -28.0842 -28
1294400 -28.1425 -28
1294500 -28.3437 -28
1294600 -28.441 -28
1294700 -28.0554 -28
1294800 -27.6685 -28
1294900 -27.6953 -28
1295000 -28.0476 -28
1295100 -28.3171 -28
1295200 -28.2694 -28
1295300 -28.1463 -28
1295400 -28.2588 -28
1295500 -28.2486 -28
1295600 -28.0724 -28
1295700 -27.9015 -28
1295800 -27.7941 -28
1295900 -27.8662 -28
1296000 -28.0924 -28
1296100 -27.9908 -28
1296200 -27.5801 -28
1296300 -27.218 -28
1296400 -27.2865 -28
1296500 -27.7653 -28
1296600 -28.2503 -28
1296700 -28.3802 -28
1296800 -28.0431 -28
1296900 -27.3833 -28
1297000 -27.1716 -28
1297100 -27.2393 -28
1297200 -27.3962 -28
1297300 -27.5338 -28
1297400 -27.728 -28
1297500 -28.0889 -28
1297600 -28.2378 -28
1297700 -28.2629 -28
1297800 -28.1754 -28
1297900 -28.0825 -28
1298000 -28.1847 -28
1298100 -28.1747 -28
1298200 -28.309 -28
1298300 -28.0816 -28
1298400 -27.6532 -28
1298500 -27.4944 -28
1298600 -27.8387 -28
1298700 -28.3915 -28
1298800 -28.6076 -28
1298900 -28.4215 -28
1299000 -28.1588 -28
1299100 -27.8437 -28
1299200 -27.7869 -28
1299300 -27.7573 -28
1299400 -28.0894 -28
1299500 -28.4373 -28
1299600 -28.4698 -28
1299700 -28.2812 -28
1299800 -27.9439 -28
1299900 -27.6506 -28
1300000 -27.8105 -28
1300100 -28.0492 -28
1300200 -28.2954 -28
1300300 -28.6861 -28
1300400 -28.8213 -28
1300500 -28.4734 -28
1300600 -28.1212 -28
1300700 -27.6462 -28
1300800 -27.2582 -28
1300900 -27.4621 -28
1301000 -27.7562 -28
1301100 -27.9956 -28
1301200 -28.0835 -28
1301300 -28.0316 -28
1301400 -28.4268 -28
1301500 -28.646 -28
1301600 -28.5466 -28
1301700 -28.15 -28
1301800 -27.8545 -28
1301900 -27.5746 -28
1302000 -27.5422 -28
1302100 -27.8468 -28
1302200 -27.8634 -28
1302300 -27.4765 -28
1302400 -27.1708 -28
1302500 -27.3845 -28
1302600 -27.6983 -28
1302700 -28.0304 -28
1302800 -28.3641 -28
1302900 -28.3969 -28
1303000 -28.3117 -28
1303100 -28.2703 -28
1303200 -28.2093 -28
1303300 -27.9848 -28
1303400 -27.8286 -28
1303500 -27.9454 -28
1303600 -27.9844 -28
1303700 -28.0147 -28
1303800 -28.0909 -28
1303900 -28.0643 -28
1304000 -27.9121 -28
1304100 -27.6894 -28
1304200 -27.521 -28
1304300 -27.3631 -28
1304400 -27.6 -28
1304500 -28.1038 -28
1304600 -28.5759 -28
1304700 -28.5022 -28
1304800 -28.315 -28
1304900 -28.0122 -28
1305000 -27.6751 -28
1305100 -27.6521 -28
1305200 -27.7971 -28
1305300 -27.8734 -28
1305400 -27.9062 -28
1305500 -27.9356 -28
1305600 -27.7442 -28
1305700 -27.4257 -28
1305800 -27.5103 -28
1305900 -27.8452 -28
1306000 -28.1639 -28
1306100 -28.3552 -28
1306200 -28.37 -28
1306300 -28.3062 -28
1306400 -28.1036 -28
1306500 -27.7693 -28
1306600 -27.2276 -28
1306700 -27.0492 -28
1306800 -27.4966 -28
1306900 -28.0609 -28
1307000 -28.3259 -28
1307100 -28.1697 -28
1307200 -27.8748 -28
1307300 -27.7335 -28
1307400 -27.7126 -28
1307500 -27.8174 -28
1307600 -27.9169 -28
1307700 -28.2505 -28
1307800 -28.1705 -28
1307900 -27.7537 -28
1308000 -27.6213 -28
1308100 -28.0207 -28
1308200 -28.3501 -28
1308300 -28.4901 -28
1308400 -28.4149 -28
1308500 -28.4056 -28
1308600 -28.2352 -28
1308700 -27.8615 -28
1308800 -27.4543 -28
1308900 -27.4787 -28
1309000 -27.7047 -28
1309100 -27.8441 -28
1309200 -27.6561 -28
1309300 -27.7874 -28
1309400 -27.7268 -28
1309500 -27.45 -28
1309600 -27.6034 -28
1309700 -27.9577 -28
1309800 -28.3071 -28
1309900 -28.5125 -28
1310000 -28.5615 -28
1310100 -28.3413 -28
1310200 -28.1701 -28
1310300 -27.7103 -28
1310400 -27.2261 -28
1310500 -27.2185 -28
1310600 -27.3944 -28
1310700 -27.5569 -28
1310800 -27.8918 -28
1310900 -28.2477 -28
1311000 -28.3151 -28
1311100 -28.1275 -28
1311200 -27.9 -28
1311300 -27.6889 -28
1311400 -27.4458 -28
1311500 -27.4685 -28
1311600 -27.4603 -28
1311700 -27.6775 -28
1311800 -27.9486 -28
1311900 -28.2906 -28
1312000 -28.4597 -28
1312100 -28.3097 -28
1312200 -28.0081 -28
1312300 -27.6673 -28
1312400 -27.3469 -28
1312500 -27.5066 -28
1312600 -28.1801 -28
1312700 -28.6231 -28
1312800 -28.6044 -28
1312900 -28.473 -28
1313000 -28.2095 -28
1313100 -27.9601 -28
1313200 -27.8385 -28
1313300 -28.052 -28
1313400 -28.3784 -28
1313500 -28.3889 -28
1313600 -28.2664 -28
1313700 -28.0727 -28
1313800 -27.8194 -28
1313900 -27.7625 -28
1314000 -27.8385 -28
1314100 -27.9873 -28
1314200 -27.7935 -28
1314300 -27.6043 -28
1314400 -27.764 -28
1314500 -27.9598 -28
1314600 -28.2803 -28
1314700 -28.4018 -28
1314800 -28.1033 -28
1314900 -27.8855 -28
1315000 -27.5112 -28
1315100 -27.3052 -28
1315200 -27.2448 -28
1315300 -27.5848 -28
1315400 -28.1342 -28
1315500 -28.6235 -28
1315600 -28.6882 -28
1315700 -28.0629 -28
1315800 -27.3629 -28
1315900 -27.2319 -28
1316000 -27.5528 -28
1316100 -28.1914 -28
1316200 -28.4409 -28
1316300 -28.3399 -28
1316400 -28.0876 -28
1316500 -27.4999 -28
1316600 -27.1501 -28
1316700 -27.1926 -28
1316800 -27.615 -28
1316900 -28.315 -28
1317000 -28.7628 -28
1317100 -28.6149 -28
1317200 -28.1678 -28
1317300 -27.6886 -28
1317400 -27.374 -28
1317500 -27.5102 -28
1317600 -27.8879 -28
1317700 -28.2164 -28
1317800 -28.3859 -28
1317900 -28.3477 -28
1318000 -28.1533 -28
1318100 -27.9179 -28
1318200 -27.5392 -28
1318300 -27.4343 -28
1318400 -27.8594 -28
1318500 -28.4198 -28
1318600 -28.7758 -28
1318700 -28.6728 -28
1318800 -28.2857 -28
1318900 -27.7763 -28
1319000 -27.3402 -28
1319100 -27.5053 -28
1319200 -28.09 -28
1319300 -28.4868 -28
1319400 -28.5029 -28
1319500 -28.3152 -28
1319600 -27.7921 -28
1319700 -27.752 -28
1319800 -28.0539 -28
1319900 -28.0207 -28
1320000 -27.9641 -28
1320100 -27.9811 -28
1320200 -28.0373 -28
1320300 -28.2174 -28
1320400 -28.287 -28
1320500 -28.3526 -28
1320600 -28.4607 -28
1320700 -28.3494 -28
1320800 -28.2144 -28
1320900 -27.9294 -28
1321000 -27.985 -28
1321100 -28.0903 -28
1321200 -28.181 -28
1321300 -28.2559 -28
1321400 -28.469 -28
1321500 -28.7017 -28
1321600 -28.6178 -28
1321700 -28.2673 -28
1321800 -28.0512 -28
1321900 -27.7722 -28
1322000 -27.5648 -28
1322100 -27.219 -28
1322200 -27.3229 -28
1322300 -28.0405 -28
1322400 -28.7622 -28
1322500 -29.0585 -28
1322600 -28.4418 -28
1322700 -27.9279 -28
1322800 -27.6685 -28
1322900 -27.5282 -28
1323000 -27.4353 -28
1323100 -27.3971 -28
1323200 -27.5239 -28
1323300 -27.8415 -28
1323400 -28.4006 -28
1323500 -28.6622 -28
1323600 -28.5061 -28
1323700 -28.0602 -28
1323800 -27.7307 -28
1323900 -27.6056 -28
1324000 -27.5141 -28
1324100 -27.3466 -28
1324200 -27.3521 -28
1324300 -27.7697 -28
1324400 -28.0668 -28
1324500 -28.4359 -28
1324600 -28.6046 -28
1324700 -28.4496 -28
1324800 -28.2454 -28
1324900 -28.0268 -28
1325000 -27.6572 -28
1325100 -27.5768 -28
1325200 -27.6344 -28
1325300 -28.0187 -28
1325400 -28.3421 -28
1325500 -28.4509 -28
1325600 -28.2572 -28
1325700 -28.0103 -28
1325800 -27.7414 -28
1325900 -27.7124 -28
1326000 -28.0361 -28
1326100 -28.1582 -28
1326200 -28.0789 -28
1326300 -28.0879 -28
1326400 -27.9922 -28
1326500 -27.9207 -28
1326600 -27.9181 -28
1326700 -28.001 -28
1326800 -27.9583 -28
1326900 -28.0122 -28
1327000 -28.1769 -28
1327100 -28.1474 -28
1327200 -28.0109 -28
1327300 -28.143 -28
1327400 -28.2678 -28
1327500 -28.4056 -28
1327600 -28.1964 -28
1327700 -27.8417 -28
1327800 -27.595 -28
1327900 -27.6683 -28
1328000 -27.95 -28
1328100 -28.3215 -28
1328200 -28.7141 -28
1328300 -28.6785 -28
1328400 -28.619 -28
1328500 -28.1397 -28
1328600 -27.7728 -28
1328700 -27.8531 -28
1328800 -27.8393 -28
1328900 -27.7027 -28
1329000 -27.7992 -28
1329100 -28.2706 -28
1329200 -28.4274 -28
1329300 -27.9573 -28
1329400 -27.2361 -28
1329500 -27.2674 -28
1329600 -27.8172 -28
1329700 -28.218 -28
1329800 -28.0287 -28
1329900 -27.8804 -28
1330000 -28.0865 -28
1330100 -28.4363 -28
1330200 -28.5977 -28
1330300 -28.4942 -28
1330400 -28.2776 -28
1330500 -28.1354 -28
1330600 -28.0465 -28
1330700 -27.8487 -28
1330800 -27.5861 -28
1330900 -27.4984 -28
1331000 -27.4397 -28
1331100 -27.5635 -28
1331200 -27.9743 -28
1331300 -28.5569 -28
1331400 -28.8541 -28
1331500 -28.4957 -28
1331600 -27.8513 -28
1331700 -27.3525 -28
1331800 -27.3305 -28
1331900 -27.6871 -28
1332000 -27.9674 -28
1332100 -28.135 -28
1332200 -28.1026 -28
1332300 -27.8334 -28
1332400 -27.5888 -28
1332500 -27.6176 -28
1332600 -27.9586 -28
1332700 -28.2008 -28
1332800 -28.0875 -28
1332900 -28.0374 -28
1333000 -28.002 -28
1333100 -27.8373 -28
1333200 -27.7179 -28
1333300 -27.6086 -28
1333400 -27.603 -28
1333500 -27.7905 -28
1333600 -27.8913 -28
1333700 -27.9578 -28
1333800 -28.0021 -28
1333900 -28.1232 -28
1334000 -28.1786 -28
1334100 -28.0247 -28
1334200 -27.7968 -28
1334300 -27.5696 -28
1334400 -27.8436 -28
1334500 -28.2143 -28
1334600 -28.3336 -28
1334700 -28.0077 -28
1334800 -27.7005 -28
1334900 -27.9046 -28
1335000 -28.1931 -28
1335100 -28.4205 -28
1335200 -28.3777 -28
1335300 -28.1409 -28
1335400 -28.0015 -28
1335500 -27.865 -28
1335600 -27.7698 -28
1335700 -28.1542 -28
1335800 -28.5156 -28
1335900 -28.3851 -28
1336000 -28.1028 -28
1336100 -27.8379 -28
1336200 -27.955 -28
1336300 -28.1963 -28
1336400 -28.4989 -28
1336500 -28.5474 -28
1336600 -28.3558 -28
1336700 -28.1052 -28
1336800 -27.9205 -28
1336900 -28.1535 -28
1337000 -28.6274 -28
1337100 -28.8404 -28
1337200 -28.7598 -28
1337300 -28.5239 -28
1337400 -28.3761 -28
1337500 -28.0347 -28
1337600 -27.7818 -28
1337700 -27.6394 -28
1337800 -27.836 -28
1337900 -28.2462 -28
1338000 -28.499 -28
1338100 -28.6115 -28
1338200 -28.6641 -28
1338300 -28.4251 -28
1338400 -27.9915 -28
1338500 -27.8807 -28
1338600 -28.2299 -28
1338700 -28.5162 -28
1338800 -28.6547 -28
1338900 -28.5632 -28
1339000 -28.2616 -28
1339100 -28.1866 -28
1339200 -27.9431 -28
1339300 -27.5911 -28
1339400 -27.3208 -28
1339500 -27.6363 -28
1339600 -28.352 -28
1339700 -28.9319 -28
1339800 -28.7592 -28
1339900 -28.1597 -28
1340000 -27.8439 -28
1340100 -27.5632 -28
1340200 -27.5955 -28
1340300 -27.537 -28
1340400 -27.4841 -28
1340500 -27.5835 -28
1340600 -27.9314 -28
1340700 -28.2921 -28
1340800 -28.5501 -28
1340900 -28.5141 -28
1341000 -28.1959 -28
1341100 -27.7076 -28
1341200 -27.2961 -28
1341300 -27.4344 -28
1341400 -27.8359 -28
1341500 -28.3405 -28
1341600 -28.5859 -28
1341700 -28.208 -28
1341800 -27.6925 -28
1341900 -27.3234 -28
1342000 -27.1397 -28
1342100 -27.2873 -28
1342200 -27.7741 -28
1342300 -28.2434 -28
1342400 -28.5218 -28
1342500 -28.4867 -28
1342600 -28.0073 -28
1342700 -27.626 -28
1342800 -27.5737 -28
1342900 -27.661 -28
1343000 -27.9577 -28
1343100 -28.2512 -28
1343200 -28.5403 -28
1343300 -28.5403 -28
1343400 -28.1388 -28
1343500 -27.621 -28
1343600 -27.3792 -28
1343700 -27.5919 -28
1343800 -27.855 -28
1343900 -27.9657 -28
1344000 -28.1616 -28
1344100 -28.2463 -28
1344200 -28.3524 -28
1344300 -28.2897 -28
1344400 -28.1816 -28
1344500 -27.9265 -28
1344600 -27.7461 -28
1344700 -27.545 -28
1344800 -27.3556 -28
1344900 -27.2954 -28
1345000 -27.6738 -28
1345100 -28.2943 -28
1345200 -28.6841 -28
1345300 -28.5155 -28
1345400 -28.0783 -28
1345500 -27.8704 -28
1345600 -27.5533 -28
1345700 -27.6786 -28
1345800 -27.8326 -28
1345900 -27.9549 -28
1346000 -28.0358 -28
1346100 -28.2152 -28
1346200 -28.1983 -28
1346300 -28.0263 -28
1346400 -27.8382 -28
1346500 -27.7539 -28
1346600 -27.8036 -28
1346700 -28.1231 -28
1346800 -28.5078 -28
1346900 -28.4442 -28
1347000 -28.1986 -28
1347100 -28.0734 -28
1347200 -28.0078 -28
1347300 -28.1471 -28
1347400 -28.3439 -28
1347500 -28.491 -28
1347600 -28.4936 -28
1347700 -28.3357 -28
1347800 -27.9523 -28
1347900 -27.502 -28
1348000 -27.5388 -28
1348100 -27.7245 -28
1348200 -27.8596 -28
1348300 -27.9999 -28
1348400 -28.1107 -28
1348500 -28.1674 -28
1348600 -28.0761 -28
1348700 -27.8999 -28
1348800 -27.8114 -28
1348900 -27.7958 -28
1349000 -28.0475 -28
1349100 -28.2534 -28
1349200 -28.246 -28
1349300 -28.2741 -28
1349400 -28.2169 -28
1349500 -28.0059 -28
1349600 -28.0171 -28
1349700 -28.5543 -28
1349800 -28.7907 -28
1349900 -28.3321 -28
1350000 -27.7097 -28
1350100 -27.4724 -28
1350200 -27.6059 -28
1350300 -27.8336 -28
1350400 -28.0589 -28
1350500 -28.243 -28
1350600 -28.2544 -28
1350700 -28.1223 -28
1350800 -28.2801 -28
1350900 -28.4974 -28
1351000 -28.2384 -28
1351100 -27.7356 -28
1351200 -27.5396 -28
1351300 -27.6051 -28
1351400 -28.0845 -28
1351500 -28.4581 -28
1351600 -28.5799 -28
1351700 -28.1286 -28
1351800 -27.6584 -28
1351900 -27.7162 -28
1352000 -27.8488 -28
1352100 -28.0641 -28
1352200 -28.1441 -28
1352300 -27.9681 -28
1352400 -27.8417 -28
1352500 -27.858 -28
1352600 -28.1014 -28
1352700 -28.4575 -28
1352800 -28.9407 -28
1352900 -29.216 -28
1353000 -28.8218 -28
1353100 -27.9578 -28
1353200 -27.372 -28
1353300 -27.2778 -28
1353400 -27.6897 -28
1353500 -28.3909 -28
1353600 -28.6328 -28
1353700 -28.3668 -28
1353800 -27.902 -28
1353900 -27.7166 -28
1354000 -27.6807 -28
1354100 -27.7522 -28
1354200 -28.0156 -28
1354300 -28.1847 -28
1354400 -28.104 -28
1354500 -27.8387 -28
1354600 -27.4553 -28
1354700 -27.2541 -28
1354800 -27.4191 -28
1354900 -27.7129 -28
1355000 -27.7984 -28
1355100 -27.8187 -28
1355200 -27.8889 -28
1355300 -27.8798 -28
1355400 -27.916 -28
1355500 -28.1807 -28
1355600 -28.1517 -28
1355700 -28.0401 -28
1355800 -27.962 -28
1355900 -27.7514 -28
1356000 -27.7534 -28
1356100 -27.8656 -28
1356200 -27.8209 -28
1356300 -27.488 -28
1356400 -27.1657 -28
1356500 -27.1422 -28
1356600 -27.5845 -28
1356700 -28.3609 -28
1356800 -28.7206 -28
1356900 -28.4994 -28
1357000 -28.2885 -28
1357100 -28.0203 -28
1357200 -28.0657 -28
1357300 -28.2539 -28
1357400 -28.396 -28
1357500 -28.6056 -28
1357600 -28.34 -28
1357700 -27.7129 -28
1357800 -27.5231 -28
1357900 -27.8539 -28
1358000 -28.3554 -28
1358100 -28.5644 -28
1358200 -28.3655 -28
1358300 -28.252 -28
1358400 -28.1421 -28
1358500 -28.4206 -28
1358600 -28.5297 -28
1358700 -28.2324 -28
1358800 -27.9422 -28
1358900 -27.8589 -28
1359000 -27.9981 -28
1359100 -27.9697 -28
1359200 -27.7895 -28
1359300 -27.7803 -28
1359400 -27.8748 -28
1359500 -28.2903 -28
1359600 -28.585 -28
1359700 -28.4761 -28
1359800 -28.2434 -28
1359900 -27.9987 -28
1360000 -27.5818 -28
1360100 -27.6808 -28
1360200 -28.0257 -28
1360300 -28.294 -28
1360400 -28.4037 -28
1360500 -28.1878 -28
1360600 -28.0514 -28
1360700 -27.9536 -28
1360800 -27.8979 -28
1360900 -28.0992 -28
1361000 -28.2328 -28
1361100 -28.1554 -28
1361200 -27.7822 -28
1361300 -27.3574 -28
1361400 -27.5729 -28
1361500 -28.1028 -28
1361600 -28.2996 -28
1361700 -28.105 -28
1361800 -28.1054 -28
1361900 -28.3041 -28
1362000 -28.3777 -28
1362100 -28.3246 -28
1362200 -28.3204 -28
1362300 -28.2376 -28
1362400 -27.9444 -28
1362500 -27.8366 -28
1362600 -27.916 -28
1362700 -27.6736 -28
1362800 -27.3247 -28
1362900 -27.2278 -28
1363000 -27.5712 -28
1363100 -28.0045 -28
1363200 -28.3242 -28
1363300 -28.1957 -28
1363400 -28.0825 -28
1363500 -27.9818 -28
1363600 -27.8681 -28
1363700 -27.679 -28
1363800 -27.5265 -28
1363900 -27.6496 -28
1364000 -27.8425 -28
1364100 -27.9423 -28
1364200 -28.0719 -28
1364300 -27.9127 -28
1364400 -27.7445 -28
1364500 -27.8282 -28
1364600 -27.8458 -28
1364700 -27.8749 -28
1364800 -28.0044 -28
1364900 -28.0892 -28
1365000 -28.2015 -28
1365100 -28.1043 -28
1365200 -28.0408 -28
1365300 -27.7606 -28
1365400 -27.6102 -28
1365500 -27.4968 -28
1365600 -27.6479 -28
1365700 -28.0352 -28
1365800 -28.4329 -28
1365900 -28.7472 -28
1366000 -28.7225 -28
1366100 -28.2874 -28
1366200 -27.5761 -28
1366300 -27.235 -28
1366400 -27.2575 -28
1366500 -27.6149 -28
1366600 -28.1631 -28
1366700 -28.5802 -28
1366800 -28.4563 -28
1366900 -28.1519 -28
1367000 -28.0749 -28
1367100 -27.785 -28
1367200 -27.4143 -28
1367300 -27.3095 -28
1367400 -27.3564 -28
1367500 -27.2895 -28
1367600 -27.3282 -28
1367700 -27.8253 -28
1367800 -28.2586 -28
1367900 -28.3152 -28
1368000 -27.9987 -28
1368100 -27.8214 -28
1368200 -27.9145 -28
1368300 -28.1115 -28
1368400 -27.9417 -28
1368500 -27.6644 -28
1368600 -27.5146 -28
1368700 -27.5049 -28
1368800 -27.4822 -28
1368900 -27.6276 -28
1369000 -27.7092 -28
1369100 -27.9384 -28
1369200 -28.1009 -28
1369300 -28.1723 -28
1369400 -28.3014 -28
1369500 -28.3978 -28
1369600 -28.3538 -28
1369700 -28.256 -28
1369800 -28.1163 -28
1369900 -27.9465 -28
1370000 -27.7941 -28
