# Time-averaged data for fix myat1
# TimeStep v_xave v_xdes
1510100 -24.3775 -24
1510200 -24.7105 -24
1510300 -24.2618 -24
1510400 -23.7766 -24
1510500 -23.8157 -24
1510600 -24.1797 -24
1510700 -24.4033 -24
1510800 -24.4928 -24
1510900 -24.3625 -24
1511000 -24.1492 -24
1511100 -23.8977 -24
1511200 -23.7612 -24
1511300 -23.8873 -24
1511400 -24.1454 -24
1511500 -24.5636 -24
1511600 -24.9214 -24
1511700 -24.7754 -24
1511800 -24.4483 -24
1511900 -23.9428 -24
1512000 -23.4792 -24
1512100 -23.2374 -24
1512200 -23.3146 -24
1512300 -23.6855 -24
1512400 -24.3069 -24
1512500 -24.8267 -24
1512600 -24.9248 -24
1512700 -24.5434 -24
1512800 -24.1311 -24
1512900 -23.9671 -24
1513000 -24.0289 -24
1513100 -24.1828 -24
1513200 -24.3075 -24
1513300 -24.2792 -24
1513400 -24.1455 -24
1513500 -24.1386 -24
1513600 -24.1565 -24
1513700 -24.1132 -24
1513800 -24.0222 -24
1513900 -23.9041 -24
1514000 -23.7609 -24
1514100 -23.8443 -24
1514200 -23.8027 -24
1514300 -23.7165 -24
1514400 -23.6838 -24
1514500 -24.0015 -24
1514600 -24.4302 -24
1514700 -24.8362 -24
1514800 -24.2832 -24
1514900 -23.1482 -24
1515000 -22.7655 -24
1515100 -23.249 -24
1515200 -24.195 -24
1515300 -24.8572 -24
1515400 -24.9444 -24
1515500 -24.6138 -24
1515600 -24.34 -24
1515700 -23.9638 -24
1515800 -23.3221 -24
1515900 -23.0927 -24
1516000 -23.1804 -24
1516100 -23.4767 -24
1516200 -23.9503 -24
1516300 -24.2698 -24
1516400 -24.5413 -24
1516500 -24.629 -24
1516600 -24.5028 -24
1516700 -24.1811 -24
1516800 -23.8311 -24
1516900 -23.5867 -24
1517000 -23.5987 -24
1517100 -23.8041 -24
1517200 -24.1886 -24
1517300 -24.283 -24
1517400 -23.9154 -24
1517500 -23.335 -24
1517600 -22.9282 -24
1517700 -23.066 -24
1517800 -23.8127 -24
1517900 -24.6376 -24
1518000 -24.9774 -24
1518100 -24.8272 -24
1518200 -24.3099 -24
1518300 -23.679 -24
1518400 -23.2574 -24
1518500 -23.0071 -24
1518600 -23.0447 -24
1518700 -23.649 -24
1518800 -24.1681 -24
1518900 -24.5104 -24
1519000 -24.5727 -24
1519100 -24.4939 -24
1519200 -24.3045 -24
1519300 -24.2406 -24
1519400 -24.1202 -24
1519500 -24.0019 -24
1519600 -24.1927 -24
1519700 -24.4443 -24
1519800 -24.4758 -24
1519900 -24.3593 -24
1520000 -24.2838 -24
1520100 -24.3077 -24
1520200 -24.4053 -24
1520300 -24.346 -24
1520400 -24.0871 -24
1520500 -23.8696 -24
1520600 -23.7823 -24
1520700 -24.0046 -24
1520800 -24.3699 -24
1520900 -24.8877 -24
1521000 -25.1716 -24
1521100 -24.8407 -24
1521200 -24.5681 -24
1521300 -24.299 -24
1521400 -23.8763 -24
1521500 -23.7104 -24
1521600 -23.8594 -24
1521700 -24.1931 -24
1521800 -24.5475 -24
1521900 -24.5793 -24
1522000 -24.1537 -24
1522100 -23.6236 -24
1522200 -23.4767 -24
1522300 -23.6152 -24
1522400 -24.0477 -24
1522500 -24.5627 -24
1522600 -24.7172 -24
1522700 -24.6212 -24
1522800 -24.2816 -24
1522900 -23.693 -24
1523000 -23.152 -24
1523100 -23.2453 -24
1523200 -23.8051 -24
1523300 -24.2349 -24
1523400 -24.3239 -24
1523500 -24.2332 -24
1523600 -24.2133 -24
1523700 -23.9953 -24
1523800 -23.7943 -24
1523900 -23.851 -24
1524000 -23.886 -24
1524100 -24.0248 -24
1524200 -24.441 -24
1524300 -24.6881 -24
1524400 -24.3071 -24
1524500 -23.6207 -24
1524600 -23.345 -24
1524700 -23.5034 -24
1524800 -24.0673 -24
1524900 -24.5921 -24
1525000 -24.6909 -24
1525100 -24.5525 -24
1525200 -24.308 -24
1525300 -24.0993 -24
1525400 -23.9952 -24
1525500 -24.0523 -24
1525600 -24.0661 -24
1525700 -24.2107 -24
1525800 -24.2915 -24
1525900 -24.0889 -24
1526000 -23.5852 -24
1526100 -23.3576 -24
1526200 -23.4495 -24
1526300 -23.7512 -24
1526400 -24.0721 -24
1526500 -23.9872 -24
1526600 -23.7099 -24
1526700 -23.6008 -24
1526800 -23.6324 -24
1526900 -23.6743 -24
1527000 -23.9117 -24
1527100 -24.2443 -24
1527200 -24.5994 -24
1527300 -24.6417 -24
1527400 -24.3547 -24
1527500 -24.1002 -24
1527600 -24.0161 -24
1527700 -24.0584 -24
1527800 -23.9976 -24
1527900 -23.7539 -24
1528000 -23.2942 -24
1528100 -23.4674 -24
1528200 -24.0075 -24
1528300 -24.6511 -24
1528400 -24.8201 -24
1528500 -24.3785 -24
1528600 -23.7413 -24
1528700 -23.3583 -24
1528800 -23.4209 -24
1528900 -23.8909 -24
1529000 -24.2998 -24
1529100 -24.4839 -24
1529200 -24.6629 -24
1529300 -24.7914 -24
1529400 -24.4801 -24
1529500 -23.8623 -24
1529600 -23.7469 -24
1529700 -24.0402 -24
1529800 -24.4866 -24
1529900 -24.746 -24
1530000 -24.7795 -24
1530100 -24.4763 -24
1530200 -24.2346 -24
1530300 -23.9873 -24
1530400 -23.7045 -24
1530500 -23.6645 -24
1530600 -23.8804 -24
1530700 -24.1939 -24
1530800 -24.1481 -24
1530900 -24.1248 -24
1531000 -23.8725 -24
1531100 -23.8284 -24
1531200 -24.2176 -24
1531300 -24.5749 -24
1531400 -24.4368 -24
1531500 -24.0343 -24
1531600 -23.7368 -24
1531700 -23.7972 -24
1531800 -23.8771 -24
1531900 -23.8008 -24
1532000 -24.0442 -24
1532100 -24.297 -24
1532200 -24.5668 -24
1532300 -24.5679 -24
1532400 -24.1234 -24
1532500 -23.6308 -24
1532600 -23.5671 -24
1532700 -23.6654 -24
1532800 -23.9686 -24
1532900 -24.0325 -24
1533000 -24.1365 -24
1533100 -24.0639 -24
1533200 -23.9604 -24
1533300 -23.9138 -24
1533400 -23.8822 -24
1533500 -23.745 -24
1533600 -23.4831 -24
1533700 -23.8408 -24
1533800 -24.301 -24
1533900 -24.535 -24
1534000 -24.4186 -24
1534100 -24.0065 -24
1534200 -23.7145 -24
1534300 -24.0977 -24
1534400 -24.6429 -24
1534500 -24.7899 -24
1534600 -24.5382 -24
1534700 -23.9613 -24
1534800 -23.5735 -24
1534900 -23.5026 -24
1535000 -23.6202 -24
1535100 -23.9565 -24
1535200 -24.0989 -24
1535300 -24.117 -24
1535400 -24.2007 -24
1535500 -24.2525 -24
1535600 -24.1109 -24
1535700 -23.9794 -24
1535800 -23.853 -24
1535900 -24.1162 -24
1536000 -24.3813 -24
1536100 -24.6305 -24
1536200 -24.3255 -24
1536300 -23.6455 -24
1536400 -23.1391 -24
1536500 -22.9233 -24
1536600 -23.0181 -24
1536700 -23.4703 -24
1536800 -24.1194 -24
1536900 -24.6191 -24
1537000 -24.7067 -24
1537100 -24.2423 -24
1537200 -23.7988 -24
1537300 -23.7243 -24
1537400 -24.0025 -24
1537500 -24.4398 -24
1537600 -24.6105 -24
1537700 -24.5027 -24
1537800 -24.3359 -24
1537900 -24.0914 -24
1538000 -23.9799 -24
1538100 -23.9741 -24
1538200 -23.8113 -24
1538300 -23.7683 -24
1538400 -23.9973 -24
1538500 -24.1891 -24
1538600 -24.0261 -24
1538700 -23.9863 -24
1538800 -24.2628 -24
1538900 -24.0752 -24
1539000 -23.6235 -24
1539100 -23.1691 -24
1539200 -23.2488 -24
1539300 -23.7343 -24
1539400 -24.2733 -24
1539500 -24.472 -24
1539600 -24.2586 -24
1539700 -23.8687 -24
1539800 -23.6575 -24
1539900 -23.6228 -24
1540000 -23.7207 -24
1540100 -23.9066 -24
1540200 -24.4472 -24
1540300 -25.0374 -24
1540400 -25.1081 -24
1540500 -24.6595 -24
1540600 -23.8217 -24
1540700 -23.043 -24
1540800 -23.0081 -24
1540900 -23.574 -24
1541000 -24.0443 -24
1541100 -24.2873 -24
1541200 -24.2657 -24
1541300 -24.4709 -24
1541400 -24.7354 -24
1541500 -24.3255 -24
1541600 -23.8889 -24
1541700 -23.8641 -24
1541800 -23.9472 -24
1541900 -23.9602 -24
1542000 -24.153 -24
1542100 -24.3047 -24
1542200 -24.1876 -24
1542300 -24.1937 -24
1542400 -24.3849 -24
1542500 -24.2828 -24
1542600 -24.2013 -24
1542700 -24.1199 -24
1542800 -24.0865 -24
1542900 -24.162 -24
1543000 -24.1582 -24
1543100 -23.8848 -24
1543200 -23.8839 -24
1543300 -24.1482 -24
1543400 -24.5737 -24
1543500 -24.6294 -24
1543600 -24.1221 -24
1543700 -23.7025 -24
1543800 -23.5554 -24
1543900 -23.5452 -24
1544000 -23.552 -24
1544100 -23.7898 -24
1544200 -24.0453 -24
1544300 -24.0818 -24
1544400 -23.8535 -24
1544500 -23.6753 -24
1544600 -23.3899 -24
1544700 -23.5391 -24
1544800 -23.8779 -24
1544900 -24.0254 -24
1545000 -23.8783 -24
1545100 -24.0599 -24
1545200 -24.338 -24
1545300 -24.2719 -24
1545400 -23.9883 -24
1545500 -23.4224 -24
1545600 -23.1473 -24
1545700 -23.3214 -24
1545800 -23.9067 -24
1545900 -24.3932 -24
1546000 -24.1354 -24
1546100 -23.8272 -24
1546200 -23.8156 -24
1546300 -23.9837 -24
1546400 -23.9746 -24
1546500 -23.8947 -24
1546600 -24.0865 -24
1546700 -24.0951 -24
1546800 -24.0348 -24
1546900 -23.9165 -24
1547000 -23.9203 -24
1547100 -24.0113 -24
1547200 -24.1473 -24
1547300 -24.2191 -24
1547400 -24.3457 -24
1547500 -24.2731 -24
1547600 -24.1829 -24
1547700 -24.0515 -24
1547800 -23.8766 -24
1547900 -23.7114 -24
1548000 -23.7236 -24
1548100 -23.7766 -24
1548200 -23.616 -24
1548300 -23.7033 -24
1548400 -23.8726 -24
1548500 -24.0769 -24
1548600 -24.2477 -24
1548700 -24.2843 -24
1548800 -24.3291 -24
1548900 -24.2228 -24
1549000 -24.1668 -24
1549100 -24.2068 -24
1549200 -24.3516 -24
1549300 -24.1276 -24
1549400 -23.797 -24
1549500 -23.7436 -24
1549600 -23.9153 -24
1549700 -24.1856 -24
1549800 -24.521 -24
1549900 -24.4549 -24
1550000 -24.1974 -24
1550100 -23.9651 -24
1550200 -23.8314 -24
1550300 -23.7599 -24
1550400 -23.8274 -24
1550500 -24.08 -24
1550600 -24.2629 -24
1550700 -24.3594 -24
1550800 -24.2813 -24
1550900 -24.0637 -24
1551000 -24.0149 -24
1551100 -24.1325 -24
1551200 -24.1952 -24
1551300 -23.9648 -24
1551400 -23.7091 -24
1551500 -23.683 -24
1551600 -23.9926 -24
1551700 -24.3678 -24
1551800 -24.4827 -24
1551900 -24.5337 -24
1552000 -24.2369 -24
1552100 -23.881 -24
1552200 -23.8725 -24
1552300 -24.2053 -24
1552400 -24.3311 -24
1552500 -24.2616 -24
1552600 -24.0315 -24
1552700 -23.8765 -24
1552800 -23.8047 -24
1552900 -23.947 -24
1553000 -24.3013 -24
1553100 -24.3435 -24
1553200 -24.268 -24
1553300 -24.2545 -24
1553400 -24.218 -24
1553500 -23.953 -24
1553600 -23.7786 -24
1553700 -23.8711 -24
1553800 -23.9279 -24
1553900 -24.0949 -24
1554000 -24.3624 -24
1554100 -24.5172 -24
1554200 -24.2573 -24
1554300 -23.7434 -24
1554400 -23.4607 -24
1554500 -23.6642 -24
1554600 -23.9616 -24
1554700 -24.2607 -24
1554800 -24.1637 -24
1554900 -23.8521 -24
1555000 -23.8619 -24
1555100 -23.9451 -24
1555200 -23.7627 -24
1555300 -23.633 -24
1555400 -23.7226 -24
1555500 -23.8954 -24
1555600 -24.0338 -24
1555700 -23.9204 -24
1555800 -23.8362 -24
1555900 -23.7172 -24
1556000 -23.5632 -24
1556100 -23.5009 -24
1556200 -23.6559 -24
1556300 -24.1298 -24
1556400 -24.536 -24
1556500 -24.5631 -24
1556600 -24.4205 -24
1556700 -23.7861 -24
1556800 -23.1218 -24
1556900 -22.738 -24
1557000 -23.0175 -24
1557100 -23.8223 -24
1557200 -24.6469 -24
1557300 -24.5722 -24
1557400 -24.0639 -24
1557500 -23.6004 -24
1557600 -23.2782 -24
1557700 -23.1592 -24
1557800 -23.5445 -24
1557900 -24.4257 -24
1558000 -25.3125 -24
1558100 -25.471 -24
1558200 -24.9522 -24
1558300 -24.3292 -24
1558400 -23.7927 -24
1558500 -23.5127 -24
1558600 -23.4155 -24
1558700 -23.6977 -24
1558800 -23.9432 -24
1558900 -24.0341 -24
1559000 -24.0571 -24
1559100 -23.9294 -24
1559200 -23.6159 -24
1559300 -23.5089 -24
1559400 -23.7756 -24
1559500 -24.1095 -24
1559600 -24.1871 -24
1559700 -24.0707 -24
1559800 -23.6679 -24
1559900 -23.4459 -24
1560000 -23.5688 -24
1560100 -23.8168 -24
1560200 -24.0756 -24
1560300 -24.4964 -24
1560400 -24.5815 -24
1560500 -24.3561 -24
1560600 -24.0933 -24
1560700 -23.6705 -24
1560800 -23.2045 -24
1560900 -23.1276 -24
1561000 -23.3109 -24
1561100 -23.8551 -24
1561200 -24.211 -24
1561300 -24.4263 -24
1561400 -24.5011 -24
1561500 -24.2635 -24
1561600 -24.095 -24
1561700 -23.9567 -24
1561800 -23.7266 -24
1561900 -23.728 -24
1562000 -23.9836 -24
1562100 -24.2067 -24
1562200 -24.2565 -24
1562300 -24.2392 -24
1562400 -24.3626 -24
1562500 -24.4559 -24
1562600 -24.1295 -24
1562700 -24.0411 -24
1562800 -24.3166 -24
1562900 -24.1761 -24
1563000 -23.9146 -24
1563100 -23.7049 -24
1563200 -23.4896 -24
1563300 -23.4565 -24
1563400 -23.6713 -24
1563500 -24.2347 -24
1563600 -24.7299 -24
1563700 -24.6268 -24
1563800 -24.4462 -24
1563900 -24.2805 -24
1564000 -23.9507 -24
1564100 -23.87 -24
1564200 -24.0679 -24
1564300 -24.6366 -24
1564400 -24.9261 -24
1564500 -24.6417 -24
1564600 -24.144 -24
1564700 -23.6776 -24
1564800 -23.3349 -24
1564900 -23.35 -24
1565000 -23.5976 -24
1565100 -24.1685 -24
1565200 -24.7048 -24
1565300 -24.3758 -24
1565400 -23.9005 -24
1565500 -23.5879 -24
1565600 -23.3599 -24
1565700 -23.4672 -24
1565800 -23.9696 -24
1565900 -24.477 -24
1566000 -24.4945 -24
1566100 -24.273 -24
1566200 -24.0371 -24
1566300 -23.8504 -24
1566400 -23.5872 -24
1566500 -23.405 -24
1566600 -23.4739 -24
1566700 -23.8942 -24
1566800 -24.3949 -24
1566900 -24.6018 -24
1567000 -24.479 -24
1567100 -24.1441 -24
1567200 -23.748 -24
1567300 -23.6117 -24
1567400 -23.9932 -24
1567500 -24.3047 -24
1567600 -24.172 -24
1567700 -24.2192 -24
1567800 -24.1477 -24
1567900 -24.0955 -24
1568000 -23.7875 -24
1568100 -23.4035 -24
1568200 -23.3791 -24
1568300 -23.523 -24
1568400 -24.0626 -24
1568500 -24.6646 -24
1568600 -24.7438 -24
1568700 -24.3689 -24
1568800 -23.6936 -24
1568900 -23.2059 -24
1569000 -22.914 -24
1569100 -23.026 -24
1569200 -23.2808 -24
1569300 -23.3657 -24
1569400 -23.8174 -24
1569500 -24.2926 -24
1569600 -24.0872 -24
1569700 -23.8266 -24
1569800 -23.8042 -24
1569900 -23.8465 -24
1570000 -23.7135 -24
1570100 -23.6705 -24
1570200 -23.7086 -24
1570300 -24.0578 -24
1570400 -24.2761 -24
1570500 -24.2596 -24
1570600 -24.0474 -24
1570700 -24.0415 -24
1570800 -24.1711 -24
1570900 -24.1062 -24
1571000 -24.2247 -24
1571100 -24.4263 -24
1571200 -24.3039 -24
1571300 -24.2793 -24
1571400 -24.3199 -24
1571500 -24.2094 -24
1571600 -23.9571 -24
1571700 -23.837 -24
1571800 -24.237 -24
1571900 -24.7018 -24
1572000 -24.8601 -24
1572100 -24.6622 -24
1572200 -24.1279 -24
1572300 -23.6259 -24
1572400 -23.5273 -24
1572500 -23.3654 -24
1572600 -23.3761 -24
1572700 -23.7277 -24
1572800 -24.187 -24
1572900 -24.4707 -24
1573000 -24.3013 -24
1573100 -23.9742 -24
1573200 -23.7291 -24
1573300 -23.7492 -24
1573400 -24.1159 -24
1573500 -24.6695 -24
1573600 -24.7683 -24
1573700 -24.2853 -24
1573800 -24.1791 -24
1573900 -24.1961 -24
1574000 -24.1713 -24
1574100 -24.2018 -24
1574200 -24.03 -24
1574300 -23.9738 -24
1574400 -24.206 -24
1574500 -24.3752 -24
1574600 -24.0911 -24
1574700 -23.7958 -24
1574800 -23.7799 -24
1574900 -24.0058 -24
1575000 -23.9001 -24
1575100 -23.6381 -24
1575200 -23.4062 -24
1575300 -23.3995 -24
1575400 -23.7145 -24
1575500 -24.352 -24
1575600 -24.8778 -24
1575700 -25.0458 -24
1575800 -24.8914 -24
1575900 -24.5105 -24
1576000 -24.0233 -24
1576100 -23.7694 -24
1576200 -23.7908 -24
1576300 -24.0091 -24
1576400 -24.301 -24
1576500 -24.4108 -24
1576600 -24.1545 -24
1576700 -23.7447 -24
1576800 -23.4059 -24
1576900 -23.4087 -24
1577000 -23.7744 -24
1577100 -24.1744 -24
1577200 -24.1614 -24
1577300 -23.9298 -24
1577400 -23.9922 -24
1577500 -24.2178 -24
1577600 -24.5555 -24
1577700 -24.6326 -24
1577800 -24.3855 -24
1577900 -24.31 -24
1578000 -24.0519 -24
1578100 -23.9826 -24
1578200 -24.0455 -24
1578300 -24.0874 -24
1578400 -23.9661 -24
1578500 -23.8745 -24
1578600 -24.0897 -24
1578700 -24.4158 -24
1578800 -24.5265 -24
1578900 -24.3423 -24
1579000 -23.8375 -24
1579100 -23.5875 -24
1579200 -23.7008 -24
1579300 -23.8988 -24
1579400 -24.3767 -24
1579500 -24.4579 -24
1579600 -24.043 -24
1579700 -23.8338 -24
1579800 -23.8553 -24
1579900 -23.8203 -24
1580000 -24.0453 -24
1580100 -24.2372 -24
1580200 -24.0812 -24
1580300 -23.9842 -24
1580400 -23.8721 -24
1580500 -23.5574 -24
1580600 -23.5989 -24
1580700 -23.708 -24
1580800 -24.0437 -24
1580900 -24.2278 -24
1581000 -24.172 -24
1581100 -24.0411 -24
1581200 -23.8594 -24
1581300 -23.6803 -24
1581400 -23.6973 -24
1581500 -23.8462 -24
1581600 -23.9051 -24
1581700 -24.0626 -24
1581800 -24.2693 -24
1581900 -24.4886 -24
1582000 -24.2891 -24
1582100 -23.8748 -24
1582200 -23.842 -24
1582300 -23.9866 -24
1582400 -23.8059 -24
1582500 -23.4078 -24
1582600 -23.6435 -24
1582700 -24.2818 -24
1582800 -24.3436 -24
1582900 -24.0365 -24
1583000 -24.031 -24
1583100 -24.1034 -24
1583200 -24.1342 -24
1583300 -24.0954 -24
1583400 -23.8817 -24
1583500 -23.8339 -24
1583600 -23.8847 -24
1583700 -24.0087 -24
1583800 -24.1473 -24
1583900 -24.0728 -24
1584000 -23.9066 -24
1584100 -23.898 -24
1584200 -24.0582 -24
1584300 -24.1007 -24
1584400 -24.2787 -24
1584500 -24.5933 -24
1584600 -24.4911 -24
1584700 -24.017 -24
1584800 -23.5952 -24
1584900 -23.5156 -24
1585000 -23.8297 -24
1585100 -23.8478 -24
1585200 -23.5704 -24
1585300 -23.5603 -24
1585400 -23.8794 -24
1585500 -24.2692 -24
1585600 -24.7854 -24
1585700 -25.1542 -24
1585800 -24.8484 -24
1585900 -24.2881 -24
1586000 -23.785 -24
1586100 -23.3374 -24
1586200 -23.3763 -24
1586300 -23.6014 -24
1586400 -23.6482 -24
1586500 -23.6848 -24
1586600 -23.8568 -24
1586700 -23.9659 -24
1586800 -23.8039 -24
1586900 -23.557 -24
1587000 -23.4848 -24
1587100 -23.7114 -24
1587200 -23.9439 -24
1587300 -24.5316 -24
1587400 -24.952 -24
1587500 -24.7211 -24
1587600 -24.325 -24
1587700 -24.2625 -24
1587800 -24.1924 -24
1587900 -23.8695 -24
1588000 -23.5617 -24
1588100 -23.4281 -24
1588200 -23.3343 -24
1588300 -23.3732 -24
1588400 -23.5371 -24
1588500 -24.0734 -24
1588600 -24.4364 -24
1588700 -24.4856 -24
1588800 -24.2792 -24
1588900 -24.0611 -24
1589000 -23.9821 -24
1589100 -24.0135 -24
1589200 -24.0517 -24
1589300 -24.1035 -24
1589400 -24.0758 -24
1589500 -24.1508 -24
1589600 -24.1319 -24
1589700 -23.7751 -24
1589800 -23.5413 -24
1589900 -23.4993 -24
1590000 -23.4729 -24
1590100 -23.6403 -24
1590200 -23.8531 -24
1590300 -23.9579 -24
1590400 -23.9943 -24
1590500 -24.0251 -24
1590600 -24.4221 -24
1590700 -24.5932 -24
1590800 -24.3046 -24
1590900 -23.8925 -24
1591000 -23.5624 -24
1591100 -23.5668 -24
1591200 -23.8626 -24
1591300 -24.0993 -24
1591400 -23.9459 -24
1591500 -23.4597 -24
1591600 -23.1165 -24
1591700 -23.3019 -24
1591800 -23.5538 -24
1591900 -23.7651 -24
1592000 -23.9561 -24
1592100 -23.7476 -24
1592200 -23.4437 -24
1592300 -23.5246 -24
1592400 -23.8296 -24
1592500 -23.9326 -24
1592600 -24.1262 -24
1592700 -24.1831 -24
1592800 -23.9321 -24
1592900 -23.604 -24
1593000 -23.7514 -24
1593100 -23.8752 -24
1593200 -23.9679 -24
1593300 -24.0755 -24
1593400 -23.9506 -24
1593500 -23.8498 -24
1593600 -23.7934 -24
1593700 -23.8639 -24
1593800 -24.011 -24
1593900 -24.2049 -24
1594000 -24.2767 -24
1594100 -24.3812 -24
1594200 -24.5154 -24
1594300 -24.1676 -24
1594400 -23.7425 -24
1594500 -23.3325 -24
1594600 -23.3192 -24
1594700 -23.8123 -24
1594800 -24.2316 -24
1594900 -24.407 -24
1595000 -24.2435 -24
1595100 -24.4287 -24
1595200 -24.7714 -24
1595300 -24.7318 -24
1595400 -24.42 -24
1595500 -23.8302 -24
1595600 -23.3221 -24
1595700 -23.4968 -24
1595800 -24.1985 -24
1595900 -24.9717 -24
1596000 -24.8998 -24
1596100 -24.1137 -24
1596200 -23.5236 -24
1596300 -23.4891 -24
1596400 -23.7506 -24
1596500 -23.7947 -24
1596600 -23.8469 -24
1596700 -23.7643 -24
1596800 -23.5366 -24
1596900 -23.5106 -24
1597000 -23.6721 -24
1597100 -23.7716 -24
1597200 -23.7621 -24
1597300 -23.765 -24
1597400 -23.8498 -24
1597500 -23.9834 -24
1597600 -23.957 -24
1597700 -23.84 -24
1597800 -23.9188 -24
1597900 -24.0165 -24
1598000 -24.3843 -24
1598100 -24.6085 -24
1598200 -24.591 -24
1598300 -24.1947 -24
1598400 -23.4419 -24
1598500 -23.2737 -24
1598600 -23.5689 -24
1598700 -23.9744 -24
1598800 -24.1615 -24
1598900 -24.2861 -24
1599000 -24.1984 -24
1599100 -24.1918 -24
1599200 -24.1115 -24
1599300 -24.0496 -24
1599400 -24.1457 -24
1599500 -24.2023 -24
1599600 -24.2264 -24
1599700 -24.0893 -24
1599800 -24.0178 -24
1599900 -24.1847 -24
1600000 -24.4318 -24
1600100 -24.507 -24
1600200 -24.3772 -24
1600300 -24.2631 -24
1600400 -23.9472 -24
1600500 -23.7997 -24
1600600 -23.6435 -24
1600700 -23.6901 -24
1600800 -23.8983 -24
1600900 -23.9868 -24
1601000 -23.8866 -24
1601100 -24.0497 -24
1601200 -24.2895 -24
1601300 -23.8941 -24
1601400 -23.589 -24
1601500 -23.61 -24
1601600 -23.9238 -24
1601700 -24.4629 -24
1601800 -24.759 -24
1601900 -24.5646 -24
1602000 -24.1257 -24
1602100 -23.741 -24
1602200 -23.4007 -24
1602300 -23.3343 -24
1602400 -23.7061 -24
1602500 -24.4238 -24
1602600 -24.5902 -24
1602700 -24.1088 -24
1602800 -23.99 -24
1602900 -24.1625 -24
1603000 -24.5122 -24
1603100 -24.5978 -24
1603200 -24.4638 -24
1603300 -24.0832 -24
1603400 -23.624 -24
1603500 -23.581 -24
1603600 -23.9105 -24
1603700 -24.4159 -24
1603800 -24.7283 -24
1603900 -24.628 -24
1604000 -24.3618 -24
1604100 -24.2029 -24
1604200 -24.0056 -24
1604300 -23.9571 -24
1604400 -23.9602 -24
1604500 -23.8067 -24
1604600 -23.6733 -24
1604700 -23.7058 -24
1604800 -23.965 -24
1604900 -24.2991 -24
1605000 -24.1861 -24
1605100 -24.0918 -24
1605200 -23.9456 -24
1605300 -23.7996 -24
1605400 -23.847 -24
1605500 -23.91 -24
1605600 -24.0102 -24
1605700 -24.125 -24
1605800 -24.3486 -24
1605900 -24.5175 -24
1606000 -24.4306 -24
1606100 -24.427 -24
1606200 -24.3674 -24
1606300 -24.0422 -24
1606400 -23.5176 -24
1606500 -23.3233 -24
1606600 -23.3915 -24
1606700 -23.8081 -24
1606800 -24.1983 -24
1606900 -24.3011 -24
1607000 -24.2145 -24
1607100 -23.9032 -24
1607200 -23.7932 -24
1607300 -23.7559 -24
1607400 -23.8919 -24
1607500 -24.0903 -24
1607600 -24.1367 -24
1607700 -24.041 -24
1607800 -24.0639 -24
1607900 -24.2847 -24
1608000 -24.5441 -24
1608100 -24.6456 -24
1608200 -24.344 -24
1608300 -24.0324 -24
1608400 -23.7302 -24
1608500 -23.6528 -24
1608600 -23.6933 -24
1608700 -24.0118 -24
1608800 -24.5887 -24
1608900 -24.7368 -24
1609000 -24.4497 -24
1609100 -24.1859 -24
1609200 -24.0132 -24
1609300 -24.0526 -24
1609400 -24.1896 -24
1609500 -24.3321 -24
1609600 -24.0697 -24
1609700 -23.7443 -24
1609800 -23.5006 -24
1609900 -23.597 -24
1610000 -24.0077 -24
