# Time-averaged data for fix myat1
# TimeStep v_xave v_xdes
2830100 -1.69269 -2
2830200 -1.57358 -2
2830300 -1.92665 -2
2830400 -2.50686 -2
2830500 -2.73284 -2
2830600 -2.55788 -2
2830700 -2.37702 -2
2830800 -2.1863 -2
2830900 -2.06532 -2
2831000 -1.86982 -2
2831100 -1.69437 -2
2831200 -1.39928 -2
2831300 -1.56244 -2
2831400 -1.86925 -2
2831500 -1.77149 -2
2831600 -1.63774 -2
2831700 -1.70382 -2
2831800 -1.97553 -2
2831900 -2.16498 -2
2832000 -2.17491 -2
2832100 -2.28042 -2
2832200 -2.38746 -2
2832300 -2.39121 -2
2832400 -2.38289 -2
2832500 -2.49252 -2
2832600 -2.38636 -2
2832700 -2.139 -2
2832800 -1.90243 -2
2832900 -1.63801 -2
2833000 -1.43471 -2
2833100 -1.36142 -2
2833200 -1.44657 -2
2833300 -1.67892 -2
2833400 -1.95945 -2
2833500 -2.16093 -2
2833600 -2.15755 -2
2833700 -1.81632 -2
2833800 -1.46873 -2
2833900 -1.34446 -2
2834000 -1.54855 -2
2834100 -1.88697 -2
2834200 -1.92606 -2
2834300 -1.81794 -2
2834400 -1.63359 -2
2834500 -1.65221 -2
2834600 -1.94695 -2
2834700 -2.11432 -2
2834800 -2.44668 -2
2834900 -2.64689 -2
2835000 -2.44537 -2
2835100 -2.22793 -2
2835200 -2.07584 -2
2835300 -1.91389 -2
2835400 -1.78661 -2
2835500 -1.67645 -2
2835600 -1.70473 -2
2835700 -2.09998 -2
2835800 -2.44809 -2
2835900 -2.41378 -2
2836000 -2.08978 -2
2836100 -1.80483 -2
2836200 -1.70599 -2
2836300 -1.57265 -2
2836400 -1.42127 -2
2836500 -1.33807 -2
2836600 -1.4935 -2
2836700 -1.94171 -2
2836800 -2.72597 -2
2836900 -2.94576 -2
2837000 -2.72187 -2
2837100 -2.39732 -2
2837200 -2.34885 -2
2837300 -2.50485 -2
2837400 -2.57031 -2
2837500 -2.52694 -2
2837600 -2.31324 -2
2837700 -2.05661 -2
2837800 -1.69324 -2
2837900 -1.72555 -2
2838000 -1.91835 -2
2838100 -2.0934 -2
2838200 -1.82797 -2
2838300 -1.69375 -2
2838400 -1.66339 -2
2838500 -1.92988 -2
2838600 -2.294 -2
2838700 -2.61862 -2
2838800 -2.66564 -2
2838900 -2.10982 -2
2839000 -1.47788 -2
2839100 -1.34628 -2
2839200 -1.5282 -2
2839300 -1.71892 -2
2839400 -1.68102 -2
2839500 -1.74094 -2
2839600 -1.93614 -2
2839700 -2.14136 -2
2839800 -2.19022 -2
2839900 -2.10609 -2
2840000 -2.03457 -2
2840100 -2.09922 -2
2840200 -2.12272 -2
2840300 -2.11824 -2
2840400 -1.72591 -2
2840500 -1.45108 -2
2840600 -1.38515 -2
2840700 -1.64722 -2
2840800 -1.97787 -2
2840900 -2.22811 -2
2841000 -2.40834 -2
2841100 -2.43619 -2
2841200 -2.50928 -2
2841300 -2.3991 -2
2841400 -2.01007 -2
2841500 -1.73892 -2
2841600 -1.58173 -2
2841700 -1.74118 -2
2841800 -1.81327 -2
2841900 -1.69169 -2
2842000 -1.74932 -2
2842100 -1.85925 -2
2842200 -1.78035 -2
2842300 -1.78005 -2
2842400 -1.94963 -2
2842500 -2.0879 -2
2842600 -2.11339 -2
2842700 -1.97494 -2
2842800 -1.62731 -2
2842900 -1.44998 -2
2843000 -1.7762 -2
2843100 -2.2689 -2
2843200 -2.5358 -2
2843300 -2.61751 -2
2843400 -2.62056 -2
2843500 -2.31595 -2
2843600 -1.95148 -2
2843700 -1.5901 -2
2843800 -1.51401 -2
2843900 -1.78693 -2
2844000 -1.98596 -2
2844100 -2.25766 -2
2844200 -2.19092 -2
2844300 -1.79891 -2
2844400 -1.52943 -2
2844500 -1.81538 -2
2844600 -2.29211 -2
2844700 -2.5596 -2
2844800 -2.34939 -2
2844900 -2.17468 -2
2845000 -1.95043 -2
2845100 -2.04283 -2
2845200 -2.29855 -2
2845300 -2.48664 -2
2845400 -2.67333 -2
2845500 -2.70952 -2
2845600 -2.70057 -2
2845700 -2.40173 -2
2845800 -2.13517 -2
2845900 -1.89472 -2
2846000 -1.77604 -2
2846100 -1.80995 -2
2846200 -1.8035 -2
2846300 -1.58061 -2
2846400 -1.56642 -2
2846500 -1.93243 -2
2846600 -2.35571 -2
2846700 -2.43724 -2
2846800 -2.31994 -2
2846900 -2.23341 -2
2847000 -2.08963 -2
2847100 -1.8813 -2
2847200 -1.64928 -2
2847300 -1.84314 -2
2847400 -1.96164 -2
2847500 -2.16745 -2
2847600 -2.52692 -2
2847700 -2.59032 -2
2847800 -2.33282 -2
2847900 -2.00335 -2
2848000 -1.86376 -2
2848100 -1.71734 -2
2848200 -1.362 -2
2848300 -1.28448 -2
2848400 -1.5541 -2
2848500 -1.95141 -2
2848600 -2.11082 -2
2848700 -2.08113 -2
2848800 -1.97186 -2
2848900 -1.67042 -2
2849000 -1.4449 -2
2849100 -1.56375 -2
2849200 -1.67546 -2
2849300 -1.79216 -2
2849400 -2.16051 -2
2849500 -2.51187 -2
2849600 -2.74874 -2
2849700 -2.68252 -2
2849800 -2.47002 -2
2849900 -2.29148 -2
2850000 -2.29639 -2
2850100 -2.33045 -2
2850200 -2.23716 -2
2850300 -1.88376 -2
2850400 -1.92637 -2
2850500 -2.26403 -2
2850600 -2.48071 -2
2850700 -2.40113 -2
2850800 -2.49506 -2
2850900 -2.47174 -2
2851000 -2.1417 -2
2851100 -1.83972 -2
2851200 -1.7608 -2
2851300 -1.88861 -2
2851400 -2.18913 -2
2851500 -2.33637 -2
2851600 -2.26686 -2
2851700 -2.24638 -2
2851800 -2.31586 -2
2851900 -2.18483 -2
2852000 -1.88144 -2
2852100 -1.9429 -2
2852200 -2.17854 -2
2852300 -2.19111 -2
2852400 -2.13156 -2
2852500 -2.04413 -2
2852600 -2.01457 -2
2852700 -1.90902 -2
2852800 -1.7987 -2
2852900 -1.77468 -2
2853000 -1.74004 -2
2853100 -1.7897 -2
2853200 -2.03742 -2
2853300 -2.2432 -2
2853400 -2.35879 -2
2853500 -2.25701 -2
2853600 -2.06116 -2
2853700 -1.68556 -2
2853800 -1.73501 -2
2853900 -2.01064 -2
2854000 -2.1929 -2
2854100 -2.66466 -2
2854200 -2.90945 -2
2854300 -2.91019 -2
2854400 -2.65308 -2
2854500 -2.16307 -2
2854600 -1.82321 -2
2854700 -1.81652 -2
2854800 -1.85607 -2
2854900 -2.12864 -2
2855000 -2.27278 -2
2855100 -2.35969 -2
2855200 -2.19501 -2
2855300 -1.97352 -2
2855400 -1.74929 -2
2855500 -1.69028 -2
2855600 -1.77275 -2
2855700 -2.06913 -2
2855800 -2.20456 -2
2855900 -1.93109 -2
2856000 -1.495 -2
2856100 -1.50641 -2
2856200 -1.85811 -2
2856300 -2.19209 -2
2856400 -2.21304 -2
2856500 -1.96009 -2
2856600 -1.61574 -2
2856700 -1.31584 -2
2856800 -1.77955 -2
2856900 -2.40935 -2
2857000 -2.45779 -2
2857100 -2.37052 -2
2857200 -2.31928 -2
2857300 -2.36713 -2
2857400 -2.59097 -2
2857500 -2.54424 -2
2857600 -2.2731 -2
2857700 -1.96754 -2
2857800 -1.80309 -2
2857900 -1.59256 -2
2858000 -1.68571 -2
2858100 -1.84186 -2
2858200 -2.15077 -2
2858300 -2.58292 -2
2858400 -2.7753 -2
2858500 -2.74489 -2
2858600 -2.6012 -2
2858700 -2.22858 -2
2858800 -1.84725 -2
2858900 -1.79906 -2
2859000 -1.74529 -2
2859100 -1.71377 -2
2859200 -1.85827 -2
2859300 -2.18595 -2
2859400 -2.35252 -2
2859500 -2.36805 -2
2859600 -2.24612 -2
2859700 -1.99898 -2
2859800 -1.755 -2
2859900 -1.68532 -2
2860000 -1.92194 -2
2860100 -1.91112 -2
2860200 -1.7278 -2
2860300 -1.50063 -2
2860400 -1.7 -2
2860500 -2.09642 -2
2860600 -2.25252 -2
2860700 -2.21889 -2
2860800 -2.10299 -2
2860900 -1.81251 -2
2861000 -1.46874 -2
2861100 -1.1946 -2
2861200 -1.33603 -2
2861300 -1.77983 -2
2861400 -2.01172 -2
2861500 -2.08611 -2
2861600 -2.09577 -2
2861700 -2.11637 -2
2861800 -2.30277 -2
2861900 -2.44857 -2
2862000 -2.32994 -2
2862100 -1.97064 -2
2862200 -1.52403 -2
2862300 -1.2562 -2
2862400 -1.2388 -2
2862500 -1.13039 -2
2862600 -1.2627 -2
2862700 -1.4886 -2
2862800 -1.7873 -2
2862900 -2.17198 -2
2863000 -2.37265 -2
2863100 -2.40145 -2
2863200 -2.26191 -2
2863300 -1.99348 -2
2863400 -1.94186 -2
2863500 -1.98299 -2
2863600 -2.17219 -2
2863700 -2.23606 -2
2863800 -2.09929 -2
2863900 -1.79679 -2
2864000 -1.51314 -2
2864100 -1.41976 -2
2864200 -1.79151 -2
2864300 -2.29543 -2
2864400 -2.26783 -2
2864500 -2.06823 -2
2864600 -1.91506 -2
2864700 -1.6847 -2
2864800 -1.37306 -2
2864900 -1.24859 -2
2865000 -1.44147 -2
2865100 -1.95021 -2
2865200 -2.15658 -2
2865300 -1.97717 -2
2865400 -1.89858 -2
2865500 -1.7988 -2
2865600 -1.52357 -2
2865700 -1.59327 -2
2865800 -2.00128 -2
2865900 -2.14501 -2
2866000 -1.87447 -2
2866100 -1.51727 -2
2866200 -1.29646 -2
2866300 -1.62883 -2
2866400 -1.95415 -2
2866500 -2.0858 -2
2866600 -2.27494 -2
2866700 -2.08603 -2
2866800 -1.94514 -2
2866900 -2.08336 -2
2867000 -2.1679 -2
2867100 -2.21392 -2
2867200 -2.27064 -2
2867300 -2.3596 -2
2867400 -2.24169 -2
2867500 -2.19846 -2
2867600 -2.24618 -2
2867700 -2.07074 -2
2867800 -2.03153 -2
2867900 -1.99662 -2
2868000 -1.98089 -2
2868100 -2.16759 -2
2868200 -2.29374 -2
2868300 -2.15376 -2
2868400 -1.88437 -2
2868500 -1.67072 -2
2868600 -1.77628 -2
2868700 -2.08186 -2
2868800 -2.20794 -2
2868900 -2.03437 -2
2869000 -2.1019 -2
2869100 -2.43613 -2
2869200 -2.48975 -2
2869300 -2.2704 -2
2869400 -2.09988 -2
2869500 -1.94584 -2
2869600 -1.91339 -2
2869700 -1.86399 -2
2869800 -1.79706 -2
2869900 -1.82162 -2
2870000 -1.83813 -2
2870100 -1.95433 -2
2870200 -1.95886 -2
2870300 -1.87218 -2
2870400 -1.70344 -2
2870500 -1.57916 -2
2870600 -1.34837 -2
2870700 -1.35674 -2
2870800 -1.7304 -2
2870900 -1.88843 -2
2871000 -1.76186 -2
2871100 -1.78883 -2
2871200 -1.97758 -2
2871300 -2.3007 -2
2871400 -2.75267 -2
2871500 -2.85615 -2
2871600 -2.49183 -2
2871700 -2.01609 -2
2871800 -1.69979 -2
2871900 -1.78779 -2
2872000 -1.96193 -2
2872100 -1.96434 -2
2872200 -1.7161 -2
2872300 -1.49229 -2
2872400 -1.49436 -2
2872500 -1.65374 -2
2872600 -1.76127 -2
2872700 -1.72154 -2
2872800 -1.71468 -2
2872900 -1.86933 -2
2873000 -2.02344 -2
2873100 -2.15132 -2
2873200 -2.26363 -2
2873300 -2.29458 -2
2873400 -2.06832 -2
2873500 -1.69759 -2
2873600 -1.74983 -2
2873700 -1.89897 -2
2873800 -2.13275 -2
2873900 -2.40878 -2
2874000 -2.54045 -2
2874100 -2.52277 -2
2874200 -2.31128 -2
2874300 -1.87945 -2
2874400 -1.61742 -2
2874500 -1.80432 -2
2874600 -2.18015 -2
2874700 -2.29824 -2
2874800 -2.13842 -2
2874900 -1.96735 -2
2875000 -2.01009 -2
2875100 -2.32299 -2
2875200 -2.28461 -2
2875300 -1.86781 -2
2875400 -1.65078 -2
2875500 -1.42176 -2
2875600 -1.18212 -2
2875700 -1.14375 -2
2875800 -1.27006 -2
2875900 -1.84839 -2
2876000 -2.36357 -2
2876100 -2.49851 -2
2876200 -2.35477 -2
2876300 -1.99727 -2
2876400 -1.64907 -2
2876500 -1.57857 -2
2876600 -1.65061 -2
2876700 -2.04125 -2
2876800 -2.6592 -2
2876900 -2.83576 -2
2877000 -2.82992 -2
2877100 -2.73638 -2
2877200 -2.30529 -2
2877300 -1.86438 -2
2877400 -1.85713 -2
2877500 -2.14008 -2
2877600 -2.30801 -2
2877700 -2.07065 -2
2877800 -1.9253 -2
2877900 -1.97143 -2
2878000 -1.82483 -2
2878100 -1.88937 -2
2878200 -2.05448 -2
2878300 -2.14669 -2
2878400 -2.30668 -2
2878500 -2.52902 -2
2878600 -2.3151 -2
2878700 -1.89481 -2
2878800 -1.66854 -2
2878900 -1.86896 -2
2879000 -2.28014 -2
2879100 -2.41932 -2
2879200 -1.88537 -2
2879300 -1.41159 -2
2879400 -1.10407 -2
2879500 -1.17128 -2
2879600 -1.6436 -2
2879700 -2.07298 -2
2879800 -2.44639 -2
2879900 -2.53981 -2
2880000 -2.45924 -2
2880100 -2.14903 -2
2880200 -1.65433 -2
2880300 -1.61922 -2
2880400 -1.92478 -2
2880500 -2.12358 -2
2880600 -2.24311 -2
2880700 -2.19102 -2
2880800 -1.95706 -2
2880900 -1.73604 -2
2881000 -1.76754 -2
2881100 -1.97042 -2
2881200 -2.16405 -2
2881300 -2.27595 -2
2881400 -2.19015 -2
2881500 -2.05345 -2
2881600 -2.11584 -2
2881700 -2.25971 -2
2881800 -2.11691 -2
2881900 -1.84378 -2
2882000 -1.84331 -2
2882100 -2.09556 -2
2882200 -2.21035 -2
2882300 -2.40957 -2
2882400 -2.3968 -2
2882500 -2.26772 -2
2882600 -2.1682 -2
2882700 -1.99157 -2
2882800 -1.9243 -2
2882900 -2.13737 -2
2883000 -2.50052 -2
2883100 -2.6517 -2
2883200 -2.23291 -2
2883300 -1.42298 -2
2883400 -0.930791 -2
2883500 -0.861605 -2
2883600 -1.23793 -2
2883700 -1.85998 -2
2883800 -2.36233 -2
2883900 -2.91584 -2
2884000 -3.10369 -2
2884100 -2.72313 -2
2884200 -2.24408 -2
2884300 -1.67105 -2
2884400 -1.15905 -2
2884500 -0.970791 -2
2884600 -1.29651 -2
2884700 -1.87836 -2
2884800 -2.2195 -2
2884900 -2.2839 -2
2885000 -2.16728 -2
2885100 -1.97448 -2
2885200 -1.73137 -2
2885300 -1.61231 -2
2885400 -1.67298 -2
2885500 -1.85492 -2
2885600 -2.13009 -2
2885700 -2.3287 -2
2885800 -2.53927 -2
2885900 -2.77348 -2
2886000 -2.63971 -2
2886100 -2.32587 -2
2886200 -2.03253 -2
2886300 -1.78163 -2
2886400 -1.70805 -2
2886500 -1.87224 -2
2886600 -2.11849 -2
2886700 -2.5035 -2
2886800 -2.78149 -2
2886900 -2.71854 -2
2887000 -2.47476 -2
2887100 -1.8458 -2
2887200 -1.31896 -2
2887300 -1.21989 -2
2887400 -1.31567 -2
2887500 -1.6823 -2
2887600 -1.979 -2
2887700 -2.12275 -2
2887800 -2.11601 -2
2887900 -1.85757 -2
2888000 -1.76253 -2
2888100 -2.13443 -2
2888200 -2.1685 -2
2888300 -1.92179 -2
2888400 -1.86637 -2
2888500 -2.03876 -2
2888600 -2.14174 -2
2888700 -1.98061 -2
2888800 -1.88846 -2
2888900 -1.60812 -2
2889000 -1.58182 -2
2889100 -1.76134 -2
2889200 -1.97001 -2
2889300 -2.27991 -2
2889400 -2.29846 -2
2889500 -1.98776 -2
2889600 -1.63772 -2
2889700 -1.63837 -2
2889800 -1.65777 -2
2889900 -1.77669 -2
2890000 -2.08541 -2
2890100 -2.29204 -2
2890200 -2.27869 -2
2890300 -2.37475 -2
2890400 -2.14018 -2
2890500 -1.80597 -2
2890600 -1.69614 -2
2890700 -1.77647 -2
2890800 -2.04017 -2
2890900 -2.14861 -2
2891000 -2.01282 -2
2891100 -2.05434 -2
2891200 -2.23149 -2
2891300 -2.29784 -2
2891400 -2.48273 -2
2891500 -2.62994 -2
2891600 -2.25356 -2
2891700 -1.80175 -2
2891800 -1.63328 -2
2891900 -1.98312 -2
2892000 -2.22483 -2
2892100 -2.42616 -2
2892200 -2.70647 -2
2892300 -2.69596 -2
2892400 -2.32693 -2
2892500 -1.81421 -2
2892600 -1.56824 -2
2892700 -1.57008 -2
2892800 -1.61926 -2
2892900 -1.82964 -2
2893000 -2.02403 -2
2893100 -2.09565 -2
2893200 -2.24893 -2
2893300 -2.27277 -2
2893400 -2.19868 -2
2893500 -1.98069 -2
2893600 -1.84948 -2
2893700 -2.03946 -2
2893800 -2.17998 -2
2893900 -2.17184 -2
2894000 -2.31384 -2
2894100 -2.41251 -2
2894200 -2.30015 -2
2894300 -2.28119 -2
2894400 -2.37021 -2
2894500 -2.28213 -2
2894600 -2.15443 -2
2894700 -2.0309 -2
2894800 -1.68679 -2
2894900 -1.39358 -2
2895000 -1.33798 -2
2895100 -1.59472 -2
2895200 -2.18164 -2
2895300 -2.41633 -2
2895400 -2.11104 -2
2895500 -1.87768 -2
2895600 -1.94558 -2
2895700 -2.30867 -2
2895800 -2.51862 -2
2895900 -2.55714 -2
2896000 -2.23223 -2
2896100 -1.97421 -2
2896200 -1.81712 -2
2896300 -1.89329 -2
2896400 -2.18208 -2
2896500 -2.3823 -2
2896600 -2.27565 -2
2896700 -1.93521 -2
2896800 -1.66189 -2
2896900 -1.45499 -2
2897000 -1.6172 -2
2897100 -1.89167 -2
2897200 -1.9795 -2
2897300 -1.98059 -2
2897400 -2.02013 -2
2897500 -1.99889 -2
2897600 -2.00423 -2
2897700 -2.08588 -2
2897800 -1.96195 -2
2897900 -1.91042 -2
2898000 -1.77548 -2
2898100 -1.59734 -2
2898200 -1.68878 -2
2898300 -1.97115 -2
2898400 -2.199 -2
2898500 -2.35571 -2
2898600 -2.63909 -2
2898700 -2.91008 -2
2898800 -2.76048 -2
2898900 -2.06194 -2
2899000 -1.34155 -2
2899100 -1.02172 -2
2899200 -1.46675 -2
2899300 -2.27628 -2
2899400 -2.68377 -2
2899500 -2.58683 -2
2899600 -2.04694 -2
2899700 -1.51374 -2
2899800 -1.31989 -2
2899900 -1.31024 -2
2900000 -1.7559 -2
2900100 -2.04082 -2
2900200 -2.07911 -2
2900300 -2.09789 -2
2900400 -1.80952 -2
2900500 -1.69705 -2
2900600 -1.94354 -2
2900700 -1.96774 -2
2900800 -1.95815 -2
2900900 -2.19652 -2
2901000 -2.37039 -2
2901100 -2.39208 -2
2901200 -2.3392 -2
2901300 -2.22961 -2
2901400 -2.02745 -2
2901500 -1.92106 -2
2901600 -2.12051 -2
2901700 -2.28297 -2
2901800 -2.17814 -2
2901900 -1.99636 -2
2902000 -2.03709 -2
2902100 -2.07765 -2
2902200 -1.95931 -2
2902300 -2.08692 -2
2902400 -2.13434 -2
2902500 -2.35798 -2
2902600 -2.37873 -2
2902700 -2.27673 -2
2902800 -1.96213 -2
2902900 -1.62394 -2
2903000 -1.55008 -2
2903100 -1.92396 -2
2903200 -2.47261 -2
2903300 -2.61419 -2
2903400 -2.69461 -2
2903500 -2.83925 -2
2903600 -2.52409 -2
2903700 -1.98067 -2
2903800 -1.63218 -2
2903900 -1.87175 -2
2904000 -2.14855 -2
2904100 -2.25538 -2
2904200 -2.3761 -2
2904300 -2.50864 -2
2904400 -2.53607 -2
2904500 -2.47248 -2
2904600 -2.2868 -2
2904700 -2.08769 -2
2904800 -1.94503 -2
2904900 -1.9115 -2
2905000 -1.95542 -2
2905100 -1.90209 -2
2905200 -1.95671 -2
2905300 -1.78769 -2
2905400 -1.69224 -2
2905500 -1.87963 -2
2905600 -2.29879 -2
2905700 -2.34658 -2
2905800 -2.41419 -2
2905900 -2.18779 -2
2906000 -1.87621 -2
2906100 -1.51719 -2
2906200 -1.55416 -2
2906300 -1.89432 -2
2906400 -2.3374 -2
2906500 -2.65501 -2
2906600 -2.56566 -2
2906700 -2.09779 -2
2906800 -1.71961 -2
2906900 -1.8773 -2
2907000 -1.98834 -2
2907100 -1.97735 -2
2907200 -2.27248 -2
2907300 -2.07171 -2
2907400 -1.58475 -2
2907500 -1.7543 -2
2907600 -2.06509 -2
2907700 -2.11055 -2
2907800 -2.08822 -2
2907900 -2.14632 -2
2908000 -1.96062 -2
2908100 -1.85213 -2
2908200 -1.86465 -2
2908300 -1.70003 -2
2908400 -1.78454 -2
2908500 -2.1791 -2
2908600 -2.26424 -2
2908700 -2.05443 -2
2908800 -2.07685 -2
2908900 -2.10551 -2
2909000 -2.17405 -2
2909100 -2.12945 -2
2909200 -1.96787 -2
2909300 -2.07704 -2
2909400 -2.34646 -2
2909500 -2.52507 -2
2909600 -2.3065 -2
2909700 -2.11937 -2
2909800 -2.1059 -2
2909900 -2.0932 -2
2910000 -1.9575 -2
2910100 -2.02525 -2
2910200 -2.21823 -2
2910300 -2.25969 -2
2910400 -2.47874 -2
2910500 -2.3727 -2
2910600 -2.0083 -2
2910700 -1.90238 -2
2910800 -2.04925 -2
2910900 -2.23674 -2
2911000 -2.40888 -2
2911100 -2.4323 -2
2911200 -2.25673 -2
2911300 -2.00836 -2
2911400 -1.93629 -2
2911500 -2.07073 -2
2911600 -1.93267 -2
2911700 -1.78195 -2
2911800 -1.76037 -2
2911900 -2.05347 -2
2912000 -2.32068 -2
2912100 -2.18313 -2
2912200 -1.90018 -2
2912300 -1.83224 -2
2912400 -1.87143 -2
2912500 -2.08203 -2
2912600 -2.19957 -2
2912700 -2.23492 -2
2912800 -2.06588 -2
2912900 -2.09197 -2
2913000 -2.1098 -2
2913100 -2.11211 -2
2913200 -2.19074 -2
2913300 -1.84761 -2
2913400 -1.48698 -2
2913500 -1.56349 -2
2913600 -2.05188 -2
2913700 -2.31014 -2
2913800 -1.98057 -2
2913900 -1.61275 -2
2914000 -1.36189 -2
2914100 -1.36914 -2
2914200 -1.51855 -2
2914300 -2.05927 -2
2914400 -2.38173 -2
2914500 -2.11051 -2
2914600 -1.68844 -2
2914700 -1.42761 -2
2914800 -1.79544 -2
2914900 -2.43202 -2
2915000 -2.79598 -2
2915100 -2.7653 -2
2915200 -2.11651 -2
2915300 -1.65118 -2
2915400 -1.54474 -2
2915500 -1.71165 -2
2915600 -1.95337 -2
2915700 -2.10721 -2
2915800 -2.22015 -2
2915900 -2.03382 -2
2916000 -1.88093 -2
2916100 -1.61117 -2
2916200 -1.47459 -2
2916300 -1.74826 -2
2916400 -2.0518 -2
2916500 -2.2467 -2
2916600 -2.43626 -2
2916700 -2.28037 -2
2916800 -1.9445 -2
2916900 -1.52085 -2
2917000 -1.68609 -2
2917100 -2.11442 -2
2917200 -2.45796 -2
2917300 -2.63336 -2
2917400 -2.57604 -2
2917500 -2.36152 -2
2917600 -1.87011 -2
2917700 -1.72452 -2
2917800 -1.86686 -2
2917900 -1.91843 -2
2918000 -1.93732 -2
2918100 -1.83717 -2
2918200 -2.00972 -2
2918300 -2.17026 -2
2918400 -2.23605 -2
2918500 -2.056 -2
2918600 -1.88968 -2
2918700 -1.74012 -2
2918800 -1.61331 -2
2918900 -1.8539 -2
2919000 -2.06389 -2
2919100 -1.9511 -2
2919200 -1.78234 -2
2919300 -1.7563 -2
2919400 -1.87612 -2
2919500 -1.87673 -2
2919600 -1.89933 -2
2919700 -1.89143 -2
2919800 -1.9029 -2
2919900 -1.92343 -2
2920000 -1.97435 -2
2920100 -1.70463 -2
2920200 -1.48614 -2
2920300 -1.48131 -2
2920400 -1.5994 -2
2920500 -1.89279 -2
2920600 -1.99061 -2
2920700 -1.94468 -2
2920800 -1.91609 -2
2920900 -2.25504 -2
2921000 -2.43433 -2
2921100 -2.25364 -2
2921200 -1.715 -2
2921300 -1.55693 -2
2921400 -1.77774 -2
2921500 -2.20169 -2
2921600 -2.47572 -2
2921700 -2.56634 -2
2921800 -2.44193 -2
2921900 -2.24139 -2
2922000 -2.18148 -2
2922100 -2.00058 -2
2922200 -1.8729 -2
2922300 -1.66059 -2
2922400 -1.54385 -2
2922500 -1.70739 -2
2922600 -2.20064 -2
2922700 -2.62578 -2
2922800 -2.69209 -2
2922900 -2.4206 -2
2923000 -1.93398 -2
2923100 -1.58233 -2
2923200 -1.55165 -2
2923300 -1.79228 -2
2923400 -1.93313 -2
2923500 -1.85356 -2
2923600 -1.91902 -2
2923700 -1.90916 -2
2923800 -1.91314 -2
2923900 -2.12985 -2
2924000 -2.08128 -2
2924100 -1.78922 -2
2924200 -1.49698 -2
2924300 -1.49051 -2
2924400 -1.76362 -2
2924500 -2.09612 -2
2924600 -2.35966 -2
2924700 -2.5639 -2
2924800 -2.19856 -2
2924900 -1.85195 -2
2925000 -1.76969 -2
2925100 -2.03472 -2
2925200 -2.43639 -2
2925300 -2.70941 -2
2925400 -2.51419 -2
2925500 -2.15771 -2
2925600 -1.91942 -2
2925700 -1.68724 -2
2925800 -1.57057 -2
2925900 -1.67454 -2
2926000 -1.79011 -2
2926100 -2.11217 -2
2926200 -2.32084 -2
2926300 -2.38571 -2
2926400 -2.21206 -2
2926500 -2.0893 -2
2926600 -2.15678 -2
2926700 -2.36056 -2
2926800 -2.26196 -2
2926900 -1.95933 -2
2927000 -1.63986 -2
2927100 -1.74732 -2
2927200 -1.81078 -2
2927300 -1.91355 -2
2927400 -2.14627 -2
2927500 -2.11042 -2
2927600 -1.98106 -2
2927700 -1.8353 -2
2927800 -1.91168 -2
2927900 -2.10773 -2
2928000 -2.02163 -2
2928100 -1.8206 -2
2928200 -1.72603 -2
2928300 -1.85741 -2
2928400 -2.22145 -2
2928500 -2.5411 -2
2928600 -2.55437 -2
2928700 -2.36093 -2
2928800 -2.16156 -2
2928900 -2.16188 -2
2929000 -1.93734 -2
2929100 -1.91447 -2
2929200 -1.92376 -2
2929300 -1.71131 -2
2929400 -1.45714 -2
2929500 -1.68804 -2
2929600 -2.32485 -2
2929700 -2.6721 -2
2929800 -2.3026 -2
2929900 -1.74734 -2
2930000 -1.51603 -2
