# Time-averaged data for fix myat1
# TimeStep v_xave v_xdes
6230100 10.2316 8
6230200 10.274 8
6230300 10.5205 8
6230400 10.7133 8
6230500 10.4933 8
6230600 9.91882 8
6230700 9.40808 8
6230800 9.25571 8
6230900 9.33043 8
6231000 9.58188 8
6231100 9.84231 8
6231200 9.97227 8
6231300 10.1984 8
6231400 10.0875 8
6231500 9.7088 8
6231600 9.38856 8
6231700 9.15993 8
6231800 9.08655 8
6231900 9.05434 8
6232000 9.24681 8
6232100 9.66728 8
6232200 10.2396 8
6232300 10.5201 8
6232400 10.386 8
6232500 9.94495 8
6232600 9.51427 8
6232700 9.25952 8
6232800 9.29865 8
6232900 9.26983 8
6233000 9.17206 8
6233100 9.0834 8
6233200 8.57855 8
6233300 8.38576 8
6233400 8.54465 8
6233500 8.51251 8
6233600 8.29211 8
6233700 8.14484 8
6233800 8.52579 8
6233900 9.17829 8
6234000 9.88382 8
6234100 10.2709 8
6234200 10.6628 8
6234300 10.6547 8
6234400 10.5184 8
6234500 10.3399 8
6234600 10.2943 8
6234700 10.2974 8
6234800 10.2884 8
6234900 10.2563 8
6235000 10.0624 8
6235100 10.1605 8
6235200 10.4367 8
6235300 10.3214 8
6235400 10.1068 8
6235500 9.93186 8
6235600 10.0986 8
6235700 10.416 8
6235800 10.2891 8
6235900 9.97326 8
6236000 9.76863 8
6236100 9.90054 8
6236200 10.1111 8
6236300 10.3331 8
6236400 10.3886 8
6236500 10.3171 8
6236600 10.1923 8
6236700 10.1576 8
6236800 10.0125 8
6236900 9.85233 8
6237000 9.90603 8
6237100 10.1197 8
6237200 10.5357 8
6237300 10.6197 8
6237400 10.4309 8
6237500 9.779 8
6237600 9.31258 8
6237700 9.13893 8
6237800 9.06987 8
6237900 9.08907 8
6238000 8.96712 8
6238100 8.51495 8
6238200 7.75005 8
6238300 7.56166 8
6238400 7.89626 8
6238500 8.43313 8
6238600 8.86921 8
6238700 9.15734 8
6238800 9.40082 8
6238900 9.93229 8
6239000 10.3839 8
6239100 10.4996 8
6239200 10.5577 8
6239300 10.4868 8
6239400 10.2805 8
6239500 10.0204 8
6239600 9.87049 8
6239700 9.95634 8
6239800 10.2003 8
6239900 10.4776 8
6240000 10.453 8
6240100 10.2937 8
6240200 10.2919 8
6240300 10.2919 8
6240400 10.4489 8
6240500 10.5455 8
6240600 10.6008 8
6240700 10.5767 8
6240800 10.3308 8
6240900 10.0248 8
6241000 9.86642 8
6241100 9.82151 8
6241200 9.91313 8
6241300 10.3306 8
6241400 10.448 8
6241500 10.2303 8
6241600 10.0413 8
6241700 9.998 8
6241800 9.91034 8
6241900 9.85824 8
6242000 9.74129 8
6242100 9.80205 8
6242200 10.016 8
6242300 10.1613 8
6242400 10.2544 8
6242500 10.2903 8
6242600 10.1672 8
6242700 10.4421 8
6242800 10.7479 8
6242900 10.4583 8
6243000 10.081 8
6243100 10.1734 8
6243200 10.2534 8
6243300 10.3816 8
6243400 10.5357 8
6243500 10.3658 8
6243600 10.1449 8
6243700 10.0505 8
6243800 9.80898 8
6243900 9.65906 8
6244000 9.44521 8
6244100 9.38889 8
6244200 9.41794 8
6244300 9.61704 8
6244400 9.72908 8
6244500 9.91179 8
6244600 10.1428 8
6244700 10.3966 8
6244800 10.5681 8
6244900 10.482 8
6245000 10.2561 8
6245100 10.1128 8
6245200 10.0852 8
6245300 10.14 8
6245400 10.4011 8
6245500 10.4303 8
6245600 10.1781 8
6245700 10.3803 8
6245800 10.6086 8
6245900 10.4472 8
6246000 10.5573 8
6246100 10.3972 8
6246200 10.0075 8
6246300 9.78763 8
6246400 9.75732 8
6246500 9.97012 8
6246600 10.3049 8
6246700 10.1609 8
6246800 10.1775 8
6246900 10.4643 8
6247000 10.5573 8
6247100 10.2029 8
6247200 9.75436 8
6247300 9.51621 8
6247400 9.74763 8
6247500 10.0109 8
6247600 10.0495 8
6247700 10.4661 8
6247800 10.6599 8
6247900 10.4846 8
6248000 10.1316 8
6248100 10.0574 8
6248200 10.1572 8
6248300 10.1383 8
6248400 10.2324 8
6248500 10.1122 8
6248600 10.0151 8
6248700 10.1232 8
6248800 10.0253 8
6248900 9.59673 8
6249000 9.25687 8
6249100 8.97982 8
6249200 8.66539 8
6249300 8.73012 8
6249400 8.89099 8
6249500 9.05402 8
6249600 9.15863 8
6249700 9.26959 8
6249800 9.48731 8
6249900 9.99919 8
6250000 10.3249 8
6250100 10.3061 8
6250200 10.0444 8
6250300 9.9329 8
6250400 10.0706 8
6250500 10.4466 8
6250600 10.7192 8
6250700 10.5359 8
6250800 10.1056 8
6250900 9.78914 8
6251000 9.62852 8
6251100 9.81065 8
6251200 9.90679 8
6251300 10.1708 8
6251400 10.3181 8
6251500 10.5091 8
6251600 10.5286 8
6251700 10.464 8
6251800 10.5618 8
6251900 10.4306 8
6252000 10.0155 8
6252100 9.88471 8
6252200 9.93566 8
6252300 10.073 8
6252400 9.99624 8
6252500 9.85559 8
6252600 9.97287 8
6252700 10.1803 8
6252800 10.225 8
6252900 9.92121 8
6253000 9.58619 8
6253100 9.46581 8
6253200 9.5877 8
6253300 9.96646 8
6253400 10.483 8
6253500 10.8455 8
6253600 10.729 8
6253700 10.2281 8
6253800 9.98402 8
6253900 10.1613 8
6254000 10.049 8
6254100 10.084 8
6254200 10.3756 8
6254300 10.6761 8
6254400 10.5407 8
6254500 10.3662 8
6254600 10.2323 8
6254700 10.2659 8
6254800 10.4702 8
6254900 10.5116 8
6255000 10.6221 8
6255100 10.3945 8
6255200 9.8684 8
6255300 9.9039 8
6255400 10.2137 8
6255500 10.7083 8
6255600 10.6667 8
6255700 10.1246 8
6255800 9.70255 8
6255900 9.72644 8
6256000 10.1991 8
6256100 10.9111 8
6256200 10.9409 8
6256300 10.2359 8
6256400 9.64179 8
6256500 9.34501 8
6256600 8.9945 8
6256700 8.73188 8
6256800 8.56525 8
6256900 8.58171 8
6257000 8.69757 8
6257100 8.81884 8
6257200 8.87806 8
6257300 9.05285 8
6257400 9.23874 8
6257500 9.33483 8
6257600 9.4641 8
6257700 9.55759 8
6257800 9.63485 8
6257900 9.80279 8
6258000 9.9664 8
6258100 10.1162 8
6258200 10.3582 8
6258300 10.2457 8
6258400 10.2615 8
6258500 10.6621 8
6258600 10.7908 8
6258700 10.6075 8
6258800 10.3386 8
6258900 10.0628 8
6259000 9.92551 8
6259100 10.0527 8
6259200 10.1712 8
6259300 9.92758 8
6259400 9.78315 8
6259500 10.0174 8
6259600 10.2424 8
6259700 10.3381 8
6259800 10.3057 8
6259900 10.3519 8
6260000 10.2189 8
6260100 10.2256 8
6260200 10.4776 8
6260300 10.6129 8
6260400 10.5459 8
6260500 10.3528 8
6260600 10.3093 8
6260700 10.1637 8
6260800 10.1893 8
6260900 10.2167 8
6261000 10.2667 8
6261100 10.409 8
6261200 10.4327 8
6261300 10.5124 8
6261400 10.4923 8
6261500 10.2316 8
6261600 10.1044 8
6261700 10.2966 8
6261800 10.6085 8
6261900 10.7319 8
6262000 10.3043 8
6262100 9.50295 8
6262200 9.25064 8
6262300 9.08333 8
6262400 8.87757 8
6262500 9.10363 8
6262600 9.72217 8
6262700 10.5462 8
6262800 11.1575 8
6262900 11.2764 8
6263000 10.6377 8
6263100 9.79206 8
6263200 9.33091 8
6263300 9.16854 8
6263400 9.32791 8
6263500 9.4446 8
6263600 9.61392 8
6263700 9.90369 8
6263800 10.2404 8
6263900 10.6916 8
6264000 10.7721 8
6264100 10.4433 8
6264200 10.0376 8
6264300 9.69291 8
6264400 9.80703 8
6264500 10.3292 8
6264600 10.3863 8
6264700 10.2233 8
6264800 9.99014 8
6264900 9.9393 8
6265000 10.2071 8
6265100 10.3468 8
6265200 10.6084 8
6265300 10.4181 8
6265400 10.1014 8
6265500 10.2052 8
6265600 10.3619 8
6265700 10.3942 8
6265800 10.4262 8
6265900 10.2399 8
6266000 10.1127 8
6266100 10.2503 8
6266200 10.4997 8
6266300 10.7669 8
6266400 10.6756 8
6266500 10.4594 8
6266600 10.026 8
6266700 9.52786 8
6266800 9.2721 8
6266900 9.11093 8
6267000 8.85462 8
6267100 8.73477 8
6267200 9.14693 8
6267300 9.65238 8
6267400 9.75607 8
6267500 9.90471 8
6267600 10.0093 8
6267700 10.2442 8
6267800 10.633 8
6267900 10.5784 8
6268000 10.193 8
6268100 10.0795 8
6268200 10.3487 8
6268300 10.6038 8
6268400 10.5634 8
6268500 10.4397 8
6268600 10.3986 8
6268700 10.0826 8
6268800 9.92311 8
6268900 9.93238 8
6269000 9.9925 8
6269100 10.1461 8
6269200 10.2844 8
6269300 9.98541 8
6269400 9.80322 8
6269500 9.96214 8
6269600 9.91194 8
6269700 9.99137 8
6269800 10.2519 8
6269900 10.4928 8
6270000 10.5384 8
6270100 10.3774 8
6270200 10.5712 8
6270300 10.7161 8
6270400 10.4739 8
6270500 10.0767 8
6270600 10.0426 8
6270700 10.1451 8
6270800 10.3508 8
6270900 10.5619 8
6271000 10.4362 8
6271100 10.1924 8
6271200 10.0227 8
6271300 10.0224 8
6271400 9.72088 8
6271500 9.44465 8
6271600 9.48518 8
6271700 9.5817 8
6271800 9.73589 8
6271900 9.77188 8
6272000 9.84017 8
6272100 9.88112 8
6272200 9.97068 8
6272300 9.94062 8
6272400 9.81242 8
6272500 9.80908 8
6272600 10.0365 8
6272700 10.5037 8
6272800 10.5961 8
6272900 10.4642 8
6273000 10.0634 8
6273100 9.79378 8
6273200 9.724 8
6273300 9.89002 8
6273400 10.2122 8
6273500 10.6227 8
6273600 10.8691 8
6273700 10.778 8
6273800 10.3243 8
6273900 10.0021 8
6274000 9.7941 8
6274100 9.67277 8
6274200 9.85378 8
6274300 10.2159 8
6274400 10.4166 8
6274500 10.6785 8
6274600 10.8296 8
6274700 10.4148 8
6274800 9.90088 8
6274900 9.75833 8
6275000 9.9775 8
6275100 10.141 8
6275200 10.4327 8
6275300 10.6344 8
6275400 10.5005 8
6275500 10.1288 8
6275600 9.91876 8
6275700 9.97466 8
6275800 10.1801 8
6275900 10.4944 8
6276000 10.2176 8
6276100 9.96281 8
6276200 9.85329 8
6276300 9.77369 8
6276400 9.72923 8
6276500 9.88275 8
6276600 9.91779 8
6276700 9.88481 8
6276800 10.1071 8
6276900 10.4006 8
6277000 10.3365 8
6277100 10.2861 8
6277200 10.1495 8
6277300 10.147 8
6277400 10.1158 8
6277500 10.2291 8
6277600 10.669 8
6277700 10.8114 8
6277800 10.3824 8
6277900 9.76716 8
6278000 9.46981 8
6278100 9.60627 8
6278200 10.0243 8
6278300 10.3866 8
6278400 10.6752 8
6278500 10.521 8
6278600 10.1611 8
6278700 9.86127 8
6278800 9.64367 8
6278900 9.54089 8
6279000 9.44759 8
6279100 9.45367 8
6279200 9.60012 8
6279300 9.99687 8
6279400 10.4498 8
6279500 10.4024 8
6279600 10.2359 8
6279700 10.1692 8
6279800 10.2983 8
6279900 10.4706 8
6280000 10.4136 8
6280100 10.2027 8
6280200 10.1944 8
6280300 10.2254 8
6280400 10.3786 8
6280500 10.4364 8
6280600 10.3933 8
6280700 10.191 8
6280800 10.2567 8
6280900 10.3118 8
6281000 10.41 8
6281100 10.2349 8
6281200 10.0247 8
6281300 10.088 8
6281400 10.1709 8
6281500 10.2167 8
6281600 10.06 8
6281700 9.72806 8
6281800 9.37843 8
6281900 9.1817 8
6282000 9.21182 8
6282100 9.36928 8
6282200 9.43612 8
6282300 9.38004 8
6282400 9.68672 8
6282500 10.0406 8
6282600 9.9878 8
6282700 9.98705 8
6282800 10.1662 8
6282900 10.3208 8
6283000 10.5227 8
6283100 10.5006 8
6283200 10.4368 8
6283300 10.3791 8
6283400 10.3087 8
6283500 10.1541 8
6283600 10.2443 8
6283700 10.4356 8
6283800 10.7654 8
6283900 10.7772 8
6284000 10.3219 8
6284100 9.80574 8
6284200 9.60048 8
6284300 9.81366 8
6284400 10.1816 8
6284500 10.5216 8
6284600 10.5713 8
6284700 10.2132 8
6284800 9.66693 8
6284900 9.35714 8
6285000 9.06854 8
6285100 8.99637 8
6285200 9.14752 8
6285300 9.42933 8
6285400 9.48566 8
6285500 9.49422 8
6285600 9.58191 8
6285700 9.7581 8
6285800 10.253 8
6285900 10.5913 8
6286000 10.5297 8
6286100 10.2404 8
6286200 9.99077 8
6286300 10.1667 8
6286400 10.1977 8
6286500 10.2327 8
6286600 10.382 8
6286700 10.4605 8
6286800 10.425 8
6286900 10.359 8
6287000 10.1151 8
6287100 9.93511 8
6287200 10.1641 8
6287300 10.3543 8
6287400 10.7208 8
6287500 10.724 8
6287600 10.4661 8
6287700 10.1287 8
6287800 9.98405 8
6287900 9.9265 8
6288000 10.2054 8
6288100 10.2671 8
6288200 10.1105 8
6288300 9.69766 8
6288400 9.27198 8
6288500 9.22641 8
6288600 9.57018 8
6288700 10.0767 8
6288800 10.6929 8
6288900 10.8658 8
6289000 10.4089 8
6289100 9.84802 8
6289200 9.72563 8
6289300 9.73746 8
6289400 9.6474 8
6289500 9.50692 8
6289600 9.77932 8
6289700 10.2929 8
6289800 10.9743 8
6289900 11.3478 8
6290000 10.7213 8
6290100 9.73733 8
6290200 9.22277 8
6290300 8.76041 8
6290400 8.59593 8
6290500 8.72574 8
6290600 8.99392 8
6290700 9.14487 8
6290800 9.18177 8
6290900 9.04568 8
6291000 9.04344 8
6291100 8.91421 8
6291200 8.85669 8
6291300 8.80543 8
6291400 8.85048 8
6291500 8.8469 8
6291600 8.79508 8
6291700 8.6 8
6291800 8.44631 8
6291900 8.3957 8
6292000 8.33268 8
6292100 8.26745 8
6292200 8.33567 8
6292300 8.75949 8
6292400 9.17148 8
6292500 9.64688 8
6292600 10.3643 8
6292700 10.92 8
6292800 10.7894 8
6292900 10.2667 8
6293000 9.72578 8
6293100 9.59428 8
6293200 9.80118 8
6293300 10.2056 8
6293400 10.6224 8
6293500 10.7206 8
6293600 10.3438 8
6293700 10.0795 8
6293800 10.0195 8
6293900 10.0421 8
6294000 10.2303 8
6294100 10.1163 8
6294200 9.82627 8
6294300 9.73206 8
6294400 10.0279 8
6294500 10.2514 8
6294600 10.292 8
6294700 10.2569 8
6294800 10.0398 8
6294900 9.84766 8
6295000 9.76505 8
6295100 9.68015 8
6295200 9.67769 8
6295300 9.80845 8
6295400 9.96614 8
6295500 10.0986 8
6295600 10.1452 8
6295700 10.5143 8
6295800 10.5456 8
6295900 10.1622 8
6296000 9.933 8
6296100 10.1337 8
6296200 10.6096 8
6296300 10.8739 8
6296400 10.704 8
6296500 10.2461 8
6296600 9.88688 8
6296700 9.82149 8
6296800 9.98748 8
6296900 10.2484 8
6297000 10.2679 8
6297100 10.3357 8
6297200 10.41 8
6297300 10.3966 8
6297400 10.3108 8
6297500 10.0647 8
6297600 10.1373 8
6297700 10.2916 8
6297800 10.5628 8
6297900 10.5022 8
6298000 10.3063 8
6298100 10.4975 8
6298200 10.6254 8
6298300 10.4632 8
6298400 10.0541 8
6298500 9.70787 8
6298600 9.61699 8
6298700 9.87787 8
6298800 10.2872 8
6298900 10.4191 8
6299000 10.2988 8
6299100 9.80622 8
6299200 9.44219 8
6299300 9.40089 8
6299400 9.5688 8
6299500 10.0939 8
6299600 10.7139 8
6299700 10.6972 8
6299800 10.4152 8
6299900 10.1709 8
6300000 10.3061 8
6300100 10.497 8
6300200 10.3735 8
6300300 10.2093 8
6300400 9.85704 8
6300500 9.74236 8
6300600 9.74029 8
6300700 10.0904 8
6300800 10.5577 8
6300900 10.809 8
6301000 10.6563 8
6301100 10.1569 8
6301200 9.54454 8
6301300 9.19253 8
6301400 9.11586 8
6301500 9.26872 8
6301600 9.625 8
6301700 9.87183 8
6301800 10.1249 8
6301900 10.5262 8
6302000 10.5571 8
6302100 10.0969 8
6302200 9.74543 8
6302300 9.64792 8
6302400 9.76853 8
6302500 9.81726 8
6302600 10.0349 8
6302700 10.3683 8
6302800 10.3908 8
6302900 10.2352 8
6303000 10.3002 8
6303100 10.3718 8
6303200 10.4732 8
6303300 10.4321 8
6303400 10.0661 8
6303500 10.0456 8
6303600 10.1292 8
6303700 10.046 8
6303800 10.3253 8
6303900 10.7546 8
6304000 10.6712 8
6304100 10.3962 8
6304200 10.4096 8
6304300 10.4934 8
6304400 10.6158 8
6304500 10.4843 8
6304600 10.1228 8
6304700 9.91166 8
6304800 10.0468 8
6304900 10.2561 8
6305000 10.3138 8
6305100 10.2558 8
6305200 10.3536 8
6305300 10.5869 8
6305400 10.474 8
6305500 10.1557 8
6305600 9.84459 8
6305700 9.705 8
6305800 9.60668 8
6305900 9.5907 8
6306000 9.76472 8
6306100 9.96116 8
6306200 9.97842 8
6306300 9.91227 8
6306400 9.65285 8
6306500 9.69314 8
6306600 10.1905 8
6306700 10.7182 8
6306800 10.9104 8
6306900 10.8849 8
6307000 10.4658 8
6307100 9.79347 8
6307200 9.30948 8
6307300 9.43578 8
6307400 9.92375 8
6307500 10.5125 8
6307600 10.791 8
6307700 10.6938 8
6307800 10.1833 8
6307900 9.63239 8
6308000 9.14318 8
6308100 8.87431 8
6308200 8.77854 8
6308300 8.91713 8
6308400 9.00305 8
6308500 8.85119 8
6308600 8.87479 8
6308700 9.14364 8
6308800 9.44604 8
6308900 10.0609 8
6309000 10.6436 8
6309100 10.5435 8
6309200 10.2366 8
6309300 10.064 8
6309400 10.1031 8
6309500 10.3757 8
6309600 10.6837 8
6309700 10.7231 8
6309800 10.4761 8
6309900 10.1086 8
6310000 9.82661 8
6310100 9.64018 8
6310200 9.75023 8
6310300 10.087 8
6310400 10.535 8
6310500 10.487 8
6310600 10.0743 8
6310700 9.73967 8
6310800 9.61115 8
6310900 9.6599 8
6311000 9.7525 8
6311100 10.1441 8
6311200 10.3699 8
6311300 10.4273 8
6311400 10.5705 8
6311500 10.3832 8
6311600 10.2541 8
6311700 10.1864 8
6311800 10.084 8
6311900 10.3782 8
6312000 10.6262 8
6312100 10.5413 8
6312200 10.2974 8
6312300 10.2419 8
6312400 9.96274 8
6312500 9.74598 8
6312600 9.49253 8
6312700 9.5538 8
6312800 9.69132 8
6312900 9.77166 8
6313000 9.97013 8
6313100 10.214 8
6313200 10.2518 8
6313300 10.2338 8
6313400 10.3333 8
6313500 10.5521 8
6313600 10.742 8
6313700 10.5989 8
6313800 10.0259 8
6313900 9.35923 8
6314000 8.73737 8
6314100 8.35748 8
6314200 8.08554 8
6314300 8.27018 8
6314400 8.50201 8
6314500 8.88645 8
6314600 9.09919 8
6314700 9.20505 8
6314800 9.51238 8
6314900 9.86598 8
6315000 9.95048 8
6315100 10.007 8
6315200 9.83115 8
6315300 9.24272 8
6315400 8.84348 8
6315500 8.80658 8
6315600 8.9234 8
6315700 8.98888 8
6315800 9.06394 8
6315900 9.16978 8
6316000 9.19592 8
6316100 9.24688 8
6316200 9.19512 8
6316300 9.05619 8
6316400 8.99388 8
6316500 9.15535 8
6316600 9.49316 8
6316700 9.74566 8
6316800 9.8495 8
6316900 9.94247 8
6317000 10.3494 8
6317100 10.5322 8
6317200 10.4535 8
6317300 10.4256 8
6317400 10.3991 8
6317500 10.4124 8
6317600 10.2962 8
6317700 10.2052 8
6317800 10.114 8
6317900 10.1824 8
6318000 10.3994 8
6318100 10.5424 8
6318200 10.346 8
6318300 9.96472 8
6318400 9.73716 8
6318500 10.0504 8
6318600 10.6551 8
6318700 10.955 8
6318800 10.5831 8
6318900 10.0466 8
6319000 9.70489 8
6319100 9.7369 8
6319200 9.99854 8
6319300 10.0398 8
6319400 9.96909 8
6319500 9.89141 8
6319600 9.89571 8
6319700 10.0572 8
6319800 10.4698 8
6319900 10.6176 8
6320000 10.4467 8
6320100 10.179 8
6320200 10.2446 8
6320300 10.5225 8
6320400 10.3883 8
6320500 9.73518 8
6320600 9.13641 8
6320700 8.56354 8
6320800 8.17601 8
6320900 8.12409 8
6321000 8.38446 8
6321100 8.73921 8
6321200 9.10488 8
6321300 9.42073 8
6321400 9.67369 8
6321500 9.72712 8
6321600 9.75328 8
6321700 9.98763 8
6321800 10.4581 8
6321900 10.9096 8
6322000 10.7001 8
6322100 10.2395 8
6322200 9.89678 8
6322300 9.4741 8
6322400 9.28574 8
6322500 9.15165 8
6322600 9.28637 8
6322700 9.58453 8
6322800 9.82882 8
6322900 9.98982 8
6323000 10.2945 8
6323100 10.4009 8
6323200 10.3459 8
6323300 10.4762 8
6323400 10.3962 8
6323500 10.2807 8
6323600 10.1937 8
6323700 10.2118 8
6323800 10.3966 8
6323900 10.3874 8
6324000 10.5933 8
6324100 10.5993 8
6324200 10.1378 8
6324300 9.72525 8
6324400 9.73767 8
6324500 10.1079 8
6324600 10.4574 8
6324700 10.4275 8
6324800 10.2462 8
6324900 10.1516 8
6325000 10.4794 8
6325100 10.6065 8
6325200 10.3046 8
6325300 9.96531 8
6325400 9.99216 8
6325500 10.2698 8
6325600 10.487 8
6325700 10.381 8
6325800 10.0802 8
6325900 9.84092 8
6326000 9.36997 8
6326100 8.91718 8
6326200 8.47593 8
6326300 8.38938 8
6326400 8.35839 8
6326500 8.26084 8
6326600 8.03858 8
6326700 7.90287 8
6326800 7.83454 8
6326900 7.99237 8
6327000 8.18401 8
6327100 8.14546 8
6327200 8.06657 8
6327300 8.31431 8
6327400 8.34242 8
6327500 8.2397 8
6327600 8.2715 8
6327700 8.62365 8
6327800 9.14184 8
6327900 9.2349 8
6328000 9.19007 8
6328100 9.29462 8
6328200 9.41771 8
6328300 9.76081 8
6328400 10.2978 8
6328500 10.9295 8
6328600 10.9061 8
6328700 10.2612 8
6328800 9.69019 8
6328900 9.2177 8
6329000 8.87383 8
6329100 8.76344 8
6329200 8.62824 8
6329300 8.47743 8
6329400 8.53915 8
6329500 8.54134 8
6329600 8.47533 8
6329700 8.58496 8
6329800 8.88709 8
6329900 9.25119 8
6330000 9.71886 8
6330100 10.3272 8
6330200 10.6766 8
6330300 10.3953 8
6330400 10.1028 8
6330500 9.95147 8
6330600 9.9528 8
6330700 10.0592 8
6330800 10.2589 8
6330900 10.2083 8
6331000 10.0387 8
6331100 9.78255 8
6331200 9.90924 8
6331300 10.0305 8
6331400 10.219 8
6331500 10.3833 8
6331600 10.2289 8
6331700 10.1783 8
6331800 10.1295 8
6331900 9.85509 8
6332000 9.36649 8
6332100 8.89178 8
6332200 8.61016 8
6332300 8.54487 8
6332400 8.64957 8
6332500 8.79701 8
6332600 8.41245 8
6332700 8.26053 8
6332800 8.12667 8
6332900 8.21403 8
6333000 8.7233 8
6333100 9.33079 8
6333200 9.95584 8
6333300 10.4222 8
6333400 10.5635 8
6333500 10.3297 8
6333600 9.75778 8
6333700 9.51989 8
6333800 9.58125 8
6333900 9.85101 8
6334000 10.2341 8
6334100 10.5562 8
6334200 10.2104 8
6334300 9.80061 8
6334400 9.73263 8
6334500 9.83966 8
6334600 9.95585 8
6334700 10.1216 8
6334800 10.18 8
6334900 10.2808 8
6335000 10.1439 8
6335100 9.7504 8
6335200 9.55925 8
6335300 9.49286 8
6335400 9.52664 8
6335500 9.79805 8
6335600 10.1218 8
6335700 10.4278 8
6335800 10.6176 8
6335900 10.48 8
6336000 10.1701 8
6336100 10.0324 8
6336200 10.0115 8
6336300 9.89951 8
6336400 9.85629 8
6336500 10.3237 8
6336600 10.6494 8
6336700 10.7483 8
6336800 10.2956 8
6336900 9.8087 8
6337000 9.29256 8
6337100 9.00633 8
6337200 8.90182 8
6337300 8.83168 8
6337400 8.67572 8
6337500 8.4751 8
6337600 8.45428 8
6337700 8.66984 8
6337800 9.1166 8
6337900 9.85945 8
6338000 10.5622 8
6338100 10.9303 8
6338200 10.7798 8
6338300 10.2839 8
6338400 9.84494 8
6338500 9.59086 8
6338600 9.56741 8
6338700 9.49889 8
6338800 9.66846 8
6338900 10.0182 8
6339000 10.2144 8
6339100 10.4453 8
6339200 10.7087 8
6339300 10.4774 8
6339400 9.99904 8
6339500 9.86349 8
6339600 9.99365 8
6339700 10.2623 8
6339800 10.5641 8
6339900 10.6917 8
6340000 10.6792 8
6340100 10.4283 8
6340200 10.128 8
6340300 9.97358 8
6340400 9.57513 8
6340500 9.35382 8
6340600 9.06429 8
6340700 8.6636 8
6340800 8.69811 8
6340900 8.80902 8
6341000 8.98592 8
6341100 9.43178 8
6341200 9.8511 8
6341300 10.6484 8
6341400 11.0912 8
6341500 10.9863 8
6341600 10.6513 8
6341700 10.123 8
6341800 9.82567 8
6341900 9.54951 8
6342000 9.55518 8
6342100 10.0219 8
6342200 10.6256 8
6342300 10.6615 8
6342400 10.2118 8
6342500 10.0135 8
6342600 10.0632 8
6342700 10.2168 8
6342800 10.3184 8
6342900 10.3859 8
6343000 10.5226 8
6343100 10.5277 8
6343200 10.4368 8
6343300 10.1839 8
6343400 9.78201 8
6343500 9.61036 8
6343600 9.69502 8
6343700 10.1611 8
6343800 10.5565 8
6343900 10.3929 8
6344000 10.1827 8
6344100 10.1645 8
6344200 10.3083 8
6344300 10.1539 8
6344400 9.87561 8
6344500 9.8035 8
6344600 10.0639 8
6344700 10.4697 8
6344800 10.5071 8
6344900 10.1874 8
6345000 9.75542 8
6345100 9.45513 8
6345200 9.48187 8
6345300 9.8263 8
6345400 10.1514 8
6345500 10.3429 8
6345600 10.224 8
6345700 10.1252 8
6345800 10.3905 8
6345900 10.725 8
6346000 10.6615 8
6346100 10.4207 8
6346200 10.1542 8
6346300 10.0787 8
6346400 10.2137 8
6346500 10.5133 8
6346600 10.36 8
6346700 9.89094 8
6346800 9.59723 8
6346900 9.73974 8
6347000 9.91965 8
6347100 10.2106 8
6347200 10.3976 8
6347300 10.5497 8
6347400 10.3577 8
6347500 9.86461 8
6347600 9.51637 8
6347700 9.33687 8
6347800 9.41419 8
6347900 9.91702 8
6348000 10.4404 8
6348100 10.4947 8
6348200 10.3375 8
6348300 10.2598 8
6348400 10.2282 8
6348500 10.4784 8
6348600 10.502 8
6348700 10.3067 8
6348800 9.99947 8
6348900 10.0082 8
6349000 10.2683 8
6349100 10.3637 8
6349200 10.2443 8
6349300 10.2942 8
6349400 10.4601 8
6349500 10.3757 8
6349600 9.85903 8
6349700 9.30665 8
6349800 9.2079 8
6349900 9.5819 8
6350000 10.3748 8
6350100 10.9689 8
6350200 11.2132 8
6350300 10.9694 8
6350400 10.3215 8
6350500 9.73629 8
6350600 9.4163 8
6350700 9.37123 8
6350800 8.99952 8
6350900 8.32096 8
6351000 7.70899 8
6351100 7.21 8
6351200 7.10564 8
6351300 7.29356 8
6351400 7.78123 8
6351500 8.64959 8
6351600 9.46039 8
6351700 10.193 8
6351800 10.961 8
6351900 11.2771 8
6352000 10.8119 8
6352100 10.1509 8
6352200 9.89519 8
6352300 10.0277 8
6352400 10.0412 8
6352500 9.81233 8
6352600 9.63701 8
6352700 9.84652 8
6352800 10.3456 8
6352900 10.6395 8
6353000 10.616 8
6353100 10.3399 8
6353200 9.75559 8
6353300 9.3947 8
6353400 9.56448 8
6353500 9.85314 8
6353600 9.92484 8
6353700 10.3741 8
6353800 10.7109 8
6353900 10.7013 8
6354000 10.2959 8
6354100 10.0055 8
6354200 9.96421 8
6354300 10.1806 8
6354400 10.3483 8
6354500 10.5705 8
6354600 10.6309 8
6354700 10.4167 8
6354800 10.3053 8
6354900 10.3564 8
6355000 10.3811 8
6355100 10.567 8
6355200 10.6758 8
6355300 10.5244 8
6355400 10.4362 8
6355500 10.5243 8
6355600 10.5338 8
6355700 10.4276 8
6355800 10.22 8
6355900 9.75186 8
6356000 9.55157 8
6356100 9.62242 8
6356200 9.72462 8
6356300 9.84857 8
6356400 10.0967 8
6356500 10.5547 8
6356600 10.5632 8
6356700 10.2655 8
6356800 9.89802 8
6356900 9.64999 8
6357000 9.70256 8
6357100 9.99589 8
6357200 10.2647 8
6357300 10.0695 8
6357400 10.0177 8
6357500 10.3418 8
6357600 10.543 8
6357700 10.4384 8
6357800 10.2702 8
6357900 10.2343 8
6358000 9.96845 8
6358100 9.76253 8
6358200 9.91044 8
6358300 10.4904 8
6358400 11.0831 8
6358500 10.9859 8
6358600 10.2457 8
6358700 9.50531 8
6358800 9.17747 8
6358900 9.2079 8
6359000 9.27943 8
6359100 9.45459 8
6359200 9.8403 8
6359300 10.2454 8
6359400 10.4795 8
6359500 10.2185 8
6359600 9.87837 8
6359700 9.48853 8
6359800 9.27435 8
6359900 9.21411 8
6360000 9.52646 8
6360100 9.87234 8
6360200 10.232 8
6360300 10.4896 8
6360400 10.4699 8
6360500 10.1614 8
6360600 10.0541 8
6360700 10.2506 8
6360800 10.1471 8
6360900 9.975 8
6361000 10.243 8
6361100 10.6448 8
6361200 10.5559 8
6361300 10.3147 8
6361400 10.0414 8
6361500 9.97163 8
6361600 10.3214 8
6361700 10.5141 8
6361800 10.5251 8
6361900 10.497 8
6362000 10.5534 8
6362100 10.5081 8
6362200 10.2001 8
6362300 10.0963 8
6362400 10.3421 8
6362500 10.3036 8
6362600 9.89174 8
6362700 9.59619 8
6362800 9.5719 8
6362900 9.8935 8
6363000 10.3785 8
6363100 10.3862 8
6363200 10.1913 8
6363300 10.297 8
6363400 10.3631 8
6363500 10.4044 8
6363600 10.2341 8
6363700 10.3304 8
6363800 10.4226 8
6363900 10.6182 8
6364000 10.3737 8
6364100 9.80698 8
6364200 9.52183 8
6364300 9.5934 8
6364400 10.0053 8
6364500 10.5114 8
6364600 10.4972 8
6364700 10.2014 8
6364800 9.73391 8
6364900 9.06657 8
6365000 8.61008 8
6365100 8.46012 8
6365200 8.55538 8
6365300 8.8996 8
6365400 9.33554 8
6365500 9.56545 8
6365600 9.87586 8
6365700 10.4764 8
6365800 10.964 8
6365900 11.0203 8
6366000 10.4702 8
6366100 9.96097 8
6366200 9.83175 8
6366300 9.68655 8
6366400 9.31002 8
6366500 9.021 8
6366600 8.93382 8
6366700 9.13402 8
6366800 9.65422 8
6366900 10.3557 8
6367000 10.6947 8
6367100 10.5882 8
6367200 10.5537 8
6367300 10.5498 8
6367400 10.1845 8
6367500 9.98708 8
6367600 9.93417 8
6367700 9.88162 8
6367800 9.91605 8
6367900 9.9818 8
6368000 9.87385 8
6368100 9.94426 8
6368200 10.1658 8
6368300 10.3842 8
6368400 10.7045 8
6368500 10.5761 8
6368600 10.0735 8
6368700 9.8159 8
6368800 9.91143 8
6368900 9.98171 8
6369000 10.2018 8
6369100 10.4392 8
6369200 10.5022 8
6369300 10.3909 8
6369400 10.1052 8
6369500 9.78685 8
6369600 9.35951 8
6369700 9.02804 8
6369800 8.87543 8
6369900 8.60632 8
6370000 8.41948 8
6370100 8.39499 8
6370200 8.3835 8
6370300 8.47882 8
6370400 8.5016 8
6370500 8.83852 8
6370600 9.44368 8
6370700 10.1308 8
6370800 10.4729 8
6370900 10.5168 8
6371000 10.1917 8
6371100 9.926 8
6371200 9.84421 8
6371300 9.92052 8
6371400 10.1369 8
6371500 10.2641 8
6371600 10.331 8
6371700 10.621 8
6371800 10.8501 8
6371900 10.8507 8
6372000 10.4559 8
6372100 9.89085 8
6372200 9.44059 8
6372300 8.94942 8
6372400 8.50088 8
6372500 8.3115 8
6372600 8.31224 8
6372700 8.36844 8
6372800 8.68816 8
6372900 8.96672 8
6373000 9.2241 8
6373100 9.53744 8
6373200 9.80331 8
6373300 10.0582 8
6373400 10.2333 8
6373500 10.3492 8
6373600 10.119 8
6373700 9.57797 8
6373800 9.05615 8
6373900 8.6203 8
6374000 8.28849 8
6374100 7.87416 8
6374200 7.62035 8
6374300 7.57507 8
6374400 7.76236 8
6374500 7.9056 8
6374600 8.22995 8
6374700 8.52781 8
6374800 8.68444 8
6374900 9.04184 8
6375000 9.49728 8
6375100 9.79998 8
6375200 10.0566 8
6375300 10.3272 8
6375400 10.2531 8
6375500 10.1117 8
6375600 10.0313 8
6375700 10.1481 8
6375800 10.3062 8
6375900 10.5709 8
6376000 10.6743 8
6376100 10.4458 8
6376200 10.2391 8
6376300 10.2992 8
6376400 10.7502 8
6376500 10.767 8
6376600 10.3334 8
6376700 9.90067 8
6376800 9.86789 8
6376900 10.0172 8
6377000 10.3511 8
6377100 10.4795 8
6377200 10.4319 8
6377300 10.3534 8
6377400 10.4136 8
6377500 10.4718 8
6377600 10.045 8
6377700 9.60204 8
6377800 9.31921 8
6377900 9.26696 8
6378000 9.26722 8
6378100 9.59852 8
6378200 9.76064 8
6378300 9.52261 8
6378400 9.27337 8
6378500 9.42809 8
6378600 9.61705 8
6378700 9.44196 8
6378800 9.19635 8
6378900 9.16601 8
6379000 9.29818 8
6379100 9.08667 8
6379200 8.641 8
6379300 8.26066 8
6379400 8.09227 8
6379500 8.09435 8
6379600 8.04307 8
6379700 8.18917 8
6379800 8.45668 8
6379900 8.7022 8
6380000 9.05177 8
6380100 9.33881 8
6380200 9.72715 8
6380300 10.3027 8
6380400 10.8321 8
6380500 10.6495 8
6380600 10.2655 8
6380700 9.90168 8
6380800 9.47143 8
6380900 9.01478 8
6381000 8.68035 8
6381100 8.37423 8
6381200 8.22705 8
6381300 7.90402 8
6381400 7.53678 8
6381500 7.38008 8
6381600 7.62859 8
6381700 8.103 8
6381800 8.58966 8
6381900 9.06217 8
6382000 9.5588 8
6382100 10.0669 8
6382200 10.42 8
6382300 10.3342 8
6382400 10.0488 8
6382500 9.66144 8
6382600 8.95524 8
6382700 8.52248 8
6382800 8.69422 8
6382900 9.07573 8
6383000 9.60204 8
6383100 10.1574 8
6383200 10.4544 8
6383300 10.6266 8
6383400 10.3629 8
6383500 9.53292 8
6383600 8.83748 8
6383700 8.3155 8
6383800 7.83158 8
6383900 7.78812 8
6384000 8.13625 8
6384100 8.59366 8
6384200 9.18792 8
6384300 9.72401 8
6384400 10.1442 8
6384500 10.1979 8
6384600 10.2852 8
6384700 10.3936 8
6384800 10.5414 8
6384900 10.5466 8
6385000 10.3412 8
6385100 10.112 8
6385200 9.97039 8
6385300 10.0749 8
6385400 9.91209 8
6385500 9.92407 8
6385600 10.167 8
6385700 10.3197 8
6385800 10.1034 8
6385900 9.95375 8
6386000 9.97842 8
6386100 10.3495 8
6386200 10.8451 8
6386300 10.9396 8
6386400 10.5397 8
6386500 10.2535 8
6386600 9.75954 8
6386700 9.28589 8
6386800 8.95254 8
6386900 8.84131 8
6387000 9.25319 8
6387100 9.80353 8
6387200 10.3062 8
6387300 10.4953 8
6387400 10.4349 8
6387500 10.1556 8
6387600 10.1642 8
6387700 10.4121 8
6387800 10.4398 8
6387900 10.248 8
6388000 9.9579 8
6388100 9.50556 8
6388200 9.04943 8
6388300 8.50058 8
6388400 7.86844 8
6388500 7.68952 8
6388600 8.08609 8
6388700 8.33901 8
6388800 8.5084 8
6388900 8.62468 8
6389000 8.59982 8
6389100 8.25201 8
6389200 7.85586 8
6389300 7.6374 8
6389400 7.56645 8
6389500 7.64322 8
6389600 7.70982 8
6389700 8.02736 8
6389800 8.66069 8
6389900 9.07417 8
6390000 9.3003 8
6390100 9.52703 8
6390200 10.0638 8
6390300 10.6415 8
6390400 11.0255 8
6390500 10.8267 8
6390600 10.1576 8
6390700 9.83427 8
6390800 9.69937 8
6390900 9.94322 8
6391000 10.2798 8
6391100 10.4755 8
6391200 10.55 8
6391300 10.5217 8
6391400 10.5426 8
6391500 10.5796 8
6391600 10.3863 8
6391700 10.0746 8
6391800 9.7232 8
6391900 9.51648 8
6392000 9.598 8
6392100 9.81245 8
6392200 9.88935 8
6392300 10.2613 8
6392400 10.7126 8
6392500 10.6134 8
6392600 10.2032 8
6392700 9.85693 8
6392800 9.45391 8
6392900 9.46373 8
6393000 9.75593 8
6393100 10.2064 8
6393200 10.4314 8
6393300 10.3217 8
6393400 10.3932 8
6393500 10.3958 8
6393600 10.1536 8
6393700 10.1108 8
6393800 10.1554 8
6393900 10.3442 8
6394000 10.2584 8
6394100 10.0224 8
6394200 10.1412 8
6394300 10.5545 8
6394400 10.5477 8
6394500 10.2024 8
6394600 10.1138 8
6394700 10.0604 8
6394800 9.94488 8
6394900 9.68511 8
6395000 9.76139 8
6395100 10.3018 8
6395200 10.6809 8
6395300 10.6034 8
6395400 10.3594 8
6395500 10.1293 8
6395600 10.151 8
6395700 10.3035 8
6395800 10.2824 8
6395900 10.1059 8
6396000 10.1319 8
6396100 10.1355 8
6396200 10.1624 8
6396300 10.0485 8
6396400 10.0578 8
6396500 10.3038 8
6396600 10.6541 8
6396700 10.6729 8
6396800 10.3922 8
6396900 10.104 8
6397000 9.97436 8
6397100 10.2292 8
6397200 10.4947 8
6397300 10.5205 8
6397400 10.2412 8
6397500 10.2871 8
6397600 10.3426 8
6397700 10.239 8
6397800 10.1088 8
6397900 10.1656 8
6398000 10.3875 8
6398100 10.5996 8
6398200 10.5482 8
6398300 10.0818 8
6398400 9.50896 8
6398500 8.88639 8
6398600 8.20798 8
6398700 7.70014 8
6398800 7.70536 8
6398900 8.08179 8
6399000 8.63426 8
6399100 9.31969 8
6399200 9.91016 8
6399300 10.4462 8
6399400 10.52 8
6399500 10.3216 8
6399600 10.1028 8
6399700 10.2255 8
6399800 10.2647 8
6399900 10.0264 8
6400000 9.63259 8
6400100 9.20555 8
6400200 9.13441 8
6400300 8.96671 8
6400400 8.75597 8
6400500 8.56081 8
6400600 8.64332 8
6400700 8.65086 8
6400800 8.26222 8
6400900 8.1189 8
6401000 8.28097 8
6401100 8.534 8
6401200 8.60678 8
6401300 8.69159 8
6401400 8.81589 8
6401500 9.13509 8
6401600 9.54714 8
6401700 10.1377 8
6401800 10.8645 8
6401900 10.9728 8
6402000 10.5138 8
6402100 10.0164 8
6402200 9.7926 8
6402300 9.84991 8
6402400 10.1918 8
6402500 10.3256 8
6402600 10.4863 8
6402700 10.5132 8
6402800 10.2448 8
6402900 9.77382 8
6403000 9.49184 8
6403100 9.64226 8
6403200 9.80474 8
6403300 10.4982 8
6403400 10.7855 8
6403500 10.4452 8
6403600 10.0029 8
6403700 9.79352 8
6403800 9.81294 8
6403900 9.76371 8
6404000 9.60027 8
6404100 9.28926 8
6404200 8.71311 8
6404300 8.12593 8
6404400 7.89693 8
6404500 7.94784 8
6404600 8.24369 8
6404700 8.90938 8
6404800 9.5298 8
6404900 10.2657 8
6405000 11.0032 8
6405100 11.0689 8
6405200 10.6073 8
6405300 9.94304 8
6405400 9.18042 8
6405500 8.96758 8
6405600 9.26575 8
6405700 9.71562 8
6405800 10.2289 8
6405900 10.4555 8
6406000 10.4234 8
6406100 10.2485 8
6406200 10.226 8
6406300 10.5401 8
6406400 10.6122 8
6406500 10.6142 8
6406600 10.5314 8
6406700 10.3253 8
6406800 10.3321 8
6406900 10.5308 8
6407000 10.5937 8
6407100 10.37 8
6407200 9.8563 8
6407300 9.62353 8
6407400 9.59901 8
6407500 9.74381 8
6407600 10.1029 8
6407700 10.2712 8
6407800 10.0644 8
6407900 10.0159 8
6408000 10.1928 8
6408100 10.1418 8
6408200 9.96367 8
6408300 10.0237 8
6408400 10.0034 8
6408500 9.87431 8
6408600 9.66643 8
6408700 9.50668 8
6408800 9.6398 8
6408900 9.9748 8
6409000 10.3605 8
6409100 10.435 8
6409200 10.2867 8
6409300 10.0419 8
6409400 10.1081 8
6409500 10.5719 8
6409600 10.9522 8
6409700 10.7961 8
6409800 10.3373 8
6409900 9.80349 8
6410000 9.39898 8
6410100 9.16943 8
6410200 8.96756 8
6410300 8.63492 8
6410400 8.62388 8
6410500 9.02282 8
6410600 9.5547 8
6410700 10.0041 8
6410800 10.4618 8
6410900 10.6169 8
6411000 10.5105 8
6411100 10.35 8
6411200 10.3351 8
6411300 10.4949 8
6411400 10.2867 8
6411500 10.0584 8
6411600 10.041 8
6411700 10.085 8
6411800 10.17 8
6411900 10.1509 8
6412000 10.0661 8
6412100 9.96487 8
6412200 9.89301 8
6412300 9.81053 8
6412400 9.94015 8
6412500 10.307 8
6412600 10.6721 8
6412700 10.421 8
6412800 9.69335 8
6412900 9.1337 8
6413000 8.95824 8
6413100 9.10107 8
6413200 9.21664 8
6413300 9.72652 8
6413400 10.2062 8
6413500 10.276 8
6413600 10.1779 8
6413700 10.2432 8
6413800 10.471 8
6413900 10.5358 8
6414000 10.5353 8
6414100 10.0056 8
6414200 9.6406 8
6414300 9.59161 8
6414400 9.64481 8
6414500 9.684 8
6414600 9.97495 8
6414700 10.5224 8
6414800 10.7477 8
6414900 10.5995 8
6415000 10.0825 8
6415100 9.68907 8
6415200 9.52689 8
6415300 9.60485 8
6415400 9.92557 8
6415500 10.1712 8
6415600 10.3532 8
6415700 10.4101 8
6415800 10.3651 8
6415900 10.4419 8
6416000 10.3155 8
6416100 10.1247 8
6416200 10.2306 8
6416300 10.3919 8
6416400 10.053 8
6416500 9.86157 8
6416600 9.96276 8
6416700 10.1856 8
6416800 10.5046 8
6416900 10.3954 8
6417000 10.099 8
6417100 10.0012 8
6417200 10.0741 8
6417300 10.3139 8
6417400 10.4593 8
6417500 10.1185 8
6417600 9.95039 8
6417700 10.0519 8
6417800 10.3353 8
6417900 10.4994 8
6418000 10.2221 8
6418100 10.1794 8
6418200 10.4599 8
6418300 10.4999 8
6418400 10.2856 8
6418500 10.2434 8
6418600 10.3436 8
6418700 10.3971 8
6418800 10.2123 8
6418900 10.142 8
6419000 10.0541 8
6419100 10.1713 8
6419200 10.348 8
6419300 10.6589 8
6419400 10.7503 8
6419500 10.4356 8
6419600 10.1036 8
6419700 9.60891 8
6419800 9.06897 8
6419900 8.57052 8
6420000 8.44954 8
6420100 8.59944 8
6420200 9.08989 8
6420300 9.56361 8
6420400 9.90138 8
6420500 10.1328 8
6420600 10.2026 8
6420700 10.3933 8
6420800 10.4457 8
6420900 10.2334 8
6421000 10.1678 8
6421100 10.4155 8
6421200 10.6999 8
6421300 10.5053 8
6421400 10.094 8
6421500 9.87642 8
6421600 9.80344 8
6421700 10.05 8
6421800 10.399 8
6421900 10.6625 8
6422000 10.7316 8
6422100 10.3288 8
6422200 10.0957 8
6422300 9.94405 8
6422400 9.93741 8
6422500 10.2134 8
6422600 10.3602 8
6422700 10.3592 8
6422800 10.3672 8
6422900 10.3492 8
6423000 10.2236 8
6423100 10.0486 8
6423200 9.75216 8
6423300 9.29526 8
6423400 8.8094 8
6423500 8.40898 8
6423600 8.08941 8
6423700 8.33359 8
6423800 8.85149 8
6423900 9.19078 8
6424000 9.59495 8
6424100 10.1498 8
6424200 10.3613 8
6424300 10.191 8
6424400 10.1504 8
6424500 10.5528 8
6424600 10.8665 8
6424700 10.7477 8
6424800 10.4873 8
6424900 10.2988 8
6425000 10.0708 8
6425100 10.3837 8
6425200 10.7924 8
6425300 10.518 8
6425400 10.2165 8
6425500 9.98662 8
6425600 9.69554 8
6425700 9.16001 8
6425800 8.56339 8
6425900 8.03572 8
6426000 7.76296 8
6426100 7.78468 8
6426200 8.06386 8
6426300 8.44022 8
6426400 8.54839 8
6426500 8.64906 8
6426600 8.82208 8
6426700 9.26909 8
6426800 9.44392 8
6426900 9.43713 8
6427000 9.64709 8
6427100 10.1603 8
6427200 10.6807 8
6427300 10.591 8
6427400 10.2811 8
6427500 10.1345 8
6427600 10.0784 8
6427700 10.1003 8
6427800 10.1455 8
6427900 10.1897 8
6428000 10.2952 8
6428100 10.2817 8
6428200 10.3115 8
6428300 10.4875 8
6428400 10.7114 8
6428500 10.8285 8
6428600 10.4148 8
6428700 9.89575 8
6428800 9.54915 8
6428900 9.41153 8
6429000 9.36513 8
6429100 9.28788 8
6429200 9.54129 8
6429300 9.9829 8
6429400 10.5246 8
6429500 10.9595 8
6429600 10.7811 8
6429700 10.2657 8
6429800 9.78775 8
6429900 9.70122 8
6430000 10.0272 8
