# Time-averaged data for fix myat1
# TimeStep v_xave v_xdes
2950100 -0.528 0
2950200 -0.497032 0
2950300 0.0150416 0
2950400 0.727997 0
2950500 1.09065 0
2950600 0.816508 0
2950700 0.335341 0
2950800 -0.0338915 0
2950900 -0.180772 0
2951000 -0.284878 0
2951100 -0.413467 0
2951200 -0.388019 0
2951300 -0.0679895 0
2951400 0.250717 0
2951500 0.26373 0
2951600 -0.0370466 0
2951700 -0.473993 0
2951800 -0.797375 0
2951900 -0.767187 0
2952000 -0.738347 0
2952100 -0.678031 0
2952200 -0.386478 0
2952300 0.258617 0
2952400 0.699384 0
2952500 0.59377 0
2952600 0.314664 0
2952700 -0.192127 0
2952800 -0.53791 0
2952900 -0.323588 0
2953000 0.107822 0
2953100 0.419846 0
2953200 0.61541 0
2953300 0.696281 0
2953400 0.37578 0
2953500 -0.35114 0
2953600 -0.869233 0
2953700 -0.490225 0
2953800 0.15138 0
2953900 0.344245 0
2954000 0.182958 0
2954100 -0.0435333 0
2954200 -0.088923 0
2954300 0.092746 0
2954400 0.237042 0
2954500 0.180163 0
2954600 0.0248931 0
2954700 0.186244 0
2954800 0.606689 0
2954900 0.998578 0
2955000 0.790551 0
2955100 0.24544 0
2955200 -0.507353 0
2955300 -0.843398 0
2955400 -0.646474 0
2955500 -0.47459 0
2955600 -0.343593 0
2955700 -0.0144581 0
2955800 0.322236 0
2955900 0.318919 0
2956000 0.159588 0
2956100 0.053596 0
2956200 0.0997936 0
2956300 0.120687 0
2956400 0.334823 0
2956500 0.464304 0
2956600 0.361418 0
2956700 0.0458935 0
2956800 -0.0828599 0
2956900 -0.0269629 0
2957000 0.256918 0
2957100 0.284119 0
2957200 -0.0012128 0
2957300 -0.189656 0
2957400 -0.390213 0
2957500 -0.253327 0
2957600 0.129113 0
2957700 0.463705 0
2957800 0.49818 0
2957900 0.233771 0
2958000 -0.310325 0
2958100 -0.738725 0
2958200 -0.798291 0
2958300 -0.543673 0
2958400 -0.0869146 0
2958500 0.400872 0
2958600 0.493766 0
2958700 0.195681 0
2958800 -0.463541 0
2958900 -0.771409 0
2959000 -0.755141 0
2959100 -0.577934 0
2959200 -0.25955 0
2959300 0.0246905 0
2959400 0.0415324 0
2959500 -0.180402 0
2959600 -0.36049 0
2959700 -0.187562 0
2959800 0.0546607 0
2959900 0.235096 0
2960000 0.178462 0
2960100 -0.20514 0
2960200 -0.535028 0
2960300 -0.604268 0
2960400 -0.37085 0
2960500 0.177555 0
2960600 0.598772 0
2960700 0.720787 0
2960800 0.458314 0
2960900 0.142243 0
2961000 -0.215815 0
2961100 -0.837823 0
2961200 -0.830596 0
2961300 -0.204646 0
2961400 0.689889 0
2961500 0.815086 0
2961600 -0.0950438 0
2961700 -0.863983 0
2961800 -0.929695 0
2961900 -0.650855 0
2962000 -0.199928 0
2962100 0.264648 0
2962200 0.515378 0
2962300 0.31213 0
2962400 0.0947481 0
2962500 -0.191991 0
2962600 -0.205113 0
2962700 0.274088 0
2962800 0.737618 0
2962900 0.591629 0
2963000 0.0831174 0
2963100 -0.413478 0
2963200 -0.471198 0
2963300 -0.238302 0
2963400 0.134106 0
2963500 0.339797 0
2963600 0.165308 0
2963700 0.0952126 0
2963800 0.217299 0
2963900 0.404674 0
2964000 0.391811 0
2964100 -0.0755978 0
2964200 -0.555197 0
2964300 -0.668748 0
2964400 -0.5753 0
2964500 -0.0112508 0
2964600 0.614801 0
2964700 0.965842 0
2964800 0.91509 0
2964900 0.482945 0
2965000 -0.0849344 0
2965100 -0.353937 0
2965200 -0.166609 0
2965300 0.115682 0
2965400 0.0751167 0
2965500 -0.202146 0
2965600 -0.113826 0
2965700 0.0689688 0
2965800 0.25922 0
2965900 0.167457 0
2966000 -0.0129715 0
2966100 -0.0833403 0
2966200 0.224917 0
2966300 0.454658 0
2966400 0.421221 0
2966500 0.390629 0
2966600 0.226333 0
2966700 0.0264503 0
2966800 -0.193265 0
2966900 -0.362456 0
2967000 -0.380058 0
2967100 -0.236635 0
2967200 0.00279278 0
2967300 0.312221 0
2967400 0.410668 0
2967500 0.0539429 0
2967600 -0.382937 0
2967700 -0.850031 0
2967800 -0.691491 0
2967900 -0.00884403 0
2968000 0.373693 0
2968100 0.40738 0
2968200 0.0945026 0
2968300 -0.244958 0
2968400 -0.465943 0
2968500 -0.563314 0
2968600 -0.425455 0
2968700 -0.120034 0
2968800 0.0903048 0
2968900 -0.106215 0
2969000 -0.187388 0
2969100 -0.12809 0
2969200 0.208653 0
2969300 0.415098 0
2969400 0.46779 0
2969500 0.13944 0
2969600 -0.459811 0
2969700 -0.894493 0
2969800 -0.618127 0
2969900 -0.140347 0
2970000 0.164236 0
2970100 0.417818 0
2970200 0.601542 0
2970300 0.346114 0
2970400 -0.244925 0
2970500 -0.584594 0
2970600 -0.566805 0
2970700 -0.20595 0
2970800 0.461076 0
2970900 0.863312 0
2971000 0.858037 0
2971100 0.540032 0
2971200 -0.187157 0
2971300 -0.676591 0
2971400 -0.867389 0
2971500 -0.472245 0
2971600 0.294675 0
2971700 0.763517 0
2971800 0.464899 0
2971900 -0.226817 0
2972000 -0.71302 0
2972100 -0.691802 0
2972200 -0.22269 0
2972300 0.238849 0
2972400 0.587806 0
2972500 0.531469 0
2972600 0.282099 0
2972700 -0.0507505 0
2972800 0.00474558 0
2972900 0.243406 0
2973000 0.0873033 0
2973100 -0.239898 0
2973200 -0.377138 0
2973300 -0.226571 0
2973400 0.224846 0
2973500 0.328709 0
2973600 0.258644 0
2973700 0.256018 0
2973800 0.365619 0
2973900 0.323783 0
2974000 0.363061 0
2974100 0.387824 0
2974200 0.35309 0
2974300 0.418701 0
2974400 0.378939 0
2974500 0.196347 0
2974600 -0.149101 0
2974700 -0.373604 0
2974800 -0.280106 0
2974900 0.134569 0
2975000 0.425562 0
2975100 0.375679 0
2975200 0.0315599 0
2975300 0.0488175 0
2975400 0.0317875 0
2975500 0.122 0
2975600 0.360723 0
2975700 0.312677 0
2975800 0.303828 0
2975900 0.460591 0
2976000 0.0226552 0
2976100 -0.291958 0
2976200 -0.389992 0
2976300 -0.182995 0
2976400 0.158172 0
2976500 0.0639366 0
2976600 -0.0469582 0
2976700 0.0580194 0
2976800 -0.0339321 0
2976900 -0.192903 0
2977000 -0.333195 0
2977100 -0.385152 0
2977200 -0.114811 0
2977300 -0.162697 0
2977400 -0.23787 0
2977500 -0.154212 0
2977600 -0.0170545 0
2977700 0.0884138 0
2977800 0.141337 0
2977900 -0.125718 0
2978000 -0.51409 0
2978100 -0.576645 0
2978200 -0.32774 0
2978300 0.104593 0
2978400 0.721629 0
2978500 0.830001 0
2978600 0.482826 0
2978700 -0.00419982 0
2978800 -0.452659 0
2978900 -0.688075 0
2979000 -0.509149 0
2979100 0.320678 0
2979200 0.947156 0
2979300 0.898502 0
2979400 0.547092 0
2979500 0.221974 0
2979600 -0.0699674 0
2979700 -0.559835 0
2979800 -0.675497 0
2979900 -0.328592 0
2980000 -0.0368324 0
2980100 0.0170195 0
2980200 0.0826319 0
2980300 -0.0283693 0
2980400 -0.138705 0
2980500 -0.12005 0
2980600 -0.106003 0
2980700 0.221042 0
2980800 0.498962 0
2980900 0.317418 0
2981000 0.121853 0
2981100 -0.0431908 0
2981200 -0.296986 0
2981300 -0.408195 0
2981400 -0.0596758 0
2981500 0.573523 0
2981600 1.07128 0
2981700 0.895597 0
2981800 0.590709 0
2981900 0.119864 0
2982000 -0.155711 0
2982100 -0.144554 0
2982200 -0.0588686 0
2982300 0.150232 0
2982400 0.42079 0
2982500 0.580025 0
2982600 0.307438 0
2982700 -0.0195955 0
2982800 -0.283716 0
2982900 -0.226926 0
2983000 -0.0895062 0
2983100 0.144329 0
2983200 0.165792 0
2983300 0.168142 0
2983400 -0.126228 0
2983500 -0.225034 0
2983600 -0.101643 0
2983700 0.111395 0
2983800 0.492225 0
2983900 0.814303 0
2984000 0.44678 0
2984100 0.108806 0
2984200 0.238658 0
2984300 0.487818 0
2984400 0.25072 0
2984500 -0.153607 0
2984600 -0.384199 0
2984700 -0.404592 0
2984800 -0.0312431 0
2984900 0.368784 0
2985000 0.48965 0
2985100 0.423722 0
2985200 0.113557 0
2985300 -0.175056 0
2985400 -0.545319 0
2985500 -0.822182 0
2985600 -0.462415 0
2985700 -0.00725057 0
2985800 0.0767021 0
2985900 0.131045 0
2986000 0.0776023 0
2986100 -0.0476094 0
2986200 -0.0216406 0
2986300 0.14738 0
2986400 0.0763059 0
2986500 -0.0731222 0
2986600 0.231097 0
2986700 0.563747 0
2986800 0.461282 0
2986900 0.154022 0
2987000 -0.0625467 0
2987100 -0.227587 0
2987200 -0.081695 0
2987300 0.0257526 0
2987400 -0.14472 0
2987500 -0.345218 0
2987600 -0.231861 0
2987700 -0.000785615 0
2987800 0.328212 0
2987900 0.611332 0
2988000 0.628915 0
2988100 0.242197 0
2988200 -0.288561 0
2988300 -0.66739 0
2988400 -0.804164 0
2988500 -0.449849 0
2988600 -0.223371 0
2988700 -0.0452805 0
2988800 0.175187 0
2988900 0.319901 0
2989000 0.237867 0
2989100 0.0117893 0
2989200 -0.337242 0
2989300 -0.310378 0
2989400 -0.0130561 0
2989500 0.338475 0
2989600 0.650364 0
2989700 0.633242 0
2989800 0.545884 0
2989900 0.492551 0
2990000 0.521024 0
2990100 0.740465 0
2990200 0.882698 0
2990300 0.615351 0
2990400 0.163635 0
2990500 -0.175663 0
2990600 -0.233566 0
2990700 -0.306891 0
2990800 -0.543686 0
2990900 -0.412894 0
2991000 -0.0758133 0
2991100 0.286613 0
2991200 0.682241 0
2991300 0.589999 0
2991400 0.202525 0
2991500 -0.0608492 0
2991600 -0.0236967 0
2991700 0.0505271 0
2991800 0.068108 0
2991900 -0.152274 0
2992000 -0.304912 0
2992100 -0.150778 0
2992200 0.31059 0
2992300 0.517119 0
2992400 0.238955 0
2992500 -0.16581 0
2992600 -0.452545 0
2992700 -0.137521 0
2992800 0.308559 0
2992900 0.552332 0
2993000 0.421551 0
2993100 -0.143837 0
2993200 -0.437434 0
2993300 -0.402433 0
2993400 -0.386626 0
2993500 -0.470546 0
2993600 -0.223445 0
2993700 0.384357 0
2993800 0.75988 0
2993900 0.740281 0
2994000 0.402124 0
2994100 -0.0986718 0
2994200 -0.363094 0
2994300 -0.100657 0
2994400 0.152955 0
2994500 0.372256 0
2994600 0.479592 0
2994700 0.40718 0
2994800 0.114039 0
2994900 -0.0480124 0
2995000 -0.0239955 0
2995100 0.239792 0
2995200 0.391194 0
2995300 0.282566 0
2995400 -0.0653534 0
2995500 -0.314866 0
2995600 -0.25155 0
2995700 -0.278869 0
2995800 -0.0426407 0
2995900 0.3874 0
2996000 0.270886 0
2996100 -0.152493 0
2996200 -0.129131 0
2996300 0.338401 0
2996400 0.473423 0
2996500 0.226695 0
2996600 -0.212725 0
2996700 -0.458125 0
2996800 -0.229963 0
2996900 0.0924323 0
2997000 0.229415 0
2997100 0.234869 0
2997200 0.0821925 0
2997300 0.0136023 0
2997400 0.12084 0
2997500 0.107773 0
2997600 0.256035 0
2997700 0.135608 0
2997800 -0.286675 0
2997900 -0.561861 0
2998000 -0.422903 0
2998100 -0.142321 0
2998200 0.147755 0
2998300 0.527495 0
2998400 0.747053 0
2998500 0.533389 0
2998600 0.243222 0
2998700 0.145908 0
2998800 0.177206 0
2998900 -0.0797277 0
2999000 -0.448043 0
2999100 -0.842779 0
2999200 -0.919879 0
2999300 -0.559847 0
2999400 -0.238021 0
2999500 0.130466 0
2999600 0.280761 0
2999700 0.0322539 0
2999800 -0.104705 0
2999900 -0.110465 0
3000000 -0.070988 0
3000100 0.360981 0
3000200 0.851215 0
3000300 0.802529 0
3000400 0.504953 0
3000500 0.129928 0
3000600 -0.0295991 0
3000700 -0.299683 0
3000800 -0.489589 0
3000900 -0.565362 0
3001000 -0.198406 0
3001100 0.143008 0
3001200 0.163979 0
3001300 0.161012 0
3001400 0.297103 0
3001500 0.337924 0
3001600 0.153434 0
3001700 -0.0515212 0
3001800 -0.0379726 0
3001900 -0.0296034 0
3002000 -0.324755 0
3002100 -0.507322 0
3002200 -0.518694 0
3002300 -0.256516 0
3002400 0.129817 0
3002500 0.497372 0
3002600 0.744837 0
3002700 0.63728 0
3002800 0.17658 0
3002900 -0.358699 0
3003000 -0.662968 0
3003100 -0.684018 0
3003200 -0.601464 0
3003300 -0.710365 0
3003400 -0.442048 0
3003500 -0.0753279 0
3003600 0.427477 0
3003700 0.65825 0
3003800 0.358545 0
3003900 0.154274 0
3004000 0.221715 0
3004100 0.201238 0
3004200 0.0467678 0
3004300 -0.279806 0
3004400 -0.697434 0
3004500 -0.770167 0
3004600 -0.733149 0
3004700 -0.479471 0
3004800 -0.203956 0
3004900 0.196251 0
3005000 0.351884 0
3005100 0.487967 0
3005200 0.569465 0
3005300 0.506096 0
3005400 0.460917 0
3005500 0.462676 0
3005600 0.270424 0
3005700 0.000589161 0
3005800 0.0499709 0
3005900 0.165677 0
3006000 0.0640119 0
3006100 0.0832506 0
3006200 0.0313363 0
3006300 -0.158396 0
3006400 -0.164138 0
3006500 -0.342716 0
3006600 -0.440601 0
3006700 -0.329893 0
3006800 0.0688394 0
3006900 0.144506 0
3007000 -0.15034 0
3007100 -0.448412 0
3007200 -0.435621 0
3007300 -0.442564 0
3007400 -0.480422 0
3007500 -0.321837 0
3007600 0.0068195 0
3007700 0.36012 0
3007800 0.582639 0
3007900 0.444561 0
3008000 0.0393572 0
3008100 -0.326514 0
3008200 -0.383095 0
3008300 -0.295147 0
3008400 -0.199458 0
3008500 -0.155361 0
3008600 0.0286975 0
3008700 -0.0708834 0
3008800 -0.323436 0
3008900 -0.507671 0
3009000 -0.291687 0
3009100 -0.0442491 0
3009200 0.0478085 0
3009300 0.294519 0
3009400 0.26149 0
3009500 0.130777 0
3009600 0.0111764 0
3009700 -0.0050495 0
3009800 -0.0491061 0
3009900 -0.0526996 0
3010000 -0.0799636 0
3010100 -0.17866 0
3010200 -0.311423 0
3010300 -0.397017 0
3010400 -0.550865 0
3010500 -0.381376 0
3010600 0.208093 0
3010700 0.42363 0
3010800 0.279773 0
3010900 -0.085711 0
3011000 -0.501509 0
3011100 -0.50722 0
3011200 -0.265525 0
3011300 -0.06887 0
3011400 0.11601 0
3011500 0.124775 0
3011600 -0.112345 0
3011700 -0.259523 0
3011800 -0.0913601 0
3011900 0.239072 0
3012000 0.197593 0
3012100 -0.0398735 0
3012200 -0.137005 0
3012300 0.0583743 0
3012400 0.0808355 0
3012500 0.0250255 0
3012600 0.116566 0
3012700 0.175818 0
3012800 0.266015 0
3012900 0.0222166 0
3013000 -0.302368 0
3013100 -0.33011 0
3013200 -0.308817 0
3013300 -0.204943 0
3013400 0.0208165 0
3013500 0.277407 0
3013600 0.588739 0
3013700 0.758456 0
3013800 0.468435 0
3013900 -0.130139 0
3014000 -0.54635 0
3014100 -0.47071 0
3014200 -0.125491 0
3014300 0.166271 0
3014400 0.0305503 0
3014500 -0.325078 0
3014600 -0.462719 0
3014700 -0.299333 0
3014800 -0.22072 0
3014900 -0.293342 0
3015000 -0.161547 0
3015100 0.100138 0
3015200 -0.0419024 0
3015300 -0.243445 0
3015400 -0.64319 0
3015500 -0.890801 0
3015600 -0.853303 0
3015700 -0.401279 0
3015800 0.0131294 0
3015900 0.314543 0
3016000 0.448235 0
3016100 0.168293 0
3016200 -0.435589 0
3016300 -0.703991 0
3016400 -0.406034 0
3016500 0.163404 0
3016600 0.459973 0
3016700 0.551769 0
3016800 0.676311 0
3016900 0.201917 0
3017000 -0.824681 0
3017100 -1.29825 0
3017200 -1.00935 0
3017300 -0.347852 0
3017400 0.127723 0
3017500 0.421123 0
3017600 0.465659 0
3017700 0.248777 0
3017800 -0.237068 0
3017900 -0.461721 0
3018000 -0.206197 0
3018100 0.279113 0
3018200 0.548618 0
3018300 0.44713 0
3018400 0.182577 0
3018500 0.0274014 0
3018600 -0.178253 0
3018700 -0.203731 0
3018800 -0.380219 0
3018900 -0.280215 0
3019000 0.00387091 0
3019100 0.402809 0
3019200 0.249096 0
3019300 0.018801 0
3019400 -0.437638 0
3019500 -0.938685 0
3019600 -1.0288 0
3019700 -0.496919 0
3019800 -0.100087 0
3019900 -0.147608 0
3020000 -0.341116 0
3020100 -0.558199 0
3020200 -0.635588 0
3020300 -0.679551 0
3020400 -0.363961 0
3020500 0.325582 0
3020600 1.25446 0
3020700 1.22815 0
3020800 0.488983 0
3020900 -0.319098 0
3021000 -0.95713 0
3021100 -1.04921 0
3021200 -0.529252 0
3021300 0.199768 0
3021400 0.479632 0
3021500 0.376354 0
3021600 0.172686 0
3021700 0.223785 0
3021800 0.413139 0
3021900 0.351737 0
3022000 0.0753635 0
3022100 0.138101 0
3022200 0.128976 0
3022300 0.149951 0
3022400 0.0266693 0
3022500 -0.239494 0
3022600 -0.450191 0
3022700 -0.486942 0
3022800 -0.599014 0
3022900 -0.637941 0
3023000 -0.37126 0
3023100 -0.0908268 0
3023200 0.243756 0
3023300 0.378227 0
3023400 0.338902 0
3023500 0.230433 0
3023600 0.335031 0
3023700 0.433867 0
3023800 0.156055 0
3023900 -0.0101362 0
3024000 -0.0391234 0
3024100 -0.328552 0
3024200 -0.482261 0
3024300 -0.459668 0
3024400 -0.198404 0
3024500 0.111279 0
3024600 0.4907 0
3024700 0.556876 0
3024800 0.456706 0
3024900 0.264389 0
3025000 0.140059 0
3025100 0.0684661 0
3025200 -0.249307 0
3025300 -0.454251 0
3025400 -0.252039 0
3025500 0.274535 0
3025600 0.575272 0
3025700 0.579704 0
3025800 0.435918 0
3025900 0.214283 0
3026000 -0.219429 0
3026100 -0.605405 0
3026200 -0.661598 0
3026300 -0.499296 0
3026400 -0.000391307 0
3026500 0.867381 0
3026600 1.35964 0
3026700 0.98499 0
3026800 0.287786 0
3026900 -0.234818 0
3027000 -0.699806 0
3027100 -0.738104 0
3027200 -0.469132 0
3027300 -0.228874 0
3027400 -0.130525 0
3027500 -0.245436 0
3027600 -0.401613 0
3027700 -0.339566 0
3027800 -0.134146 0
3027900 -0.169982 0
3028000 -0.320157 0
3028100 -0.215842 0
3028200 -0.108721 0
3028300 0.0349288 0
3028400 0.189998 0
3028500 0.149372 0
3028600 0.165815 0
3028700 0.385879 0
3028800 0.335582 0
3028900 0.315714 0
3029000 -0.0651288 0
3029100 -0.301713 0
3029200 -0.203966 0
3029300 0.0191244 0
3029400 0.280161 0
3029500 0.295322 0
3029600 0.201847 0
3029700 -0.123523 0
3029800 -0.494197 0
3029900 -0.745856 0
3030000 -0.727896 0
3030100 -0.714855 0
3030200 -0.317689 0
3030300 0.182251 0
3030400 0.480318 0
3030500 0.648983 0
3030600 0.620099 0
3030700 0.456016 0
3030800 0.143642 0
3030900 -0.516791 0
3031000 -1.02253 0
3031100 -0.984489 0
3031200 -0.288522 0
3031300 0.281612 0
3031400 0.693501 0
3031500 0.805344 0
3031600 0.553344 0
3031700 0.0233889 0
3031800 -0.289324 0
3031900 -0.523313 0
3032000 -0.319657 0
3032100 0.225121 0
3032200 0.434237 0
3032300 0.0410025 0
3032400 -0.293457 0
3032500 -0.260498 0
3032600 -0.125521 0
3032700 -0.0334672 0
3032800 0.00151438 0
3032900 0.0933342 0
3033000 0.156365 0
3033100 0.0297053 0
3033200 0.035462 0
3033300 0.130038 0
3033400 0.144909 0
3033500 0.112546 0
3033600 -0.266562 0
3033700 -0.551352 0
3033800 -0.458475 0
3033900 -0.217796 0
3034000 0.148109 0
3034100 0.347528 0
3034200 0.443343 0
3034300 0.47845 0
3034400 0.332702 0
3034500 -0.000571601 0
3034600 -0.721617 0
3034700 -1.31308 0
3034800 -1.22852 0
3034900 -0.659859 0
3035000 -0.0719493 0
3035100 0.0100108 0
3035200 -0.155944 0
3035300 -0.495872 0
3035400 -0.656314 0
3035500 -0.144977 0
3035600 0.311934 0
3035700 0.289468 0
3035800 -0.0450642 0
3035900 -0.486831 0
3036000 -0.680163 0
3036100 -0.617394 0
3036200 -0.337076 0
3036300 0.0461081 0
3036400 -0.0883093 0
3036500 -0.514412 0
3036600 -0.713173 0
3036700 -0.611222 0
3036800 -0.497172 0
3036900 -0.249245 0
3037000 0.313652 0
3037100 0.771568 0
3037200 0.939792 0
3037300 0.786127 0
3037400 0.0752242 0
3037500 -0.403024 0
3037600 -0.291946 0
3037700 0.248635 0
3037800 0.689517 0
3037900 0.820369 0
3038000 0.774324 0
3038100 0.516679 0
3038200 -0.146034 0
3038300 -0.636228 0
3038400 -0.632481 0
3038500 -0.210493 0
3038600 0.209328 0
3038700 0.366746 0
3038800 0.255095 0
3038900 0.25067 0
3039000 -0.138072 0
3039100 -0.666323 0
3039200 -0.565139 0
3039300 -0.318873 0
3039400 0.0193832 0
3039500 0.294375 0
3039600 0.172199 0
3039700 -0.0569909 0
3039800 -0.316781 0
3039900 -0.47903 0
3040000 -0.327167 0
3040100 -0.0493075 0
3040200 0.178867 0
3040300 0.196857 0
3040400 0.0633433 0
3040500 0.0972913 0
3040600 0.0985459 0
3040700 0.216623 0
3040800 0.192312 0
3040900 -0.143371 0
3041000 -0.0726133 0
3041100 0.424654 0
3041200 0.573964 0
3041300 0.204993 0
3041400 -0.372757 0
3041500 -0.558813 0
3041600 -0.0940627 0
3041700 0.178332 0
3041800 0.00527275 0
3041900 -0.178818 0
3042000 -0.25608 0
3042100 -0.231356 0
3042200 0.0963862 0
3042300 0.365698 0
3042400 0.580408 0
3042500 0.51207 0
3042600 -0.030723 0
3042700 -0.445719 0
3042800 -0.342632 0
3042900 0.228446 0
3043000 0.572811 0
3043100 0.393442 0
3043200 -0.171756 0
3043300 -0.264364 0
3043400 -0.0754513 0
3043500 0.152463 0
3043600 0.0474638 0
3043700 -0.13708 0
3043800 0.0269116 0
3043900 -0.0267487 0
3044000 -0.145842 0
3044100 -0.168239 0
3044200 -0.204354 0
3044300 -0.164752 0
3044400 -0.0382699 0
3044500 0.24746 0
3044600 0.37818 0
3044700 0.0860159 0
3044800 -0.415167 0
3044900 -0.61093 0
3045000 -0.478404 0
3045100 -0.386179 0
3045200 -0.261818 0
3045300 0.149511 0
3045400 0.613791 0
3045500 0.55103 0
3045600 0.248696 0
3045700 0.198684 0
3045800 0.0802736 0
3045900 -0.0526195 0
3046000 -0.337187 0
3046100 -0.222776 0
3046200 0.0868961 0
3046300 0.0473169 0
3046400 -0.202191 0
3046500 -0.152601 0
3046600 -0.227396 0
3046700 -0.249343 0
3046800 -0.170714 0
3046900 -0.0305863 0
3047000 0.0275352 0
3047100 0.0131254 0
3047200 -0.00402498 0
3047300 0.0344042 0
3047400 0.0588421 0
3047500 0.348071 0
3047600 0.406277 0
3047700 0.0820132 0
3047800 0.151668 0
3047900 0.489493 0
3048000 0.494706 0
3048100 0.328938 0
3048200 0.0842772 0
3048300 -0.176298 0
3048400 -0.370795 0
3048500 -0.386541 0
3048600 -0.320773 0
3048700 -0.349071 0
3048800 -0.211871 0
3048900 -0.0156634 0
3049000 0.109228 0
3049100 -0.109324 0
3049200 -0.352533 0
3049300 -0.516241 0
3049400 -0.455365 0
3049500 -0.247505 0
3049600 -0.0993087 0
3049700 0.174114 0
3049800 0.205381 0
3049900 0.034226 0
3050000 0.0659817 0
