# Time-averaged data for fix myat1
# TimeStep v_xave v_xdes
4510100 25.4749 26
4510200 25.3591 26
4510300 25.5782 26
4510400 26.2457 26
4510500 26.7212 26
4510600 26.798 26
4510700 26.4915 26
4510800 26.0317 26
4510900 25.7421 26
4511000 25.5855 26
4511100 25.8036 26
4511200 26.3658 26
4511300 26.7451 26
4511400 26.908 26
4511500 26.6412 26
4511600 26.1908 26
4511700 25.9291 26
4511800 25.8051 26
4511900 25.6683 26
4512000 25.5435 26
4512100 25.6763 26
4512200 25.7991 26
4512300 25.9408 26
4512400 26.0573 26
4512500 25.8819 26
4512600 25.745 26
4512700 25.639 26
4512800 25.6706 26
4512900 25.901 26
4513000 26.1539 26
4513100 26.0695 26
4513200 26.0347 26
4513300 26.0883 26
4513400 26.1485 26
4513500 25.9914 26
4513600 25.8709 26
4513700 25.919 26
4513800 26.0666 26
4513900 26.1924 26
4514000 26.1479 26
4514100 26.1439 26
4514200 26.1125 26
4514300 26.2388 26
4514400 26.4119 26
4514500 26.6345 26
4514600 26.5771 26
4514700 26.1887 26
4514800 25.7159 26
4514900 25.2568 26
4515000 25.3147 26
4515100 26.077 26
4515200 26.9397 26
4515300 27.1499 26
4515400 26.6413 26
4515500 25.7524 26
4515600 25.2335 26
4515700 25.2871 26
4515800 25.8335 26
4515900 26.4183 26
4516000 26.6265 26
4516100 26.7265 26
4516200 26.6515 26
4516300 26.1001 26
4516400 25.5551 26
4516500 25.4332 26
4516600 25.7299 26
4516700 25.9438 26
4516800 25.9275 26
4516900 25.8729 26
4517000 25.8549 26
4517100 25.9265 26
4517200 26.1023 26
4517300 26.1281 26
4517400 26.0265 26
4517500 25.7305 26
4517600 25.5413 26
4517700 25.4976 26
4517800 25.7664 26
4517900 26.0457 26
4518000 26.3213 26
4518100 26.4066 26
4518200 26.4984 26
4518300 26.5019 26
4518400 26.1402 26
4518500 25.7022 26
4518600 25.9421 26
4518700 26.54 26
4518800 26.8541 26
4518900 26.578 26
4519000 26.1534 26
4519100 26.2232 26
4519200 26.5807 26
4519300 26.806 26
4519400 26.5354 26
4519500 25.7405 26
4519600 25.2409 26
4519700 25.3123 26
4519800 25.7407 26
4519900 26.1975 26
4520000 26.2185 26
4520100 26.0639 26
4520200 25.8986 26
4520300 25.8034 26
4520400 25.642 26
4520500 25.9812 26
4520600 26.2649 26
4520700 26.2625 26
4520800 26.1255 26
4520900 25.9707 26
4521000 26.0891 26
4521100 26.1817 26
4521200 26.0485 26
4521300 25.8269 26
4521400 25.7432 26
4521500 25.8479 26
4521600 25.8987 26
4521700 25.9207 26
4521800 25.7153 26
4521900 25.6822 26
4522000 25.9187 26
4522100 26.3952 26
4522200 26.6317 26
4522300 26.4704 26
4522400 26.1504 26
4522500 25.9604 26
4522600 25.8404 26
4522700 25.9821 26
4522800 26.3936 26
4522900 26.7681 26
4523000 26.5102 26
4523100 26.0078 26
4523200 25.8086 26
4523300 25.5193 26
4523400 25.3726 26
4523500 25.5525 26
4523600 25.728 26
4523700 25.6394 26
4523800 25.6474 26
4523900 25.8498 26
4524000 26.2517 26
4524100 26.4518 26
4524200 26.3247 26
4524300 25.8711 26
4524400 25.4295 26
4524500 25.1021 26
4524600 25.3712 26
4524700 26.1218 26
4524800 26.3639 26
4524900 26.0818 26
4525000 25.8847 26
4525100 25.5656 26
4525200 25.3737 26
4525300 25.724 26
4525400 26.1461 26
4525500 26.5542 26
4525600 26.9194 26
4525700 26.919 26
4525800 26.5546 26
4525900 25.8643 26
4526000 25.3958 26
4526100 25.2145 26
4526200 25.4349 26
4526300 25.9098 26
4526400 26.1698 26
4526500 26.2072 26
4526600 26.3818 26
4526700 26.3666 26
4526800 26.1975 26
4526900 25.9193 26
4527000 25.7846 26
4527100 25.871 26
4527200 26.1354 26
4527300 26.4214 26
4527400 26.3419 26
4527500 26.0717 26
4527600 25.8363 26
4527700 25.9222 26
4527800 26.3135 26
4527900 26.5577 26
4528000 26.4372 26
4528100 26.3175 26
4528200 26.4375 26
4528300 26.6778 26
4528400 26.8901 26
4528500 26.79 26
4528600 26.4027 26
4528700 25.8717 26
4528800 25.5171 26
4528900 25.4882 26
4529000 25.782 26
4529100 26.2519 26
4529200 26.3809 26
4529300 26.1642 26
4529400 26.1523 26
4529500 26.1652 26
4529600 26.2232 26
4529700 26.0267 26
4529800 25.7388 26
4529900 25.6827 26
4530000 25.8696 26
4530100 26.3368 26
4530200 26.6258 26
4530300 26.742 26
4530400 26.6334 26
4530500 26.3543 26
4530600 26.2976 26
4530700 26.2229 26
4530800 26.0349 26
4530900 26.0221 26
4531000 25.7713 26
4531100 25.5405 26
4531200 25.6781 26
4531300 25.9811 26
4531400 26.4244 26
4531500 26.4114 26
4531600 26.0232 26
4531700 25.8157 26
4531800 25.787 26
4531900 25.9838 26
4532000 26.2444 26
4532100 26.5454 26
4532200 26.7456 26
4532300 26.6568 26
4532400 26.0067 26
4532500 25.2324 26
4532600 25.1102 26
4532700 25.5894 26
4532800 26.0573 26
4532900 26.2767 26
4533000 26.0931 26
4533100 25.8414 26
4533200 25.7665 26
4533300 25.8282 26
4533400 25.9247 26
4533500 26.3324 26
4533600 26.5909 26
4533700 26.3347 26
4533800 25.876 26
4533900 25.6555 26
4534000 25.4503 26
4534100 25.4586 26
4534200 25.6061 26
4534300 25.7341 26
4534400 25.9852 26
4534500 26.0592 26
4534600 26.0291 26
4534700 26.0857 26
4534800 26.1291 26
4534900 25.8186 26
4535000 25.3671 26
4535100 25.4703 26
4535200 26.0319 26
4535300 26.3025 26
4535400 26.2925 26
4535500 26.2842 26
4535600 26.3074 26
4535700 26.3565 26
4535800 26.2652 26
4535900 26.1737 26
4536000 26.0782 26
4536100 26.0258 26
4536200 25.9793 26
4536300 25.776 26
4536400 25.5793 26
4536500 25.5193 26
4536600 25.5341 26
4536700 25.675 26
4536800 25.9629 26
4536900 26.1533 26
4537000 26.134 26
4537100 26.1807 26
4537200 26.1856 26
4537300 26.0471 26
4537400 25.4703 26
4537500 24.9618 26
4537600 25.1374 26
4537700 25.7761 26
4537800 26.2392 26
4537900 26.4843 26
4538000 26.2648 26
4538100 25.9023 26
4538200 25.8555 26
4538300 26.0224 26
4538400 26.0537 26
4538500 25.9976 26
4538600 25.807 26
4538700 25.5197 26
4538800 25.547 26
4538900 25.7647 26
4539000 26.1676 26
4539100 26.4396 26
4539200 26.5503 26
4539300 26.3721 26
4539400 26.2841 26
4539500 26.2604 26
4539600 25.9817 26
4539700 25.5843 26
4539800 25.3807 26
4539900 25.6045 26
4540000 26.0239 26
4540100 26.4421 26
4540200 26.4382 26
4540300 26.2084 26
4540400 26.0322 26
4540500 25.8153 26
4540600 25.7825 26
4540700 25.8972 26
4540800 25.8933 26
4540900 26.1379 26
4541000 26.3532 26
4541100 26.0655 26
4541200 25.6874 26
4541300 25.7538 26
4541400 26.1023 26
4541500 26.3873 26
4541600 26.1889 26
4541700 25.9408 26
4541800 26.0097 26
4541900 26.1949 26
4542000 26.122 26
4542100 26.1326 26
4542200 26.0916 26
4542300 25.9103 26
4542400 25.5303 26
4542500 25.4849 26
4542600 25.976 26
4542700 26.1124 26
4542800 26.2429 26
4542900 26.1083 26
4543000 25.6166 26
4543100 25.5123 26
4543200 25.8578 26
4543300 26.1154 26
4543400 25.9707 26
4543500 25.7117 26
4543600 25.3645 26
4543700 25.4157 26
4543800 25.7583 26
4543900 26.3241 26
4544000 26.8001 26
4544100 26.8078 26
4544200 26.5243 26
4544300 25.9358 26
4544400 25.5897 26
4544500 25.3669 26
4544600 25.4425 26
4544700 25.6055 26
4544800 25.8775 26
4544900 26.0132 26
4545000 25.8956 26
4545100 25.6494 26
4545200 25.4773 26
4545300 25.5344 26
4545400 25.9963 26
4545500 26.3449 26
4545600 26.3049 26
4545700 25.921 26
4545800 25.5889 26
4545900 25.4379 26
4546000 25.6587 26
4546100 26.2208 26
4546200 26.6868 26
4546300 26.9162 26
4546400 27.0907 26
4546500 26.9877 26
4546600 26.5556 26
4546700 26.1794 26
4546800 25.8372 26
4546900 25.8068 26
4547000 26.0443 26
4547100 26.2645 26
4547200 26.3108 26
4547300 26.1979 26
4547400 25.7927 26
4547500 25.6721 26
4547600 26.1089 26
4547700 26.543 26
4547800 26.7074 26
4547900 26.2819 26
4548000 25.7663 26
4548100 25.2209 26
4548200 25.1179 26
4548300 25.7299 26
4548400 26.466 26
4548500 26.752 26
4548600 26.6018 26
4548700 26.3473 26
4548800 25.9319 26
4548900 25.6527 26
4549000 25.8421 26
4549100 26.0458 26
4549200 25.7943 26
4549300 25.6568 26
4549400 25.9474 26
4549500 26.1232 26
4549600 26.1355 26
4549700 26.1332 26
4549800 26.0651 26
4549900 26.0186 26
4550000 26.0259 26
4550100 25.8792 26
4550200 25.8982 26
4550300 25.7897 26
4550400 26.0051 26
4550500 26.3656 26
4550600 26.3307 26
4550700 26.1608 26
4550800 25.8815 26
4550900 25.5543 26
4551000 25.4038 26
4551100 25.7599 26
4551200 26.2087 26
4551300 26.2557 26
4551400 26.0955 26
4551500 26.0844 26
4551600 26.1268 26
4551700 25.913 26
4551800 25.6539 26
4551900 25.8615 26
4552000 26.0133 26
4552100 25.7432 26
4552200 25.3868 26
4552300 25.4618 26
4552400 26.0238 26
4552500 26.6115 26
4552600 27.0158 26
4552700 26.9131 26
4552800 26.4676 26
4552900 25.9148 26
4553000 25.7734 26
4553100 26.0211 26
4553200 26.1574 26
4553300 26.0916 26
4553400 25.8446 26
4553500 25.5492 26
4553600 25.33 26
4553700 25.317 26
4553800 25.5851 26
4553900 25.9933 26
4554000 26.4598 26
4554100 26.7412 26
4554200 26.6316 26
4554300 26.3706 26
4554400 26.2491 26
4554500 26.2308 26
4554600 26.0877 26
4554700 26.0243 26
4554800 26.345 26
4554900 26.5607 26
4555000 26.5359 26
4555100 26.1575 26
4555200 25.5374 26
4555300 25.3067 26
4555400 25.3567 26
4555500 25.8926 26
4555600 26.529 26
4555700 26.7911 26
4555800 26.3829 26
4555900 25.8543 26
4556000 25.557 26
4556100 25.6026 26
4556200 25.6641 26
4556300 25.4462 26
4556400 25.4764 26
4556500 25.547 26
4556600 25.6673 26
4556700 26.101 26
4556800 26.3639 26
4556900 26.4728 26
4557000 26.4049 26
4557100 26.1522 26
4557200 26.0565 26
4557300 26.0363 26
4557400 25.9498 26
4557500 26.1244 26
4557600 26.5454 26
4557700 26.7887 26
4557800 26.6168 26
4557900 26.1697 26
4558000 25.9113 26
4558100 25.8549 26
4558200 25.9221 26
4558300 26.2595 26
4558400 26.5177 26
4558500 26.672 26
4558600 26.6019 26
4558700 26.411 26
4558800 25.8933 26
4558900 25.3251 26
4559000 25.3086 26
4559100 25.5628 26
4559200 26.0684 26
4559300 26.403 26
4559400 26.5658 26
4559500 26.3863 26
4559600 26.1585 26
4559700 25.9303 26
4559800 25.8687 26
4559900 25.9282 26
4560000 26.276 26
4560100 26.5079 26
4560200 26.3029 26
4560300 25.7939 26
4560400 25.2325 26
4560500 25.2788 26
4560600 25.8175 26
4560700 26.3837 26
4560800 26.2543 26
4560900 26.0257 26
4561000 25.904 26
4561100 25.584 26
4561200 25.6785 26
4561300 26.1286 26
4561400 26.361 26
4561500 26.3581 26
4561600 26.2787 26
4561700 25.9659 26
4561800 25.6541 26
4561900 25.878 26
4562000 26.5042 26
4562100 26.694 26
4562200 26.1149 26
4562300 25.4325 26
4562400 25.1715 26
4562500 25.4227 26
4562600 25.8607 26
4562700 25.8782 26
4562800 25.952 26
4562900 26.1742 26
4563000 26.4709 26
4563100 26.6202 26
4563200 26.5216 26
4563300 26.1287 26
4563400 25.9479 26
4563500 25.9694 26
4563600 25.9015 26
4563700 26.0069 26
4563800 26.2156 26
4563900 26.4065 26
4564000 26.3399 26
4564100 25.9951 26
4564200 25.9262 26
4564300 26.2669 26
4564400 26.527 26
4564500 26.5196 26
4564600 26.0792 26
4564700 25.8895 26
4564800 26.1612 26
4564900 26.2814 26
4565000 26.1407 26
4565100 25.9694 26
4565200 25.916 26
4565300 25.8904 26
4565400 26.0114 26
4565500 26.0053 26
4565600 25.9439 26
4565700 26.0688 26
4565800 26.2324 26
4565900 26.0181 26
4566000 25.5606 26
4566100 25.7242 26
4566200 26.1389 26
4566300 26.3564 26
4566400 26.4391 26
4566500 26.4465 26
4566600 26.1621 26
4566700 26.0632 26
4566800 26.1637 26
4566900 26.319 26
4567000 26.1385 26
4567100 25.8573 26
4567200 25.3846 26
4567300 24.911 26
4567400 25.0818 26
4567500 25.7119 26
4567600 26.3787 26
4567700 26.4482 26
4567800 26.1213 26
4567900 25.8338 26
4568000 25.4494 26
4568100 25.2467 26
4568200 25.2231 26
4568300 25.4929 26
4568400 25.8863 26
4568500 26.3252 26
4568600 26.5548 26
4568700 26.4696 26
4568800 26.4422 26
4568900 26.5294 26
4569000 26.6293 26
4569100 26.637 26
4569200 26.4661 26
4569300 25.9282 26
4569400 25.573 26
4569500 25.5533 26
4569600 26.1514 26
4569700 26.4563 26
4569800 26.2462 26
4569900 25.9748 26
4570000 25.5506 26
4570100 25.2163 26
4570200 25.248 26
4570300 25.5746 26
4570400 26.1039 26
4570500 26.6006 26
4570600 26.7853 26
4570700 26.4553 26
4570800 25.9281 26
4570900 25.3046 26
4571000 24.8378 26
4571100 25.1163 26
4571200 25.8115 26
4571300 26.4955 26
4571400 27.164 26
4571500 27.1062 26
4571600 26.5532 26
4571700 25.9826 26
4571800 25.6837 26
4571900 25.6701 26
4572000 25.7638 26
4572100 26.0216 26
4572200 26.0074 26
4572300 25.7646 26
4572400 25.6481 26
4572500 25.8028 26
4572600 26.0043 26
4572700 25.9885 26
4572800 25.9332 26
4572900 25.9253 26
4573000 26.1375 26
4573100 25.8528 26
4573200 25.1757 26
4573300 25.0823 26
4573400 25.5253 26
4573500 25.9542 26
4573600 26.3385 26
4573700 26.3723 26
4573800 26.099 26
4573900 25.8271 26
4574000 25.8281 26
4574100 25.7449 26
4574200 25.6134 26
4574300 25.6283 26
4574400 25.4652 26
4574500 25.78 26
4574600 26.5096 26
4574700 26.8345 26
4574800 26.5303 26
4574900 25.8885 26
4575000 25.6317 26
4575100 25.861 26
4575200 26.0741 26
4575300 26.2572 26
4575400 26.3923 26
4575500 26.3008 26
4575600 26.2276 26
4575700 26.1928 26
4575800 25.8143 26
4575900 25.6232 26
4576000 25.9631 26
4576100 26.2495 26
4576200 26.2211 26
4576300 26.1399 26
4576400 26.1234 26
4576500 26.2658 26
4576600 26.0314 26
4576700 25.8055 26
4576800 25.8579 26
4576900 26.1577 26
4577000 26.5157 26
4577100 26.5072 26
4577200 26.4642 26
4577300 26.1557 26
4577400 25.8685 26
4577500 25.7172 26
4577600 25.8432 26
4577700 26.1841 26
4577800 26.3302 26
4577900 26.1754 26
4578000 25.8234 26
4578100 25.5538 26
4578200 25.3607 26
4578300 25.6412 26
4578400 26.2797 26
4578500 26.4812 26
4578600 25.9987 26
4578700 25.6057 26
4578800 25.4384 26
4578900 25.4744 26
4579000 25.5384 26
4579100 25.9324 26
4579200 26.0871 26
4579300 26.1761 26
4579400 26.0606 26
4579500 25.7526 26
4579600 25.3976 26
4579700 25.3861 26
4579800 25.6401 26
4579900 26.0178 26
4580000 25.9757 26
4580100 25.8209 26
4580200 25.6501 26
4580300 25.5686 26
4580400 25.7442 26
4580500 26.112 26
4580600 26.5295 26
4580700 26.5722 26
4580800 26.4796 26
4580900 26.3608 26
4581000 26.0985 26
4581100 25.8803 26
4581200 25.67 26
4581300 25.669 26
4581400 25.946 26
4581500 26.2904 26
4581600 26.5451 26
4581700 26.3415 26
4581800 26.1779 26
4581900 26.0784 26
4582000 25.8894 26
4582100 25.7821 26
4582200 25.8501 26
4582300 25.873 26
4582400 26.0025 26
4582500 26.0898 26
4582600 26.0071 26
4582700 26.194 26
4582800 26.2763 26
4582900 26.2766 26
4583000 26.0516 26
4583100 26.084 26
4583200 26.4684 26
4583300 26.6891 26
4583400 26.3798 26
4583500 26.26 26
4583600 26.4304 26
4583700 26.5134 26
4583800 26.526 26
4583900 26.3171 26
4584000 26.1799 26
4584100 26.1494 26
4584200 26.0543 26
4584300 25.8561 26
4584400 25.6477 26
4584500 25.7917 26
4584600 26.0625 26
4584700 26.0453 26
4584800 25.8797 26
4584900 25.854 26
4585000 26.0475 26
4585100 26.3721 26
4585200 26.6634 26
4585300 26.7595 26
4585400 26.5259 26
4585500 26.1351 26
4585600 25.8571 26
4585700 25.8244 26
4585800 25.7751 26
4585900 25.7286 26
4586000 25.9733 26
4586100 26.2312 26
4586200 26.233 26
4586300 26.1702 26
4586400 26.0631 26
4586500 26.1565 26
4586600 26.2768 26
4586700 25.8372 26
4586800 25.2192 26
4586900 25.2043 26
4587000 25.6222 26
4587100 26.166 26
4587200 26.4384 26
4587300 26.7151 26
4587400 27.0144 26
4587500 26.9768 26
4587600 26.4025 26
4587700 25.7718 26
4587800 25.7236 26
4587900 26.0896 26
4588000 26.4312 26
4588100 26.3653 26
4588200 25.8815 26
4588300 25.4374 26
4588400 25.4982 26
4588500 25.7088 26
4588600 26.0115 26
4588700 26.3283 26
4588800 26.482 26
4588900 26.3028 26
4589000 26.3196 26
4589100 26.2335 26
4589200 25.9967 26
4589300 25.7728 26
4589400 25.8416 26
4589500 26.1486 26
4589600 26.3571 26
4589700 26.4283 26
4589800 26.0443 26
4589900 25.6868 26
4590000 25.5415 26
4590100 25.4484 26
4590200 25.5387 26
4590300 25.6736 26
4590400 25.7972 26
4590500 25.8747 26
4590600 26.1881 26
4590700 26.2333 26
4590800 26.0646 26
4590900 25.8916 26
4591000 25.7934 26
4591100 25.8432 26
4591200 26.1085 26
4591300 26.3396 26
4591400 26.3305 26
4591500 26.3051 26
4591600 26.3861 26
4591700 26.4331 26
4591800 26.2996 26
4591900 26.2587 26
4592000 26.3585 26
4592100 26.1811 26
4592200 25.846 26
4592300 25.6259 26
4592400 25.4442 26
4592500 25.7799 26
4592600 26.3422 26
4592700 26.5004 26
4592800 26.2853 26
4592900 25.9613 26
4593000 25.5631 26
4593100 25.7259 26
4593200 26.0411 26
4593300 26.1418 26
4593400 26.1423 26
4593500 26.2589 26
4593600 26.4272 26
4593700 26.2412 26
4593800 25.9794 26
4593900 25.6645 26
4594000 25.6731 26
4594100 26.0507 26
4594200 26.1633 26
4594300 26.1041 26
4594400 26.105 26
4594500 26.1631 26
4594600 26.1654 26
4594700 26.2602 26
4594800 26.4551 26
4594900 26.5142 26
4595000 26.1732 26
4595100 25.7189 26
4595200 25.5687 26
4595300 25.8711 26
4595400 26.2168 26
4595500 26.3339 26
4595600 26.2416 26
4595700 26.0539 26
4595800 25.9659 26
4595900 26.0878 26
4596000 26.1327 26
4596100 26.5505 26
4596200 27.0671 26
4596300 27.0542 26
4596400 26.6296 26
4596500 26.2492 26
4596600 25.9475 26
4596700 26.0093 26
4596800 26.0052 26
4596900 25.8747 26
4597000 25.7941 26
4597100 25.6522 26
4597200 25.6723 26
4597300 25.975 26
4597400 26.2712 26
4597500 26.0791 26
4597600 25.7564 26
4597700 25.8737 26
4597800 26.048 26
4597900 26.0328 26
4598000 25.889 26
4598100 25.7583 26
4598200 25.8862 26
4598300 26.2639 26
4598400 26.3086 26
4598500 26.3282 26
4598600 26.2807 26
4598700 26.1428 26
4598800 25.9473 26
4598900 26.1036 26
4599000 26.3348 26
4599100 26.3155 26
4599200 26.1358 26
4599300 25.7519 26
4599400 25.4886 26
4599500 25.5616 26
4599600 25.8747 26
4599700 26.2067 26
4599800 26.2731 26
4599900 26.0467 26
4600000 25.7824 26
4600100 25.9784 26
4600200 26.2988 26
4600300 26.452 26
4600400 26.2446 26
4600500 25.9814 26
4600600 25.6749 26
4600700 25.3864 26
4600800 25.2224 26
4600900 25.437 26
4601000 26.0326 26
4601100 26.5435 26
4601200 26.3538 26
4601300 25.7102 26
4601400 25.3857 26
4601500 25.4681 26
4601600 25.9656 26
4601700 26.8592 26
4601800 27.1928 26
4601900 26.648 26
4602000 25.82 26
4602100 25.3345 26
4602200 25.5529 26
4602300 26.015 26
4602400 26.4865 26
4602500 26.7637 26
4602600 26.7658 26
4602700 26.5544 26
4602800 25.9186 26
4602900 25.5189 26
4603000 25.5955 26
4603100 25.9034 26
4603200 25.8832 26
4603300 25.8761 26
4603400 25.8905 26
4603500 25.7967 26
4603600 25.5995 26
4603700 25.5992 26
4603800 25.7399 26
4603900 25.9828 26
4604000 26.1712 26
4604100 26.2506 26
4604200 26.1549 26
4604300 25.7972 26
4604400 25.7068 26
4604500 26.0548 26
4604600 26.584 26
4604700 26.9367 26
4604800 27.1542 26
4604900 26.8828 26
4605000 26.0674 26
4605100 25.388 26
4605200 25.1099 26
4605300 25.364 26
4605400 25.943 26
4605500 26.3304 26
4605600 26.4891 26
4605700 26.2496 26
4605800 25.905 26
4605900 25.8354 26
4606000 25.7228 26
4606100 25.8717 26
4606200 26.2858 26
4606300 26.774 26
4606400 26.7982 26
4606500 26.5433 26
4606600 26.2819 26
4606700 26.0252 26
4606800 26.0009 26
4606900 26.1845 26
4607000 26.3478 26
4607100 26.07 26
4607200 25.6834 26
4607300 25.543 26
4607400 25.3483 26
4607500 25.3123 26
4607600 25.5934 26
4607700 25.9802 26
4607800 26.2472 26
4607900 26.4202 26
4608000 26.4366 26
4608100 26.1896 26
4608200 25.7724 26
4608300 25.6003 26
4608400 25.7655 26
4608500 26.1006 26
4608600 26.0139 26
4608700 25.8007 26
4608800 25.6708 26
4608900 25.5799 26
4609000 25.5209 26
4609100 25.42 26
4609200 25.5669 26
4609300 25.9386 26
4609400 26.2222 26
4609500 26.0932 26
4609600 25.8797 26
4609700 25.9253 26
4609800 26.0865 26
4609900 26.2744 26
4610000 26.2643 26
