# Time-averaged data for fix myat1
# TimeStep v_xave v_xdes
7330100 18.1672 18
7330200 18.1019 18
7330300 17.8926 18
7330400 17.6761 18
7330500 17.4398 18
7330600 17.353 18
7330700 17.4726 18
7330800 17.645 18
7330900 17.4758 18
7331000 17.4624 18
7331100 17.6366 18
7331200 17.8225 18
7331300 18.2308 18
7331400 18.4955 18
7331500 18.4351 18
7331600 18.1982 18
7331700 18.1319 18
7331800 18.0748 18
7331900 17.9879 18
7332000 17.7841 18
7332100 17.3815 18
7332200 16.9939 18
7332300 17.0725 18
7332400 17.4386 18
7332500 17.657 18
7332600 17.587 18
7332700 17.6105 18
7332800 17.7074 18
7332900 17.7511 18
7333000 17.8155 18
7333100 18.0165 18
7333200 18.0066 18
7333300 17.9759 18
7333400 18.0422 18
7333500 18.0324 18
7333600 18.0477 18
7333700 18.1854 18
7333800 18.1147 18
7333900 17.9518 18
7334000 17.9114 18
7334100 18.1688 18
7334200 18.5388 18
7334300 18.4648 18
7334400 18.242 18
7334500 17.9693 18
7334600 17.8825 18
7334700 17.8167 18
7334800 17.7392 18
7334900 17.6264 18
7335000 17.642 18
7335100 17.7096 18
7335200 17.8575 18
7335300 17.9112 18
7335400 18.0751 18
7335500 18.1828 18
7335600 18.1791 18
7335700 17.9531 18
7335800 17.77 18
7335900 17.8011 18
7336000 17.9686 18
7336100 18.1148 18
7336200 18.3491 18
7336300 18.4086 18
7336400 18.4914 18
7336500 18.6386 18
7336600 18.6416 18
7336700 18.4982 18
7336800 18.4382 18
7336900 18.3741 18
7337000 18.218 18
7337100 18.1681 18
7337200 18.2241 18
7337300 18.0504 18
7337400 17.6785 18
7337500 17.4615 18
7337600 17.6835 18
7337700 18.0177 18
7337800 18.4269 18
7337900 18.5324 18
7338000 18.5138 18
7338100 18.4517 18
7338200 18.084 18
7338300 18.0586 18
7338400 18.2537 18
7338500 18.0417 18
7338600 17.6931 18
7338700 17.394 18
7338800 17.3182 18
7338900 17.8115 18
7339000 18.6404 18
7339100 19.1254 18
7339200 19.3389 18
7339300 19.0377 18
7339400 18.5592 18
7339500 18.2086 18
7339600 18.0165 18
7339700 17.7339 18
7339800 17.4135 18
7339900 17.3548 18
7340000 17.4891 18
7340100 17.8133 18
7340200 18.1275 18
7340300 18.4785 18
7340400 18.768 18
7340500 18.7462 18
7340600 18.4294 18
7340700 18.0611 18
7340800 17.7401 18
7340900 17.4421 18
7341000 17.1652 18
7341100 16.9757 18
7341200 17.1527 18
7341300 17.6003 18
7341400 17.7417 18
7341500 17.9045 18
7341600 18.2789 18
7341700 18.4438 18
7341800 18.4427 18
7341900 18.2597 18
7342000 17.8203 18
7342100 17.5116 18
7342200 17.3859 18
7342300 17.4069 18
7342400 17.5848 18
7342500 17.9862 18
7342600 18.5758 18
7342700 18.8467 18
7342800 18.7223 18
7342900 18.2981 18
7343000 17.8264 18
7343100 17.5844 18
7343200 17.7821 18
7343300 18.0559 18
7343400 17.9814 18
7343500 17.6206 18
7343600 17.297 18
7343700 17.4427 18
7343800 17.7872 18
7343900 18.1717 18
7344000 18.5891 18
7344100 18.8908 18
7344200 18.7634 18
7344300 18.3176 18
7344400 17.7485 18
7344500 17.4254 18
7344600 17.4121 18
7344700 17.492 18
7344800 17.8288 18
7344900 18.0584 18
7345000 18.3649 18
7345100 18.7892 18
7345200 19.0314 18
7345300 18.9366 18
7345400 18.6673 18
7345500 18.5898 18
7345600 18.6726 18
7345700 18.5474 18
7345800 18.3144 18
7345900 17.9068 18
7346000 17.4562 18
7346100 17.6708 18
7346200 18.2601 18
7346300 18.5717 18
7346400 18.6803 18
7346500 18.8062 18
7346600 18.9576 18
7346700 19.0825 18
7346800 19.2743 18
7346900 19.2651 18
7347000 19.1094 18
7347100 18.739 18
7347200 18.4552 18
7347300 18.0684 18
7347400 17.6427 18
7347500 17.4108 18
7347600 17.5978 18
7347700 17.9491 18
7347800 17.9307 18
7347900 18.052 18
7348000 18.1811 18
7348100 18.2672 18
7348200 18.3391 18
7348300 17.994 18
7348400 17.775 18
7348500 17.6449 18
7348600 17.6194 18
7348700 17.8174 18
7348800 18.012 18
7348900 18.062 18
7349000 18.145 18
7349100 18.0741 18
7349200 17.8943 18
7349300 17.6628 18
7349400 17.6435 18
7349500 17.7381 18
7349600 17.7437 18
7349700 17.8152 18
7349800 17.8816 18
7349900 17.7015 18
7350000 17.521 18
7350100 17.4699 18
7350200 17.749 18
7350300 18.3959 18
7350400 18.8081 18
7350500 18.9733 18
7350600 18.9743 18
7350700 18.6246 18
7350800 17.95 18
7350900 17.4256 18
7351000 17.1388 18
7351100 17.2814 18
7351200 17.3573 18
7351300 17.5569 18
7351400 18.0179 18
7351500 18.4219 18
7351600 18.4865 18
7351700 18.2341 18
7351800 17.8391 18
7351900 17.8988 18
7352000 17.9066 18
7352100 17.9767 18
7352200 18.0369 18
7352300 17.9089 18
7352400 17.72 18
7352500 17.7274 18
7352600 17.8765 18
7352700 18.1909 18
7352800 18.429 18
7352900 18.6999 18
7353000 18.6869 18
7353100 18.2943 18
7353200 17.6481 18
7353300 17.1974 18
7353400 17.21 18
7353500 17.3357 18
7353600 17.5861 18
7353700 18.1289 18
7353800 18.7901 18
7353900 18.9504 18
7354000 18.561 18
7354100 18.1603 18
7354200 17.9349 18
7354300 18.118 18
7354400 18.4087 18
7354500 18.2316 18
7354600 18.1487 18
7354700 18.3926 18
7354800 18.4586 18
7354900 18.2975 18
7355000 18.1661 18
7355100 18.1202 18
7355200 17.6167 18
7355300 17.0331 18
7355400 16.8665 18
7355500 17.2261 18
7355600 17.5111 18
7355700 17.8861 18
7355800 18.2262 18
7355900 18.5994 18
7356000 18.9985 18
7356100 18.663 18
7356200 18.0734 18
7356300 17.4387 18
7356400 17.0831 18
7356500 17.3049 18
7356600 17.8158 18
7356700 18.018 18
7356800 18.3359 18
7356900 18.4434 18
7357000 18.244 18
7357100 18.0108 18
7357200 17.8619 18
7357300 17.724 18
7357400 17.8204 18
7357500 17.8774 18
7357600 17.9757 18
7357700 17.9121 18
7357800 17.6276 18
7357900 17.4242 18
7358000 17.6451 18
7358100 18.0901 18
7358200 18.53 18
7358300 18.5989 18
7358400 18.6499 18
7358500 18.2711 18
7358600 17.6238 18
7358700 17.1188 18
7358800 17.0126 18
7358900 17.3291 18
7359000 17.7931 18
7359100 17.7647 18
7359200 17.5406 18
7359300 17.471 18
7359400 17.4072 18
7359500 17.5268 18
7359600 17.9038 18
7359700 18.1408 18
7359800 18.0431 18
7359900 17.8545 18
7360000 17.5622 18
7360100 17.2527 18
7360200 17.1125 18
7360300 17.4702 18
7360400 17.9745 18
7360500 18.2268 18
7360600 18.3106 18
7360700 18.4357 18
7360800 18.5252 18
7360900 18.2598 18
7361000 17.789 18
7361100 17.29 18
7361200 17.1242 18
7361300 17.3213 18
7361400 17.928 18
7361500 18.3527 18
7361600 18.8459 18
7361700 19.0074 18
7361800 18.6936 18
7361900 18.1754 18
7362000 17.4383 18
7362100 16.9431 18
7362200 16.6259 18
7362300 16.7675 18
7362400 17.3789 18
7362500 18.3244 18
7362600 18.7643 18
7362700 18.8284 18
7362800 18.5953 18
7362900 18.3469 18
7363000 18.0827 18
7363100 17.9458 18
7363200 18.1078 18
7363300 18.0286 18
7363400 18.0234 18
7363500 18.1478 18
7363600 18.4825 18
7363700 18.6624 18
7363800 18.4253 18
7363900 18.0225 18
7364000 17.5648 18
7364100 17.6746 18
7364200 18.091 18
7364300 18.4099 18
7364400 18.4242 18
7364500 18.3098 18
7364600 18.0833 18
7364700 18.0733 18
7364800 18.2734 18
7364900 18.0207 18
7365000 17.476 18
7365100 17.2472 18
7365200 17.3561 18
7365300 17.5944 18
7365400 17.9012 18
7365500 17.9503 18
7365600 17.922 18
7365700 17.7691 18
7365800 17.6545 18
7365900 17.7114 18
7366000 17.8267 18
7366100 17.9846 18
7366200 17.8075 18
7366300 17.5822 18
7366400 17.7039 18
7366500 17.9853 18
7366600 18.4647 18
7366700 18.7203 18
7366800 18.67 18
7366900 18.6095 18
7367000 18.6398 18
7367100 18.4554 18
7367200 18.2157 18
7367300 17.887 18
7367400 17.5453 18
7367500 17.3934 18
7367600 17.8335 18
7367700 18.3241 18
7367800 18.5565 18
7367900 18.575 18
7368000 18.2107 18
7368100 17.7872 18
7368200 17.753 18
7368300 17.8666 18
7368400 18.2388 18
7368500 18.4786 18
7368600 18.4524 18
7368700 18.3624 18
7368800 18.303 18
7368900 18.1537 18
7369000 18.1359 18
7369100 18.2876 18
7369200 18.438 18
7369300 18.3205 18
7369400 18.0483 18
7369500 17.9941 18
7369600 18.1405 18
7369700 18.3818 18
7369800 18.5113 18
7369900 18.4403 18
7370000 18.3452 18
7370100 18.0729 18
7370200 17.8904 18
7370300 18.1421 18
7370400 18.4311 18
7370500 18.6221 18
7370600 18.6338 18
7370700 18.6099 18
7370800 18.5517 18
7370900 18.1481 18
7371000 17.5787 18
7371100 17.1447 18
7371200 17.0112 18
7371300 17.0969 18
7371400 17.5717 18
7371500 17.8591 18
7371600 17.8706 18
7371700 17.9743 18
7371800 18.0006 18
7371900 17.9583 18
7372000 17.9084 18
7372100 17.9024 18
7372200 17.9028 18
7372300 17.6887 18
7372400 17.5981 18
7372500 17.8003 18
7372600 18.1058 18
7372700 18.2627 18
7372800 18.2566 18
7372900 17.9918 18
7373000 17.6656 18
7373100 17.3533 18
7373200 17.3074 18
7373300 17.485 18
7373400 17.652 18
7373500 17.9983 18
7373600 17.9926 18
7373700 18.0688 18
7373800 18.28 18
7373900 18.2625 18
7374000 18.0838 18
7374100 17.6019 18
7374200 17.0963 18
7374300 17.0118 18
7374400 17.2493 18
7374500 17.8034 18
7374600 18.242 18
7374700 18.4317 18
7374800 18.5821 18
7374900 18.5255 18
7375000 18.2495 18
7375100 17.7319 18
7375200 17.3088 18
7375300 17.1159 18
7375400 17.3127 18
7375500 17.6579 18
7375600 18.1061 18
7375700 18.5313 18
7375800 18.8259 18
7375900 18.9957 18
7376000 18.7811 18
7376100 18.2 18
7376200 17.9705 18
7376300 17.9488 18
7376400 17.7812 18
7376500 17.6202 18
7376600 17.5494 18
7376700 17.7096 18
7376800 17.7904 18
7376900 17.6902 18
7377000 17.8186 18
7377100 17.986 18
7377200 18.3873 18
7377300 18.7769 18
7377400 18.7532 18
7377500 18.6284 18
7377600 18.3398 18
7377700 17.7962 18
7377800 17.5609 18
7377900 17.3374 18
7378000 17.2797 18
7378100 17.4505 18
7378200 17.6365 18
7378300 17.9441 18
7378400 18.338 18
7378500 18.544 18
7378600 18.5005 18
7378700 18.4485 18
7378800 18.6409 18
7378900 18.6577 18
7379000 18.3082 18
7379100 18.0932 18
7379200 18.0905 18
7379300 17.9199 18
7379400 17.9136 18
7379500 17.8991 18
7379600 17.7022 18
7379700 17.4869 18
7379800 17.3623 18
7379900 17.3548 18
7380000 17.4062 18
7380100 17.6047 18
7380200 17.9529 18
7380300 18.3795 18
7380400 18.6006 18
7380500 18.635 18
7380600 18.1954 18
7380700 17.8148 18
7380800 17.8139 18
7380900 17.8866 18
7381000 18.0315 18
7381100 18.4887 18
7381200 18.8535 18
7381300 18.9056 18
7381400 18.6345 18
7381500 18.3972 18
7381600 18.1043 18
7381700 17.6968 18
7381800 17.4076 18
7381900 17.4495 18
7382000 17.5762 18
7382100 17.5922 18
7382200 18.0049 18
7382300 18.6329 18
7382400 18.9226 18
7382500 18.9083 18
7382600 18.7938 18
7382700 18.5783 18
7382800 18.4093 18
7382900 18.58 18
7383000 18.7009 18
7383100 18.765 18
7383200 18.5849 18
7383300 18.4027 18
7383400 18.2918 18
7383500 18.1908 18
7383600 17.8502 18
7383700 17.8484 18
7383800 18.2281 18
7383900 18.6687 18
7384000 18.8253 18
7384100 18.8528 18
7384200 18.4845 18
7384300 17.9139 18
7384400 17.6658 18
7384500 17.7405 18
7384600 18.074 18
7384700 18.2671 18
7384800 18.249 18
7384900 18.1947 18
7385000 18.1124 18
7385100 18.1846 18
7385200 18.0743 18
7385300 17.7656 18
7385400 17.3644 18
7385500 17.1606 18
7385600 17.3486 18
7385700 17.6577 18
7385800 17.72 18
7385900 17.8176 18
7386000 17.9858 18
7386100 17.7106 18
7386200 17.3973 18
7386300 17.6014 18
7386400 18.0859 18
7386500 18.72 18
7386600 19.1213 18
7386700 19.0866 18
7386800 18.7839 18
7386900 18.4114 18
7387000 18.123 18
7387100 18.0036 18
7387200 17.95 18
7387300 18.0363 18
7387400 18.415 18
7387500 18.6051 18
7387600 18.628 18
7387700 18.6388 18
7387800 18.5577 18
7387900 18.3485 18
7388000 18.1101 18
7388100 17.772 18
7388200 17.5291 18
7388300 17.4849 18
7388400 17.4781 18
7388500 17.4251 18
7388600 17.294 18
7388700 17.3945 18
7388800 17.7164 18
7388900 18.1486 18
7389000 18.4878 18
7389100 18.3973 18
7389200 18.2249 18
7389300 18.021 18
7389400 17.8812 18
7389500 17.9288 18
7389600 18.1585 18
7389700 18.5775 18
7389800 18.7606 18
7389900 18.6052 18
7390000 18.2436 18
7390100 17.9064 18
7390200 17.9508 18
7390300 18.2187 18
7390400 18.5953 18
7390500 18.6159 18
7390600 18.5026 18
7390700 18.4047 18
7390800 18.2556 18
7390900 17.9885 18
7391000 17.8126 18
7391100 17.922 18
7391200 18.1426 18
7391300 18.357 18
7391400 18.4668 18
7391500 18.4966 18
7391600 18.5943 18
7391700 18.508 18
7391800 18.2558 18
7391900 18.2598 18
7392000 18.1218 18
7392100 17.8474 18
7392200 17.5077 18
7392300 17.35 18
7392400 17.6961 18
7392500 17.7711 18
7392600 17.8467 18
7392700 18.0476 18
7392800 18.4362 18
7392900 18.842 18
7393000 18.9739 18
7393100 18.5995 18
7393200 18.1471 18
7393300 17.8357 18
7393400 17.3963 18
7393500 17.0282 18
7393600 17.3616 18
7393700 17.9814 18
7393800 18.3072 18
7393900 18.3143 18
7394000 18.4873 18
7394100 18.686 18
7394200 18.6822 18
7394300 18.8332 18
7394400 18.7717 18
7394500 18.5652 18
7394600 18.2645 18
7394700 17.719 18
7394800 17.2659 18
7394900 17.1215 18
7395000 17.4526 18
7395100 18.0544 18
7395200 18.1544 18
7395300 17.9924 18
7395400 17.7063 18
7395500 17.3371 18
7395600 17.3259 18
7395700 17.5181 18
7395800 17.6769 18
7395900 17.7794 18
7396000 17.7549 18
7396100 17.5701 18
7396200 17.5287 18
7396300 17.9523 18
7396400 18.3279 18
7396500 18.4146 18
7396600 18.3454 18
7396700 18.2019 18
7396800 18.2084 18
7396900 18.4837 18
7397000 18.6787 18
7397100 18.9644 18
7397200 18.9678 18
7397300 18.6028 18
7397400 18.1684 18
7397500 18.0426 18
7397600 17.8997 18
7397700 17.9648 18
7397800 18.2122 18
7397900 18.5571 18
7398000 18.7676 18
7398100 18.8989 18
7398200 18.9439 18
7398300 18.5915 18
7398400 18.1976 18
7398500 17.93 18
7398600 17.7313 18
7398700 17.7432 18
7398800 17.8087 18
7398900 18.0092 18
7399000 18.3768 18
7399100 18.7667 18
7399200 18.806 18
7399300 18.6856 18
7399400 18.7713 18
7399500 18.7427 18
7399600 18.5847 18
7399700 18.2995 18
7399800 17.8052 18
7399900 17.3885 18
7400000 17.2449 18
7400100 17.7005 18
7400200 18.3635 18
7400300 18.9772 18
7400400 19.2487 18
7400500 19.1228 18
7400600 18.5887 18
7400700 18.1321 18
7400800 18.0294 18
7400900 17.8687 18
7401000 17.6298 18
7401100 17.4288 18
7401200 17.3904 18
7401300 17.4606 18
7401400 17.6433 18
7401500 17.8698 18
7401600 17.9145 18
7401700 17.729 18
7401800 17.65 18
7401900 17.8226 18
7402000 18.1758 18
7402100 18.5639 18
7402200 18.6033 18
7402300 18.422 18
7402400 17.9974 18
7402500 17.4915 18
7402600 17.2086 18
7402700 17.1227 18
7402800 17.3007 18
7402900 17.8031 18
7403000 18.4483 18
7403100 18.6632 18
7403200 18.4033 18
7403300 18.0334 18
7403400 17.7311 18
7403500 17.5119 18
7403600 17.4616 18
7403700 17.6172 18
7403800 17.7788 18
7403900 17.5779 18
7404000 17.361 18
7404100 17.3608 18
7404200 17.6535 18
7404300 18.1527 18
7404400 18.699 18
7404500 19.1946 18
7404600 19.2073 18
7404700 18.8677 18
7404800 18.764 18
7404900 18.3483 18
7405000 18.0837 18
7405100 18.1487 18
7405200 18.2937 18
7405300 18.378 18
7405400 18.3352 18
7405500 18.5017 18
7405600 18.4901 18
7405700 17.8502 18
7405800 17.2495 18
7405900 16.8712 18
7406000 16.85 18
7406100 17.265 18
7406200 18.0215 18
7406300 18.8321 18
7406400 19.0572 18
7406500 18.7491 18
7406600 18.1986 18
7406700 17.7372 18
7406800 17.4682 18
7406900 17.5269 18
7407000 17.6436 18
7407100 17.8099 18
7407200 17.9189 18
7407300 18.1488 18
7407400 18.2126 18
7407500 17.9765 18
7407600 17.994 18
7407700 18.096 18
7407800 18.2723 18
7407900 18.5027 18
7408000 18.4801 18
7408100 18.1183 18
7408200 17.6985 18
7408300 17.528 18
7408400 17.746 18
7408500 17.8879 18
7408600 18.0472 18
7408700 18.3543 18
7408800 18.6897 18
7408900 18.8371 18
7409000 18.723 18
7409100 18.6118 18
7409200 18.4252 18
7409300 18.1434 18
7409400 17.7072 18
7409500 17.5855 18
7409600 17.67 18
7409700 17.7681 18
7409800 17.7975 18
7409900 17.5244 18
7410000 17.3343 18
7410100 17.4708 18
7410200 17.7934 18
7410300 17.9155 18
7410400 18.1284 18
7410500 18.1831 18
7410600 18.128 18
7410700 17.9673 18
7410800 17.5911 18
7410900 17.2989 18
7411000 17.2796 18
7411100 17.5858 18
7411200 17.9284 18
7411300 18.2683 18
7411400 18.5591 18
7411500 18.7168 18
7411600 18.9063 18
7411700 18.746 18
7411800 18.2765 18
7411900 17.6654 18
7412000 17.3063 18
7412100 17.1884 18
7412200 17.5028 18
7412300 18.0675 18
7412400 18.4517 18
7412500 18.5994 18
7412600 18.5526 18
7412700 18.2312 18
7412800 17.6877 18
7412900 17.2719 18
7413000 17.2431 18
7413100 17.5244 18
7413200 17.8971 18
7413300 18.4787 18
7413400 18.6794 18
7413500 18.7226 18
7413600 18.4171 18
7413700 18.0491 18
7413800 17.7938 18
7413900 17.7469 18
7414000 17.6542 18
7414100 17.6879 18
7414200 17.9269 18
7414300 18.1416 18
7414400 17.9365 18
7414500 17.7084 18
7414600 17.7881 18
7414700 17.8604 18
7414800 17.8217 18
7414900 17.8257 18
7415000 17.5901 18
7415100 17.5686 18
7415200 17.8179 18
7415300 17.8606 18
7415400 17.5966 18
7415500 17.4976 18
7415600 17.4233 18
7415700 17.2655 18
7415800 17.2886 18
7415900 17.5045 18
7416000 17.879 18
7416100 18.1967 18
7416200 18.4967 18
7416300 18.5069 18
7416400 18.1325 18
7416500 17.9487 18
7416600 17.8752 18
7416700 17.7605 18
7416800 17.6532 18
7416900 17.8981 18
7417000 18.2517 18
7417100 18.5437 18
7417200 18.7292 18
7417300 18.7353 18
7417400 18.5315 18
7417500 18.1392 18
7417600 18.0075 18
7417700 18.1753 18
7417800 18.1422 18
7417900 18.0227 18
7418000 17.7204 18
7418100 17.4915 18
7418200 17.523 18
7418300 17.7506 18
7418400 17.9173 18
7418500 18.2332 18
7418600 18.4722 18
7418700 18.3874 18
7418800 18.1913 18
7418900 18.2187 18
7419000 18.2574 18
7419100 17.9628 18
7419200 17.5477 18
7419300 17.4405 18
7419400 17.3775 18
7419500 17.3887 18
7419600 17.6707 18
7419700 17.9881 18
7419800 18.2098 18
7419900 18.5674 18
7420000 18.8071 18
7420100 18.663 18
7420200 18.3083 18
7420300 17.8058 18
7420400 17.5186 18
7420500 17.2526 18
7420600 17.3969 18
7420700 17.5091 18
7420800 17.5849 18
7420900 17.7402 18
7421000 17.7654 18
7421100 18.0214 18
7421200 18.4209 18
7421300 18.4767 18
7421400 18.3381 18
7421500 18.234 18
7421600 18.1381 18
7421700 17.9694 18
7421800 17.8501 18
7421900 17.9053 18
7422000 17.9406 18
7422100 18.0566 18
7422200 18.4137 18
7422300 18.5353 18
7422400 18.7382 18
7422500 18.9876 18
7422600 18.9004 18
7422700 18.5604 18
7422800 18.0182 18
7422900 17.5663 18
7423000 17.5324 18
7423100 17.9267 18
7423200 18.2105 18
7423300 18.0122 18
7423400 17.8311 18
7423500 17.9674 18
7423600 18.2272 18
7423700 18.4202 18
7423800 18.4167 18
7423900 18.5866 18
7424000 18.6419 18
7424100 18.4968 18
7424200 18.1266 18
7424300 17.7084 18
7424400 17.4496 18
7424500 17.3838 18
7424600 17.6307 18
7424700 17.7834 18
7424800 17.7217 18
7424900 17.5568 18
7425000 17.3061 18
7425100 17.4215 18
7425200 17.9651 18
7425300 18.4789 18
7425400 18.762 18
7425500 18.591 18
7425600 18.3925 18
7425700 18.2683 18
7425800 18.2593 18
7425900 18.5779 18
7426000 18.9521 18
7426100 19.0814 18
7426200 19.098 18
7426300 18.9804 18
7426400 18.5286 18
7426500 17.9759 18
7426600 17.7412 18
7426700 17.7534 18
7426800 17.9948 18
7426900 18.1785 18
7427000 18.3817 18
7427100 18.7186 18
7427200 18.8216 18
7427300 18.7455 18
7427400 18.5275 18
7427500 18.2484 18
7427600 18.2264 18
7427700 18.297 18
7427800 18.1607 18
7427900 17.7708 18
7428000 17.5255 18
7428100 17.7518 18
7428200 18.2694 18
7428300 18.3665 18
7428400 18.4084 18
7428500 18.2339 18
7428600 17.6751 18
7428700 17.0987 18
7428800 17.039 18
7428900 17.3385 18
7429000 17.9429 18
7429100 18.6161 18
7429200 18.8344 18
7429300 18.8556 18
7429400 18.7435 18
7429500 18.4325 18
7429600 17.837 18
7429700 17.4011 18
7429800 17.2803 18
7429900 17.124 18
7430000 17.2252 18
7430100 17.5809 18
7430200 17.9826 18
7430300 18.1272 18
7430400 18.2406 18
7430500 18.2112 18
7430600 18.2659 18
7430700 18.2106 18
7430800 17.8332 18
7430900 17.547 18
7431000 17.4858 18
7431100 17.4363 18
7431200 17.7994 18
7431300 18.2644 18
7431400 18.4865 18
7431500 18.4438 18
7431600 18.1196 18
7431700 17.8267 18
7431800 17.8178 18
7431900 17.8087 18
7432000 18.0319 18
7432100 18.5127 18
7432200 19.0077 18
7432300 19.1196 18
7432400 19.0564 18
7432500 18.6439 18
7432600 18.1741 18
7432700 17.6893 18
7432800 17.3647 18
7432900 17.1785 18
7433000 17.0255 18
7433100 17.3918 18
7433200 17.9025 18
7433300 18.205 18
7433400 18.4412 18
7433500 18.0907 18
7433600 17.5721 18
7433700 17.1904 18
7433800 17.2572 18
7433900 17.5189 18
7434000 17.7236 18
7434100 18.0109 18
7434200 18.293 18
7434300 18.5884 18
7434400 18.8118 18
7434500 18.8044 18
7434600 18.6821 18
7434700 18.4267 18
7434800 18.2176 18
7434900 18.1812 18
7435000 18.1216 18
7435100 18.2926 18
7435200 18.3432 18
7435300 18.2544 18
7435400 17.9574 18
7435500 17.7003 18
7435600 17.6951 18
7435700 17.9328 18
7435800 18.2708 18
7435900 18.4873 18
7436000 18.5471 18
7436100 18.2136 18
7436200 17.5443 18
7436300 17.2981 18
7436400 17.5152 18
7436500 18.406 18
7436600 19.1871 18
7436700 19.4435 18
7436800 19.2748 18
7436900 18.4551 18
7437000 17.863 18
7437100 17.7184 18
7437200 17.7605 18
7437300 18.0579 18
7437400 18.3972 18
7437500 18.5503 18
7437600 18.5326 18
7437700 18.715 18
7437800 18.6929 18
7437900 18.4976 18
7438000 18.0638 18
7438100 17.4627 18
7438200 17.3886 18
7438300 17.7975 18
7438400 18.4237 18
7438500 18.7256 18
7438600 18.836 18
7438700 18.6101 18
7438800 18.2425 18
7438900 17.7388 18
7439000 17.5747 18
7439100 17.7082 18
7439200 17.6091 18
7439300 17.5343 18
7439400 17.565 18
7439500 17.7755 18
7439600 18.1486 18
7439700 18.33 18
7439800 18.3008 18
7439900 18.0807 18
7440000 17.8332 18
7440100 17.7306 18
7440200 17.716 18
7440300 17.9215 18
7440400 18.1618 18
7440500 18.2715 18
7440600 18.1038 18
7440700 17.5865 18
7440800 17.4221 18
7440900 17.5866 18
7441000 17.6942 18
7441100 17.8273 18
7441200 18.1217 18
7441300 18.3541 18
7441400 18.4125 18
7441500 18.3847 18
7441600 18.4724 18
7441700 18.5323 18
7441800 18.4304 18
7441900 18.1288 18
7442000 17.7949 18
7442100 17.5506 18
7442200 17.6411 18
7442300 18.0203 18
7442400 18.1969 18
7442500 18.2546 18
7442600 18.0654 18
7442700 17.5614 18
7442800 17.2304 18
7442900 17.2582 18
7443000 17.4246 18
7443100 17.7611 18
7443200 18.1626 18
7443300 18.4512 18
7443400 18.9136 18
7443500 19.2307 18
7443600 19.1568 18
7443700 18.638 18
7443800 17.9896 18
7443900 17.5128 18
7444000 17.1293 18
7444100 17.2795 18
7444200 17.4493 18
7444300 17.651 18
7444400 18.0318 18
7444500 18.1137 18
7444600 17.9554 18
7444700 17.8256 18
7444800 17.8634 18
7444900 18.1664 18
7445000 18.3355 18
7445100 18.4445 18
7445200 18.3207 18
7445300 18.1416 18
7445400 17.9365 18
7445500 17.8991 18
7445600 17.7558 18
7445700 17.6223 18
7445800 17.628 18
7445900 17.6677 18
7446000 18.1007 18
7446100 18.1783 18
7446200 18.1736 18
7446300 18.0937 18
7446400 17.6725 18
7446500 17.2908 18
7446600 17.424 18
7446700 17.7992 18
7446800 17.8694 18
7446900 17.8484 18
7447000 18.0424 18
7447100 18.2172 18
7447200 18.4902 18
7447300 18.1958 18
7447400 17.9595 18
7447500 17.7843 18
7447600 17.9187 18
7447700 18.1091 18
7447800 18.3312 18
7447900 18.7847 18
7448000 19.1666 18
7448100 19.0907 18
7448200 18.7567 18
7448300 18.3902 18
7448400 18.024 18
7448500 17.7316 18
7448600 17.8336 18
7448700 18.1847 18
7448800 18.6553 18
7448900 18.7911 18
7449000 18.6724 18
7449100 18.5889 18
7449200 18.3563 18
7449300 18.1337 18
7449400 18.0358 18
7449500 17.715 18
7449600 17.4016 18
7449700 17.3201 18
7449800 17.5786 18
7449900 18.0482 18
7450000 18.3721 18
7450100 18.549 18
7450200 18.7218 18
7450300 19.0961 18
7450400 19.139 18
7450500 18.753 18
7450600 18.1892 18
7450700 17.7165 18
7450800 17.4103 18
7450900 17.2592 18
7451000 17.3129 18
7451100 17.5932 18
7451200 17.9397 18
7451300 18.3738 18
7451400 18.3293 18
7451500 18.205 18
7451600 18.1549 18
7451700 17.7953 18
7451800 17.4304 18
7451900 17.4697 18
7452000 17.6706 18
7452100 17.799 18
7452200 17.9513 18
7452300 18.3276 18
7452400 18.4346 18
7452500 18.5156 18
7452600 18.4266 18
7452700 18.268 18
7452800 18.3202 18
7452900 18.3075 18
7453000 18.7258 18
7453100 19.0849 18
7453200 18.7874 18
7453300 18.204 18
7453400 17.8301 18
7453500 17.8102 18
7453600 18.2532 18
7453700 18.6119 18
7453800 18.8032 18
7453900 18.7309 18
7454000 18.2459 18
7454100 17.8187 18
7454200 17.9432 18
7454300 18.4137 18
7454400 18.3148 18
7454500 17.9271 18
7454600 17.6625 18
7454700 17.574 18
7454800 17.5289 18
7454900 17.5771 18
7455000 18.0661 18
7455100 18.5339 18
7455200 18.6822 18
7455300 18.6073 18
7455400 18.3093 18
7455500 18.0859 18
7455600 17.9584 18
7455700 17.9239 18
7455800 17.8973 18
7455900 17.9701 18
7456000 17.7395 18
7456100 17.8029 18
7456200 18.067 18
7456300 18.2376 18
7456400 18.3441 18
7456500 18.272 18
7456600 17.9384 18
7456700 17.3849 18
7456800 17.0047 18
7456900 16.6202 18
7457000 16.6692 18
7457100 17.332 18
7457200 18.2985 18
7457300 19.0922 18
7457400 19.0291 18
7457500 18.5339 18
7457600 18.0045 18
7457700 17.5415 18
7457800 17.4057 18
7457900 17.6722 18
7458000 18.0186 18
7458100 18.1702 18
7458200 18.0711 18
7458300 17.8783 18
7458400 17.7703 18
7458500 18.0206 18
7458600 18.1535 18
7458700 18.2693 18
7458800 18.4906 18
7458900 18.6155 18
7459000 18.7178 18
7459100 18.7189 18
7459200 18.7221 18
7459300 18.5925 18
7459400 18.3979 18
7459500 18.0184 18
7459600 17.5771 18
7459700 17.6567 18
7459800 18.0623 18
7459900 18.1128 18
7460000 17.9977 18
7460100 17.9116 18
7460200 17.8032 18
7460300 17.7985 18
7460400 17.7004 18
7460500 17.5998 18
7460600 17.7185 18
7460700 17.729 18
7460800 17.6886 18
7460900 17.5285 18
7461000 17.428 18
7461100 17.5348 18
7461200 17.7342 18
7461300 18.1355 18
7461400 18.5746 18
7461500 18.4145 18
7461600 18.1582 18
7461700 17.9605 18
7461800 17.8159 18
7461900 17.6672 18
7462000 17.5453 18
7462100 17.6419 18
7462200 17.835 18
7462300 18.1924 18
7462400 18.5412 18
7462500 18.6663 18
7462600 18.4004 18
7462700 18.1574 18
7462800 18.1395 18
7462900 18.066 18
7463000 17.915 18
7463100 17.5879 18
7463200 17.5705 18
7463300 17.8625 18
7463400 18.0731 18
7463500 18.1662 18
7463600 18.3169 18
7463700 18.4844 18
7463800 18.1954 18
7463900 17.816 18
7464000 17.2936 18
7464100 17.0902 18
7464200 16.9257 18
7464300 17.1654 18
7464400 17.8836 18
7464500 18.5552 18
7464600 18.6703 18
7464700 18.2958 18
7464800 17.5985 18
7464900 17.16 18
7465000 16.7888 18
7465100 17.022 18
7465200 17.7091 18
7465300 18.2729 18
7465400 18.7202 18
7465500 18.7762 18
7465600 18.6035 18
7465700 18.4069 18
7465800 18.2481 18
7465900 18.1261 18
7466000 17.9219 18
7466100 17.6021 18
7466200 17.4398 18
7466300 17.5417 18
7466400 17.8046 18
7466500 17.9877 18
7466600 18.0907 18
7466700 18.1142 18
7466800 18.2039 18
7466900 18.6814 18
7467000 18.9915 18
7467100 19.1805 18
7467200 19.3015 18
7467300 19.1811 18
7467400 18.6518 18
7467500 17.8615 18
7467600 17.5134 18
7467700 17.583 18
7467800 18.0153 18
7467900 18.3222 18
7468000 18.3352 18
7468100 18.3062 18
7468200 18.4201 18
7468300 18.4547 18
7468400 18.2471 18
7468500 18.0004 18
7468600 17.7228 18
7468700 17.4608 18
7468800 17.28 18
7468900 17.3552 18
7469000 17.5809 18
7469100 17.914 18
7469200 18.2621 18
7469300 18.6807 18
7469400 18.8861 18
7469500 18.8286 18
7469600 18.8293 18
7469700 18.6234 18
7469800 18.5557 18
7469900 18.4631 18
7470000 18.1371 18
7470100 17.6992 18
7470200 17.2834 18
7470300 17.1982 18
7470400 17.4858 18
7470500 18.1278 18
7470600 18.498 18
7470700 18.3912 18
7470800 17.8251 18
7470900 17.331 18
7471000 17.2526 18
7471100 17.4592 18
7471200 17.9137 18
7471300 18.38 18
7471400 18.5112 18
7471500 18.3331 18
7471600 17.9747 18
7471700 17.6316 18
7471800 17.5077 18
7471900 17.5938 18
7472000 17.9174 18
7472100 18.2379 18
7472200 18.2476 18
7472300 18.0246 18
7472400 17.732 18
7472500 17.5608 18
7472600 17.4747 18
7472700 17.5628 18
7472800 17.5736 18
7472900 18.0119 18
7473000 18.2817 18
7473100 18.1716 18
7473200 17.9474 18
7473300 17.8059 18
7473400 17.6673 18
7473500 17.5959 18
7473600 17.5068 18
7473700 17.7036 18
7473800 17.8042 18
7473900 17.8695 18
7474000 18.0805 18
7474100 18.2047 18
7474200 18.4684 18
7474300 18.832 18
7474400 18.8117 18
7474500 18.4478 18
7474600 18.1026 18
7474700 17.6956 18
7474800 16.9578 18
7474900 16.7604 18
7475000 17.3111 18
7475100 18.2722 18
7475200 19.2418 18
7475300 19.5553 18
7475400 19.2545 18
7475500 18.8438 18
7475600 18.1161 18
7475700 17.7027 18
7475800 17.8333 18
7475900 18.1174 18
7476000 18.4739 18
7476100 18.7056 18
7476200 18.7746 18
7476300 18.5994 18
7476400 17.9927 18
7476500 17.6507 18
7476600 17.6765 18
7476700 17.881 18
7476800 18.1397 18
7476900 18.16 18
7477000 18.1594 18
7477100 17.9062 18
7477200 17.6579 18
7477300 17.4771 18
7477400 17.4312 18
7477500 17.7993 18
7477600 18.3832 18
7477700 18.575 18
7477800 18.1221 18
7477900 17.6314 18
7478000 17.539 18
7478100 17.7967 18
7478200 17.9719 18
7478300 17.9909 18
7478400 17.8599 18
7478500 17.7683 18
7478600 17.969 18
7478700 18.1666 18
7478800 18.1066 18
7478900 17.9153 18
7479000 17.8491 18
7479100 17.9591 18
7479200 18.0982 18
7479300 18.0797 18
7479400 18.035 18
7479500 18.0286 18
7479600 17.8082 18
7479700 17.6495 18
7479800 17.8731 18
7479900 18.2024 18
7480000 18.2579 18
7480100 18.3255 18
7480200 18.3431 18
7480300 18.26 18
7480400 18.016 18
7480500 17.8256 18
7480600 17.2822 18
7480700 16.9764 18
7480800 16.9534 18
7480900 17.3256 18
7481000 17.714 18
7481100 17.7455 18
7481200 17.853 18
7481300 17.9136 18
7481400 17.6935 18
7481500 17.8069 18
7481600 17.945 18
7481700 18.3498 18
7481800 18.649 18
7481900 18.7624 18
7482000 18.9585 18
7482100 18.7193 18
7482200 18.4455 18
7482300 18.2298 18
7482400 18.0178 18
7482500 17.5714 18
7482600 17.2154 18
7482700 17.2592 18
7482800 17.4882 18
7482900 17.9232 18
7483000 18.1136 18
7483100 18.3437 18
7483200 18.7313 18
7483300 18.8593 18
7483400 18.6346 18
7483500 18.1766 18
7483600 17.8978 18
7483700 18.1712 18
7483800 18.6035 18
7483900 18.8899 18
7484000 18.9295 18
7484100 18.6269 18
7484200 18.1644 18
7484300 17.9481 18
7484400 18.061 18
7484500 17.8191 18
7484600 17.5684 18
7484700 17.5656 18
7484800 17.6184 18
7484900 17.7634 18
7485000 18.0673 18
7485100 18.1547 18
7485200 18.0702 18
7485300 17.987 18
7485400 18.0301 18
7485500 18.068 18
7485600 18.1998 18
7485700 18.3297 18
7485800 18.5985 18
7485900 18.3451 18
7486000 17.9048 18
7486100 17.9013 18
7486200 17.6886 18
7486300 17.732 18
7486400 18.2255 18
7486500 18.57 18
7486600 18.5913 18
7486700 18.3173 18
7486800 18.1631 18
7486900 18.1575 18
7487000 17.9242 18
7487100 17.6424 18
7487200 17.8627 18
7487300 18.4099 18
7487400 18.8212 18
7487500 18.8338 18
7487600 18.3161 18
7487700 18.0143 18
7487800 17.9271 18
7487900 17.9505 18
7488000 17.8273 18
7488100 17.8688 18
7488200 18.1203 18
7488300 18.4477 18
7488400 18.6209 18
7488500 18.7344 18
7488600 18.3797 18
7488700 17.9557 18
7488800 17.6313 18
7488900 17.8026 18
7489000 18.3938 18
7489100 18.8737 18
7489200 18.8486 18
7489300 18.2923 18
7489400 17.711 18
7489500 17.2856 18
7489600 17.0109 18
7489700 16.9356 18
7489800 17.1751 18
7489900 17.6514 18
7490000 18.0313 18
7490100 18.3914 18
7490200 18.5989 18
7490300 18.4731 18
7490400 18.5277 18
7490500 18.3902 18
7490600 18.0325 18
7490700 17.6722 18
7490800 17.4713 18
7490900 17.5001 18
7491000 17.6401 18
7491100 17.8258 18
7491200 18.1422 18
7491300 18.0423 18
7491400 17.5721 18
7491500 17.2959 18
7491600 17.4129 18
7491700 17.6538 18
7491800 18.014 18
7491900 18.4079 18
7492000 18.8594 18
7492100 18.6087 18
7492200 18.2931 18
7492300 18.3248 18
7492400 18.5265 18
7492500 18.4385 18
7492600 18.0765 18
7492700 17.9667 18
7492800 18.115 18
7492900 18.2211 18
7493000 18.2577 18
7493100 18.108 18
7493200 18.023 18
7493300 18.1139 18
7493400 17.8892 18
7493500 17.5608 18
7493600 17.4175 18
7493700 17.435 18
7493800 17.6905 18
7493900 18.1785 18
7494000 18.4025 18
7494100 18.2626 18
7494200 18.0886 18
7494300 17.9076 18
7494400 17.7563 18
7494500 17.7521 18
7494600 17.8459 18
7494700 18.0281 18
7494800 18.0343 18
7494900 17.8705 18
7495000 17.862 18
7495100 17.9822 18
7495200 18.1453 18
7495300 18.2603 18
7495400 18.4338 18
7495500 18.4391 18
7495600 18.1248 18
7495700 17.659 18
7495800 17.5409 18
7495900 17.9251 18
7496000 17.9455 18
7496100 17.7175 18
7496200 17.5861 18
7496300 17.3867 18
7496400 17.4752 18
7496500 17.915 18
7496600 18.2631 18
7496700 18.3547 18
7496800 18.4451 18
7496900 18.3105 18
7497000 18.0783 18
7497100 17.8649 18
7497200 17.6095 18
7497300 17.3608 18
7497400 17.582 18
7497500 17.884 18
7497600 18.2266 18
7497700 18.4557 18
7497800 18.5525 18
7497900 18.4032 18
7498000 18.1006 18
7498100 17.9508 18
7498200 17.8509 18
7498300 17.6886 18
7498400 17.5408 18
7498500 17.6252 18
7498600 17.6803 18
7498700 17.7416 18
7498800 17.8686 18
7498900 18.0148 18
7499000 18.3817 18
7499100 18.9763 18
7499200 19.2176 18
7499300 18.7541 18
7499400 18.1406 18
7499500 17.6837 18
7499600 17.7264 18
7499700 18.0204 18
7499800 18.2857 18
7499900 18.5619 18
7500000 18.4657 18
7500100 18.1918 18
7500200 18.177 18
7500300 18.1419 18
7500400 18.0403 18
7500500 17.8532 18
7500600 17.7158 18
7500700 17.8062 18
7500800 18.0262 18
7500900 18.0997 18
7501000 18.2649 18
7501100 18.5632 18
7501200 18.6256 18
7501300 18.2894 18
7501400 17.972 18
7501500 17.9573 18
7501600 18.2784 18
7501700 18.8201 18
7501800 18.8245 18
7501900 18.1637 18
7502000 17.5448 18
7502100 17.2004 18
7502200 17.0963 18
7502300 17.3295 18
7502400 17.7372 18
7502500 17.9355 18
7502600 18.1201 18
7502700 18.358 18
7502800 18.4415 18
7502900 18.1878 18
7503000 17.6553 18
7503100 17.1145 18
7503200 16.7139 18
7503300 16.596 18
7503400 16.9761 18
7503500 17.362 18
7503600 17.5692 18
7503700 17.8384 18
7503800 17.9166 18
7503900 18.0114 18
7504000 18.2381 18
7504100 18.2801 18
7504200 18.0833 18
7504300 17.8183 18
7504400 17.7257 18
7504500 17.764 18
7504600 17.9294 18
7504700 18.0451 18
7504800 18.2096 18
7504900 18.3498 18
7505000 18.6197 18
7505100 18.8556 18
7505200 18.5659 18
7505300 18.0322 18
7505400 17.468 18
7505500 16.9158 18
7505600 16.9247 18
7505700 17.5703 18
7505800 18.1835 18
7505900 18.5542 18
7506000 18.5533 18
7506100 18.2444 18
7506200 17.7549 18
7506300 17.3188 18
7506400 17.0068 18
7506500 16.8029 18
7506600 17.1749 18
7506700 17.941 18
7506800 18.4477 18
7506900 18.6354 18
7507000 18.4504 18
7507100 18.1985 18
7507200 17.8835 18
7507300 17.6855 18
7507400 17.5911 18
7507500 17.5699 18
7507600 17.741 18
7507700 17.9105 18
7507800 17.9117 18
7507900 17.9584 18
7508000 18.0993 18
7508100 18.3383 18
7508200 18.6974 18
7508300 18.9344 18
7508400 18.6214 18
7508500 18.1878 18
7508600 17.9752 18
7508700 17.8703 18
7508800 17.8638 18
7508900 17.8769 18
7509000 18.0481 18
7509100 18.3089 18
7509200 18.6612 18
7509300 18.8089 18
7509400 18.6617 18
7509500 18.4421 18
7509600 18.3347 18
7509700 18.0082 18
7509800 17.6179 18
7509900 17.6 18
7510000 17.7333 18
7510100 17.9645 18
7510200 18.29 18
7510300 18.4322 18
7510400 18.1577 18
7510500 17.7553 18
7510600 17.383 18
7510700 17.2056 18
7510800 17.359 18
7510900 17.6751 18
7511000 17.9678 18
7511100 18.4057 18
7511200 18.419 18
7511300 18.0886 18
7511400 17.7621 18
7511500 17.6311 18
7511600 17.821 18
7511700 17.8151 18
7511800 17.6963 18
7511900 17.7363 18
7512000 17.8106 18
7512100 17.7339 18
7512200 18.0833 18
7512300 18.6222 18
7512400 18.8146 18
7512500 18.6347 18
7512600 18.2838 18
7512700 17.9968 18
7512800 17.9764 18
7512900 18.1783 18
7513000 18.329 18
7513100 18.3721 18
7513200 18.3383 18
7513300 18.2784 18
7513400 18.1192 18
7513500 18.1377 18
7513600 18.2022 18
7513700 18.2075 18
7513800 18.2971 18
7513900 18.4986 18
7514000 18.5943 18
7514100 18.3615 18
7514200 17.92 18
7514300 17.3933 18
7514400 17.2261 18
7514500 17.2745 18
7514600 17.5689 18
7514700 18.2659 18
7514800 18.9088 18
7514900 19.3046 18
7515000 18.8943 18
7515100 18.1071 18
7515200 17.5616 18
7515300 17.3677 18
7515400 17.4033 18
7515500 17.5469 18
7515600 17.776 18
7515700 18.0568 18
7515800 18.1821 18
7515900 18.3684 18
7516000 18.4493 18
7516100 18.3134 18
7516200 18.3136 18
7516300 18.4818 18
7516400 18.3072 18
7516500 18.0114 18
7516600 17.9676 18
7516700 17.8882 18
7516800 17.7118 18
7516900 17.5239 18
7517000 17.7239 18
7517100 18.0523 18
7517200 18.3064 18
7517300 18.3238 18
7517400 18.2461 18
7517500 18.0478 18
7517600 17.9123 18
7517700 18.1961 18
7517800 18.4166 18
7517900 18.2464 18
7518000 18.0727 18
7518100 18.052 18
7518200 17.931 18
7518300 17.7766 18
7518400 17.6776 18
7518500 17.6508 18
7518600 17.5453 18
7518700 17.639 18
7518800 17.8439 18
7518900 18.0655 18
7519000 18.0207 18
7519100 17.8741 18
7519200 17.7825 18
7519300 17.8404 18
7519400 17.9788 18
7519500 18.0192 18
7519600 17.9868 18
7519700 18.1185 18
7519800 18.2063 18
7519900 18.1815 18
7520000 18.0121 18
7520100 18.03 18
7520200 17.9472 18
7520300 18.0398 18
7520400 18.4052 18
7520500 18.662 18
7520600 18.4231 18
7520700 18.0782 18
7520800 18.2723 18
7520900 18.6427 18
7521000 18.8276 18
7521100 18.7864 18
7521200 18.6786 18
7521300 18.2538 18
7521400 17.7406 18
7521500 17.3332 18
7521600 17.4883 18
7521700 17.6738 18
7521800 17.7578 18
7521900 18.0116 18
7522000 18.3561 18
7522100 18.6156 18
7522200 18.7553 18
7522300 18.5326 18
7522400 17.8266 18
7522500 17.4569 18
7522600 17.5322 18
7522700 17.7477 18
7522800 18.1349 18
7522900 18.5261 18
7523000 18.5685 18
7523100 18.2107 18
7523200 17.9627 18
7523300 17.8114 18
7523400 17.7415 18
7523500 17.8188 18
7523600 18.1809 18
7523700 18.2504 18
7523800 18.1371 18
7523900 17.8424 18
7524000 17.5739 18
7524100 17.4051 18
7524200 17.4205 18
7524300 17.7321 18
7524400 18.237 18
7524500 18.4698 18
7524600 18.4111 18
7524700 18.405 18
7524800 18.3592 18
7524900 18.0403 18
7525000 17.6311 18
7525100 17.198 18
7525200 16.9971 18
7525300 17.2668 18
7525400 17.7797 18
7525500 18.2469 18
7525600 18.8426 18
7525700 18.9052 18
7525800 18.4787 18
7525900 17.9471 18
7526000 17.6521 18
7526100 17.4065 18
7526200 17.3352 18
7526300 17.4354 18
7526400 17.6185 18
7526500 17.8668 18
7526600 18.2232 18
7526700 18.1883 18
7526800 18.0306 18
7526900 17.7647 18
7527000 17.4707 18
7527100 17.4293 18
7527200 17.6608 18
7527300 17.681 18
7527400 17.5867 18
7527500 17.4877 18
7527600 17.4594 18
7527700 17.5601 18
7527800 17.6431 18
7527900 17.6048 18
7528000 17.8308 18
7528100 18.0151 18
7528200 17.896 18
7528300 17.646 18
7528400 17.5699 18
7528500 17.4733 18
7528600 17.8293 18
7528700 17.9822 18
7528800 17.7808 18
7528900 17.6113 18
7529000 17.4389 18
7529100 17.5839 18
7529200 17.9848 18
7529300 18.4352 18
7529400 18.93 18
7529500 19.2636 18
7529600 19.0602 18
7529700 18.6158 18
7529800 18.2545 18
7529900 18.2686 18
7530000 18.3268 18
